   29.677674782351161     
   30.677674782351161     
   31.677674782351161     
   32.677674782351161     
   33.677674782351161     
   34.677674782351161     
   35.677674782351161     
   36.677674782351161     
   37.677674782351161     
   38.677674782351161     
   39.677674782351161     
   40.677674782351161     
   41.677674782351161     
   42.677674782351161     
   43.677674782351161     
   44.677674782351161     
   45.677674782351161     
   46.677674782351161     
   47.677674782351161     
   48.677674782351161     
   49.677674782351161     
   50.677674782351161     
   51.677674782351161     
   52.677674782351161     
   53.677674782351161     
   54.677674782351161     
   55.677674782351161     
   56.677674782351161     
   57.677674782351161     
   58.677674782351161     
   59.677674782351161     
   60.677674782351161     
   61.677674782351161     
   62.677674782351161     
   63.677674782351161     
   64.677674782351161     
   65.677674782351161     
   66.677674782351161     
   67.677674782351161     
   68.677674782351161     
   69.677674782351161     
   70.677674782351161     
   71.677674782351161     
   72.677674782351161     
   73.677674782351161     
   74.677674782351161     
   75.677674782351161     
   76.677674782351161     
   77.677674782351161     
   78.677674782351161     
   79.677674782351161     
   80.677674782351161     
   81.677674782351161     
   82.677674782351161     
   83.677674782351161     
   84.677674782351161     
   85.677674782351161     
   86.677674782351161     
   87.677674782351161     
   88.677674782351161     
   89.677674782351161     
   90.677674782351161     
   91.677674782351161     
   92.677674782351161     
   93.677674782351161     
   94.677674782351161     
   95.677674782351161     
   96.677674782351161     
   97.677674782351161     
   98.677674782351161     
   99.677674782351161     
   100.67767478235116     
   101.67767478235116     
   102.67767478235116     
   103.67767478235116     
   104.67767478235116     
   105.67767478235116     
   106.67767478235116     
   107.67767478235116     
   108.67767478235116     
