   5.39424675827389561080149148950645822      
   34.8200764449463245521073309696991871      
   131.409402348010239272957814760555484      
   374.105240925634900672694607950981777      
   886.974920463985820169514785653995279      
   1888.47551120195305645722915601944978      
   3837.65411417318803484033635538607605      
   7652.99303857383724896620826364323059      
   14860.4993888136373654238580520435333      
   27540.8570318122262075669715153461991      
   48065.6618287356378695723178513344485      
   78757.2313389107360841248120066780876      
   121594.736224730842440407876610768808      
   178054.012784062786428522972474418125      
   249087.573807025894806459047336713864      
   335215.763857822765112111889768194866      
   436595.488543377235151618276409092135      
   553165.048756630318776764057785632845      
   684912.230440548396516045030075543743      
   831649.647988805611431633522621603333      
   993214.087142343021766501538210628475      
   1169574.05770978840531779811741027265      
   1360847.41554896740565434252710835595      
   1567021.79789360656367720890259295171      
   1788159.97612676363415094403021336456      
   2024438.03281767302701071956655585332      
   2276157.26294911331702738688814187026      
   2543755.51134047439553043030168374268      
   2827552.37111531047694870811518726994      
   3127806.62316286374613880150499802204      
   3445571.64285592173129738712425548506      
   3781729.96583790984807484623219106156      
   4136952.33710890612384101853170951285      
   4512991.42788211696463286790970739776      
   4911615.74039951754878475418595116691      
   5335297.68138887238861485572875147054      
   5787594.75342473964701034003601532473      
   6273271.24330785067763952378854277739      
   6799139.69000642534539532972135348102      
   7375612.90025050248309979558202439522      
   8017079.62136833405101285345230748994      
   8739482.25532206872610824587143024051      
   9553954.05800885437193864322553995033      
   10427752.2122407140425448432385991755      
   11206177.0599548851203758460715381034      
   11679544.6760471574251145075066236141      
   11817286.9903533349228588600066132589      
   11820318.7062989935928192387832296235      
   11904246.9157435005321416927276443763      
   12154835.6500112020069348172278862840      
   12571697.2300248231068552447295934714      
   13129703.2314753872072916489145994110      
   13801750.6160849510718438005503131505      
   14566169.5289460595233623700941072543      
   15407597.5443379000573552829032701152      
   16315677.3370245808698634678721654324      
   17283575.8255254439480669189044029238      
   18306911.9772922236173118355427412014      
   19382929.9489153722294367643902892357      
   20509980.0825665104876516181759564996      
   21687217.4215676605042966427384511459      
   22914322.6436170448823503413101304576      
   24191322.1755751008992905693418881046      
   25518496.7771819227313727557712942875      
   26896298.0901315671997806568833934969      
   28325340.0919611790203612338973408095      
   29806306.9985855510180779701184951845      
   31339960.1745883406570453682973447169      
   32927106.8442808018826885395460551930      
   34568551.6477060308184805703494923378      
   36265171.2479421266789683856832672845      
   38017802.0944898385521337098272448136      
   39827365.8384838593552531601674237216      
   41694707.5663193507965732924623968195      
   43620720.0408492024156881886440177216      
   45606310.2933834037952076001119746398      
   47652337.7138849510179543004499965658      
   49759680.8542250734213837526558588440      
   51929268.5779157494893324994812945520      
   54161961.8925177793994181678955457486      
   56458603.2633651437760211360361734362      
   58820143.1672195592042436948207500153      
   61247400.9132604845497050798972072970      
   63741284.1144213304330465789481670418      
   66302657.3054305154099199602517192517      
   68932321.8561817278880063708143299507      
   71631243.7856775639614945999740149544      
   74400269.2331552947302139209366321350      
   77240195.2376723852179658080843570688      
   80151974.7618506901825432391779312033      
   83136409.7742954449841694985482744401      
   86194377.6237487467138035965090862322      
   89326819.1472754746969515572893251760      
   92534476.1444833201973009846169452427      
   95818237.3532029702420890124986950493      
   99179061.8600895231501766664101207787      
   102617674.627237685940709195080955840      
   106135071.637897914584581661869305427      
   109732130.558141422271901620584445056      
   113409449.896112456889769160400947471      
   117168115.135836840491600889794300496      
   121009254.354551214846190313679452071      
   124933224.509054137436129353880655353      
   128940963.140352142875206409369448114      
   133034003.354972659809746705747309427      
   137212536.554674904563949434985994226      
   141477265.468625696021395547314114688      
   145829633.303848335386989347510803299      
   150270733.493702773296238074443945274      
   154800582.933429913561241904814572699      
   159420268.757909835995648777701137375      
   164131168.871267746668904713561641983      
   168934423.497456710541831349486296848      
   173829714.604368522206034535171611466      
   178818690.224978473750994023596000073      
   183902442.567027792732297261738554055      
   189081398.586570115977831531096435571      
   194356623.714419118463367515400035487      
   199729064.444853906194003965974458231      
   205199567.768589824556436329894444135      
   210769023.459001418589365848126903951      
   216438325.212827235360147895421198194      
   222208296.334844113039209252653375220      
   228080030.386326938968663205671958420      
   234054258.710548701286608502224138443      
