   8088153109149629.39050314865014820655      
   8088153109149362.42922806487164883848      
   8088153109148611.09021129800169450964      
   8088153109146835.90756933569768570395      
   8088153109143055.31756959185460264129      
   8088153109135369.55335875559727991987      
   8088153109120058.75518067615668964775      
   8088153109090385.92793828487151600905      
   8088153109035501.31154281359244916268      
   8088153108939841.19659160147062538018      
   8088153108783219.84844825725076754991      
   8088153108541482.97630111343781367152      
   8088153108187483.75633055970681584406      
   8088153107692154.43216640332271640326      
   8088153107025357.61758409296772361248      
   8088153106156613.71688070888046003751      
   8088153105055518.54776278594153956364      
   8088153103691748.59157480070503992448      
   8088153102035296.87566140152499843171      
   8088153100056411.92792892916010064758      
   8088153097725695.93164241993410431501      
   8088153095013212.79111658232775105767      
   8088153091889127.36774516682424067231      
   8088153088323601.18177081620971981355      
   8088153084286242.23301981591058144438      
   8088153079746088.64709363163840868775      
   8088153074671909.06729295204489424420      
   8088153069030663.56555524803471584391      
   8088153062789869.37317125879392506072      
   8088153055914296.66451614850571267146      
   8088153048367062.45665805619211292249      
   8088153040110838.85989716675969852990      
   8088153031103177.61309284483836557801      
   8088153021299103.25142015593578839142      
   8088153010649403.24076403806346474267      
   8088152999095904.14267920304286471015      
   8088152986572323.76059406896523239824      
   8088152972998795.91689358614592445917      
   8088152958274118.81386237108015141526      
   8088152942269058.77820443006639162913      
   8088152924821058.94957644958899460174      
   8088152905751440.97741686072151066477      
   8088152884953071.12204250754070068014      
   8088152862599257.76928182997462805481      
   8088152839280858.07929601147647380270      
   8088152815663297.51781486091844725408      
   8088152792017349.88173782448440352760      
   8088152768201481.63557634274908048934      
   8088152743895140.47441322758035828384      
   8088152718765849.60931121223502347425      
   8088152692529392.79625377402456361860      
   8088152664955950.64269834198404336700      
   8088152635859365.53672556586971587999      
   8088152605084530.58697741576795659391      
   8088152572497389.25255417234945152279      
   8088152537977831.42884985259750534135      
   8088152501414653.71334289700759508177      
   8088152462702299.60695738151873499227      
   8088152421738536.90176060075516556794      
   8088152378422972.47424178993998662626      
   8088152332655788.80616395646699938113      
   8088152284337231.15082583297855365299      
   8088152233366907.60005994260763209636      
   8088152179643615.00424707529086986585      
   8088152123064893.58784714792084965477      
   8088152063526887.24327743102063740556      
   8088152000924311.38681813827019375859      
   8088151935150206.94222083886230159882      
   8088151866096006.37844759561391739557      
   8088151793651398.10992826386003900878      
   8088151717704411.06483744690309676834      
   8088151638141282.84788894398025993222      
   8088151554846366.56813990259429939574      
   8088151467702508.76627675274583963248      
   8088151376590511.18840297586273255497      
   8088151281389600.29916108599487710017      
   8088151181977186.20214396498947734791      
   8088151078228788.50743601369087497615      
   8088150970018264.43270231119620704979      
   8088150857217771.73322512954022630444      
   8088150739697534.14810597805299305450      
   8088150617326132.24336945654589233964      
   8088150489970543.28940461932504550971      
   8088150357495542.20591102372333111234      
   8088150219764868.26224694450810783278      
   8088150076639864.87975241286728051836      
   8088149927980430.09926121879239589371      
   8088149773644843.54572698340177994841      
   8088149613489403.17636079960382449079      
   8088149447368844.08362696146268208067      
   8088149275136223.04284401598532831465      
   8088149096642479.88533068209337124638      
   8088148911737347.24339916487603478409      
   8088148720268687.32801743014848719609      
   8088148522082248.14048395149071877218      
   8088148317022722.27147086326252412459      
   8088148104932498.53595165835856589578      
   8088147885652198.25193596429627101128      
   8088147659021503.03812184923206612171      
   8088147424877515.44950485711010380093      
   8088147183055652.95688440235687510695      
   8088146933390193.76802263253523730003      
   8088146675713332.94955756936870853568      
   8088146409855091.90237810395906826403      
   8088146135643987.76117569682245959060      
   8088145852908493.01628468394425010377      
   8088145561472170.14521004791037806728      
   8088145261158816.79959017203826988820      
   8088144951789792.47854953057954410268      
   8088144633186584.62149644116834966683      
   8088144305165651.84331967985983491334      
   8088143967543219.26954130170517181207      
   8088143620135258.57267443300951212035      
   8088143262754008.10850850531672133828      
   8088142895210187.50198251928120050328      
   8088142517313505.23597143127875925411      
   8088142128871392.69246031591347427525      
   8088141729689260.48261661091430050393      
   8088141319571421.99041630356960761936      
   8088140898319663.04947404790505689851      
   8088140465734521.56827741159919375157      
   8088140021614681.89540004556536436069      
   8088139565756677.17764296770468822502      
   8088139097955412.73720454881156905879      
   8088138618004395.56455299124110672280      
