   8088153109149712.70344528452155432024      
   8088153109149713.64670212860210868518      
   8088153109149712.11036243782227721059      
   8088153109149687.38474388557138565047      
   8088153109149567.34073900090833801873      
   8088153109149170.68586583617828231121      
   8088153109148132.25698430117720591753      
   8088153109145831.94142902843877268419      
   8088153109141355.40040071611964237440      
   8088153109133507.48290425916530404019      
   8088153109120879.31053854842976361898      
   8088153109101950.26616876789953972625      
   8088153109075197.17950096722156402406      
   8088153109039186.23046033171209511382      
   8088153108992633.00386476508890378281      
   8088153108934427.07123506253294255644      
   8088153108863625.29337151555510235495      
   8088153108779422.08673733912886809946      
   8088153108681105.51839904824799847363      
   8088153108568006.85054519504647015538      
   8088153108439448.52345774521533855721      
   8088153108294694.16537120000543480049      
   8088153108132901.09704022844270249280      
   8088153107953074.21645041140603070873      
   8088153107754020.85323614983805586703      
   8088153107534303.41624939193432664714      
   8088153107292188.07018710653936885945      
   8088153107025586.92005125968294125451      
   8088153106731990.58557820406360118742      
   8088153106408390.84046722068144054819      
   8088153106051191.13726167137586211750      
   8088153105656103.00559935880850891306      
   8088153105218025.76336750613115509582      
   8088153104730912.23142284198240490115      
   8088153104187613.44982165571253143917      
   8088153103579718.62229934023342868294      
   8088153102897353.52089521857094233694      
   8088153102128981.02463916115040282358      
   8088153101261165.80599397218586987714      
   8088153100278326.11804144329495396340      
   8088153099162467.97629841938478343754      
   8088153097892888.70208116438790443576      
   8088153096445848.94477408867697012466      
   8088153094794260.21677534561447444131      
   8088153092907293.57920844394419261549      
   8088153090750022.44486202385957298189      
   8088153088282920.18851308636061744374      
   8088153085461548.26216566439146667556      
   8088153082236110.53183058065370410281      
   8088153078550865.24551395841805239307      
   8088153074343734.49616216568776721346      
   8088153069545915.82457631179676624950      
   8088153064081306.87651203171219949691      
   8088153057866106.94592788373128999270      
   8088153050808502.45378441101718395428      
   8088153042808212.23641363823564665991      
   8088153033756309.03047460634379222169      
   8088153023534877.35405140254833682763      
   8088153012017129.26139409953663023112      
   8088152999067156.20616012462170392894      
   8088152984540437.96904026671304948487      
   8088152968284044.00561096370170511161      
   8088152950137918.55059784778743644552      
   8088152929936522.65554478648846543128      
   8088152907512116.01637208282924530571      
   8088152882699569.30951568273314602944      
   8088152855343780.16319719395293495745      
   8088152825308036.28536825141930024022      
   8088152792480864.80164293393477515075      
   8088152756775732.77290825863541020701      
   8088152718119403.71568934973974083005      
   8088152676433163.65575321799362749735      
   8088152631617109.01816793122588619344      
   8088152583547982.92613413043526542946      
   8088152532087981.82189248027985206766      
   8088152477096275.23879170671785628511      
   8088152418436819.80845380432175117935      
   8088152355980276.69727055712734778252      
   8088152289603610.72063973297856167861      
   8088152219187857.08201660056202235947      
   8088152144615824.37475063944873961835      
   8088152065770901.52272898047794568582      
   8088151982535617.56049043508514622032      
   8088151894790538.52965811706353375325      
   8088151802414275.68894054021539337818      
   8088151705283307.92938460378195652395      
   8088151603271778.08654292216509886383      
   8088151496250811.97039187908825971871      
   8088151384089568.44221523236574960918      
   8088151266654846.35873937770378354611      
   8088151143811154.85247044718740322584      
   8088151015420687.12958013876816292919      
   8088150881343466.11111522150914402395      
   8088150741437406.03644133843456606216      
   8088150595558274.25742250432668355078      
   8088150443560027.65505969844928739042      
   8088150285294361.07939969293833715452      
   8088150120611330.98196912955527934468      
   8088149949358742.29161429498731358031      
   8088149771382853.81054022786650321668      
   8088149586527763.56870421426163366395      
   8088149394635866.87046422584171610683      
   8088149195547593.56768183010191609200      
   8088148989101571.34764022524589705248      
   8088148775134593.06494558031984196036      
   8088148553481689.54018959739014194357      
   8088148323976042.44972414871451315676      
   8088148086449075.48669615107107678034      
   8088147840730322.30098335757978156215      
   8088147586647623.22679341203840699091      
   8088147324026947.05338242550235841166      
   8088147052692465.83874491664103379123      
   8088146772466530.60742791016909179497      
   8088146483169756.31748624084675255812      
   8088146184620907.31813087591049132516      
   8088145876636977.28143375374674124527      
   8088145559033137.04198184451174396918      
   8088145231622800.69679870915232627448      
   8088144894217496.15610262815259792410      
   8088144546627042.39916008384779698166      
   8088144188659355.56884730148175970208      
   8088143820120641.76002208261426017818      
   8088143440815168.24060700489942322619      
   8088143050545565.28596730070269249860      
   8088142649112433.81831804143399738787      
