   8088153109149712.37106885150963873909      
   8088153109149712.57838760584370397036      
   8088153109149713.40542788127659448293      
   8088153109149713.26545835360242957777      
   8088153109149697.68226132903272459270      
   8088153109149610.70647159527033677462      
   8088153109149302.57202127464568545967      
   8088153109148457.56703952451264751523      
   8088153109146519.68594370872149396622      
   8088153109142643.59913169506293687244      
   8088153109135694.95451197823859006576      
   8088153109124306.11550311936791837330      
   8088153109106972.42581805573075154348      
   8088153109082162.18625856314367225490      
   8088153109048414.25958616631591199461      
   8088153109004406.19648679442568372545      
   8088153108948986.86906511326089668293      
   8088153108881176.37124831816085933963      
   8088153108800140.80697131773441611782      
   8088153108705150.92175169050835418626      
   8088153108595532.61472538880019561916      
   8088153108470614.89092607371720247515      
   8088153108329679.42467211059666293456      
   8088153108171912.01747035054125484037      
   8088153107996357.08477482230422730622      
   8088153107801871.72425745675614692544      
   8088153107587079.39410918442096944288      
   8088153107350319.68910800316631895708      
   8088153107089592.26651981457653721626      
   8088153106802491.83604913332192109729      
   8088153106486133.03490908289833725888      
   8088153106137064.20363754231377018469      
   8088153105751166.91883054005924903566      
   8088153105323540.33824602191396468519      
   8088153104848368.99489936602710379952      
   8088153104318774.76847702138645400394      
   8088153103726650.55412265688171001132      
   8088153103062483.28835783886250248784      
   8088153102315136.87811856208350594268      
   8088153101471634.24800781837596738016      
   8088153100516931.31972618072428589039      
   8088153099433596.59567426536763101123      
   8088153098201591.60800613858637555902      
   8088153096797904.57900898463059825329      
   8088153095196260.87866901337296999478      
   8088153093366717.47281283626844915809      
   8088153091275349.79905878033514901506      
   8088153088883722.11776396925806152140      
   8088153086148563.96388369324634889240      
   8088153083021389.07008678674334743817      
   8088153079447840.51955378137675329621      
   8088153075367364.54119789084294954093      
   8088153070712744.11699126917889484268      
   8088153065409637.85990881672364312578      
   8088153059376014.65554530797835882522      
   8088153052521998.05676330103046789161      
   8088153044749251.74772370243394058100      
   8088153035950891.31402023340459208570      
   8088153026011093.98798414650231448572      
   8088153014805138.94908567405031370959      
   8088153002199190.55672685050888009051      
   8088152988050711.49913952445854176728      
   8088152972208621.95200971084429131166      
   8088152954514432.22208678915132166586      
   8088152934803614.40797271925598096835      
   8088152912908607.16409877697917389736      
   8088152888663089.74286047298048489117      
   8088152861908861.39953299607393091570      
   8088152832504288.02637240245351027933      
   8088152800331686.87247852832479066282      
   8088152765299368.73914885046367974960      
   8088152727332563.11600320188065618883      
   8088152686355569.13688803434926269907      
   8088152642274076.19781257372412358771      
   8088152594969795.02647415499595542378      
   8088152544307142.81208103683107373851      
   8088152490145201.36857536150834365948      
   8088152432346350.57362191536066530883      
   8088152370779701.25743720301875766716      
   8088152305321094.17964929746561463051      
   8088152235850621.07731905785017631743      
   8088152162250926.28815181080809509559      
   8088152084405327.15491182475934844615      
   8088152002196742.45480411855653516719      
   8088151915506133.12078300169092615751      
   8088151824212633.96956226203345960250      
   8088151728193184.57254407189615533994      
   8088151627322656.85521079525128198152      
   8088151521472636.04019406507288502371      
   8088151410512863.48497889824111273076      
   8088151294310593.05365545329457394996      
   8088151172730993.16210293726745542316      
   8088151045636641.60648401009639834464      
   8088150912888171.20645263607095693057      
   8088150774343913.28361678483121209940      
   8088150629860141.64763406295166584675      
   8088150479291248.37403586589539826370      
   8088150322489383.97522031398527309152      
   8088150159305097.68948169196103791228      
   8088149989586592.01922146370125496495      
   8088149813180594.58528702587536464517      
   8088149629931607.63930876049057575733      
   8088149439682467.42245381911943706739      
   8088149242274056.92697843760394680202      
   8088149037545387.95780977639008679520      
   8088148825333709.14302974784055996066      
   8088148605474438.74978167528615826364      
   8088148377801207.12437142228730552803      
   8088148142145815.45423611325872611990      
   8088147898338267.65144590189249278796      
   8088147646206764.71052493486431364447      
   8088147385577745.10124915969244292161      
   8088147116275748.30484993941143258105      
   8088146838123601.04831896572664510451      
   8088146550942269.41594171725726079673      
   8088146254550988.20822406653289404592      
   8088145948767122.77965311298752505362      
   8088145633406307.23573710765555725907      
   8088145308282316.78632131611924483642      
   8088144973207143.39728316034157814748      
   8088144627991010.60707875570561284535      
   8088144272442262.79671969512702232354      
   8088143906367490.31044861705056670236      
   8088143529571433.41397406522838104195      
   8088143141857079.89988660154820454638      
