   8088153109146365.34501045244641122788      
   8088153109142351.63420390970369066967      
   8088153109135195.16803939495536787587      
   8088153109123517.97544218707395292153      
   8088153109105811.04613475080600624306      
   8088153109080544.24588737693997313356      
   8088153109046262.63911505219110624400      
   8088153109001652.71210093773588780796      
   8088153108945573.06683021502100227815      
   8088153108877052.70715831083539498411      
   8088153108795264.70335925600336603961      
   8088153108699484.18005765738305718523      
   8088153108589038.56995748587464198365      
   8088153108463255.55741986016045479233      
   8088153108321412.67320972873763808633      
   8088153108162689.35675224511220970328      
   8088153107986120.60040435193558304872      
   8088153107790551.92382823779338626644      
   8088153107574592.46047097865899911436      
   8088153107336564.55237576707763308068      
   8088153107074447.30115410983507844619      
   8088153106785810.92644525922930310267      
   8088153106467741.17824051159212702701      
   8088153106116752.31058533563330813828      
   8088153105728685.89882615001742404565      
   8088153105298594.06494671867903510556      
   8088153104820606.75088232988173924005      
   8088153104287782.50179047382453647718      
   8088153103691941.23679646405560570398      
   8088153103023486.10899544640645663935      
   8088153102271185.90121982552305746408      
   8088153101421961.00193054571897093106      
   8088153100460623.74574678270763928960      
   8088153099369626.37978688767820451260      
   8088153098128767.81439876933650302837      
   8088153096714864.14549138467362138921      
   8088153095101449.12548359371704573707      
   8088153093258369.02740560717740659399      
   8088153091151463.30015471091745524190      
   8088153088742034.99525574321305968189      
   8088153085986542.21474000916376732861      
   8088153082836177.94777485880309026052      
   8088153079236279.53249975694987665680      
   8088153075125907.77212021581574664768      
   8088153070437478.73090801943662881204      
   8088153065096234.50851210850611852036      
   8088153059019714.27480941088410937995      
   8088153052117602.17146528352532601838      
   8088153044291077.96419734895783138200      
   8088153035432780.30705252734957022998      
   8088153025426382.91775775646572532902      
   8088153014146676.83317559424585413939      
   8088153001459324.07813308320589361280      
   8088152987221324.30715348514094837750      
   8088152971281137.07440281558513345966      
   8088152953479898.21300971524266870162      
   8088152933652830.73333445290901696795      
   8088152911632298.26759287889517087769      
   8088152887252240.71432830144628102313      
   8088152860355128.82312035081275470270      
   8088152830800499.85217274724531547406      
   8088152798472118.42414450655625900860      
   8088152763279585.33626847585886114177      
   8088152725148587.71235584436508615769      
   8088152684002807.82319517576948738127      
   8088152639746612.54881519078603296317      
   8088152592260487.83121721762497218985      
   8088152541408236.14078192073336680528      
   8088152487048946.13555278268768164267      
   8088152429045353.75153604066498365908      
   8088152367267002.95645150473367854076      
   8088152301589822.24237664999935306775      
   8088152231894341.84173791069750438041      
   8088152158063161.33021328273934613066      
   8088152079979654.27100099580111188403      
   8088151997526633.79196501821475014538      
   8088151910584982.12135857124885991547      
   8088151819033695.47669751407614065729      
   8088151722749592.01652345504629704892      
   8088151621607403.50996993403655911919      
   8088151515478582.62734830560437490274      
   8088151404232735.40993308261563407482      
   8088151287737010.03306221784852279508      
   8088151165856413.71450838599208069991      
   8088151038453434.76816481847042683215      
   8088150905388559.38741905532990892052      
   8088150766520020.45698500922755367921      
   8088150621703966.82332896939011391505      
   8088150470794688.81847166115384361283      
   8088150313644242.94802149167395687555      
   8088150150103018.53948677953378468622      
   8088149980019156.45735399305217715963      
   8088149803239282.84043186199544792862      
   8088149619607779.58556509438502180476      
   8088149428967381.52911785477100538224      
   8088149231158870.61116677095661879702      
   8088149026021162.51981577704045306421      
   8088148813391398.66668375103372088698      
   8088148593104901.16548721651905071595      
   8088148364995199.26060781650375357613      
   8088148128893999.15413328642476059605      
   8088147884631195.11098445942539153942      
   8088147632034901.51129762599057686657      
   8088147370931443.01308850928477958610      
   8088147101145273.88917397707408640014      
   8088146822499107.29068366616752528905      
   8088146534813822.39075008194444511411      
   8088146237908546.49552652135657994110      
   8088145931600550.71193564836445954753      
   8088145615705363.39081619445760829804      
   8088145290036670.57731257411446572358      
   8088144954406355.34908527475065912870      
   8088144608624543.78321432205960249840      
   8088144252499478.97632577655912864377      
   8088143885837658.25344216816433353268      
   8088143508443707.93225047669935590978      
   8088143120120535.32837518157997581687      
   8088142720669100.58160118441346261072      
   8088142309888695.69827514837973975962      
   8088141887576649.84543944107675686114      
   8088141453528617.76954558607948204269      
   8088141007538293.09027390404925800596      
   8088140549397676.35036030716409905742      
   8088140078896817.78661466763389957524      
   8088139595824091.40245726142744442117      
