   44856512811.0165916741390870915305640      
   44856512373.3033069364001801312469534      
   44856511784.5973271647707555147610348      
   44856511015.7728814437113201192109749      
   44856510039.1395039713967410514028595      
   44856508828.6317203096324848470915087      
   44856507361.9724811874686844338544750      
   44856505620.5661981111029156776532069      
   44856503590.4217225976805916400905532      
   44856501261.3780857014775589984749348      
   44856498626.4651675653109017825323683      
   44856495680.5241404265000303328980479      
   44856492418.3863581486266547699031193      
   44856488832.8840346171938089272305491      
   44856484912.7135239456101198395097471      
   44856480640.0041667496498240124054472      
   44856475988.3784746716313807124856761      
   44856470920.9290643147885548525429976      
   44856465388.7241740324528958776046201      
   44856459329.3114552515596028682228821      
   44856452665.8231110239982362186784404      
   44856445306.2790529554403962493978880      
   44856437143.3511214981751407251127765      
   44856428054.2169751172514279751874197      
   44856417900.8525285759932573587526902      
   44856406530.4813586589538701164141678      
   44856393776.1391705114685039320218448      
   44856379457.3099861138435012280928993      
   44856363380.8331862587950355351863198      
   44856345341.6010712080288017903189454      
   44856325123.3149143376514705981362373      
   44856302499.1972366320770977303445578      
   44856277232.6428204645708710577808289      
   44856249077.7568085603360020649177862      
   44856217779.7249702224818521674016943      
   44856183075.1895906697021370429974548      
   44856144692.2673792341321718681578078      
   44856102350.5990465039830657536927502      
   44856055761.1509732634394452585376338      
   44856004625.8727945719531025341152603      
   44855948637.1712509579029367008759401      
   44855887477.3051768751464015618177458      
   44855820817.4656533392551742938167832      
   44855748316.8035931812435689190204935      
   44855669621.2759234194923573961831138      
   44855584362.2462928146787996896964976      
   44855492155.2346696401779827760715789      
   44855392597.3568644927772661966665225      
   44855285266.6178160322806120091668613      
   44855169719.0242123623558706343395883      
   44855045486.6195968918200393316807881      
   44854912074.8888020361694370069633149      
   44854768960.2102476048884743134663938      
   44854615586.7910356768877792216943453      
   44854451363.6356430407639983862844867      
   44854275661.1518717310422661626975853      
   44854087807.4486336595473601091072293      
   44853887084.5388598932153384885790998      
   44853672723.9326522443177967952724763      
   44853443902.6227981559766257679115101      
   44853199737.6569093026918772981812426      
   44852939281.3899615220947148967640348      
   44852661515.8830695889276460844697294      
   44852365347.0399296251191014308393522      
   44852049598.3229284115644139996683220      
   44851713004.1077989414430004222922277      
   44851354202.5045624264234330550571753      
   44850971727.7992415957432617532599094      
   44850564002.2281278121082391821951975      
   44850129327.7678794536441182589552405      
   44849665876.3620110835123376542409103      
   44849171680.4448991121217374592525681      
   44848644622.6037196002107267432860233      
   44848082424.2646051862024600399266483      
   44847482634.0223478542897138838913484      
   44846842614.9750827884354782266298915      
   44846159531.3194914258037964873980751      
   44845430334.0876748698893506110679212      
   44844651745.8655632210358115684224391      
   44843820244.5211384443633999125462694      
   44842932045.9193837156044698386950929      
   44841983085.4999478370088153233462193      
   44840968998.4805223733312769136789792      
   44839885098.9625569535735837948646684      
   44838726357.4702371739810950364929108      
   44837487384.2746991010060379962315772      
   44836162377.4289907365917610957788994      
   44834745134.1249740857212432344721503      
   44833228997.9902534406647481222103162      
   44831606835.0673256597983006523507376      
   44829871002.5691257780453035419362458      
   44828013316.1868291218706192484316837      
   44826025016.3308461854347518738189378      
   44823896733.5975997204216436733454823      
   44821618453.7336794786013833486005399      
   44819179482.7318798575436692671449123      
   44816568412.7240813287438514905196042      
   44813773089.2659409293095676681396073      
   44810780581.2025855554889733453878729      
   44807577154.1211306971750884192710750      
   44804148247.9810271255561228296556814      
   44800478460.6177241395302235908153368      
   44796551537.9398260083480227604749991      
   44792350371.4447340941226936551318820      
   44787857004.1097213697820082233852573      
   44783052644.7932509870382279222807752      
   44777917691.3200703514718638839901198      
   44772431761.5060006908793172792245265      
   44766573732.3685643581515255237965667      
   44760321784.6345878229444846449656929      
   44753653443.1328309815086487165367554      
   44746545676.1160304859583162546714204      
   44738974879.6387367307237635442123387      
   44730916943.4318146931829288426996130      
   44722347398.0800823404227170374012422      
   44713241353.1671115211790352304895789      
   44703573604.2855012934493240535491683      
   44693318670.2074511061492161465182174      
   44682450838.4680667010571216319962035      
   44670944210.6421315769893968890409740      
   44658772747.2593895465173258075335314      
   44645910313.9317272734173340807995072      
   44632330726.4082016103666560759713067      
   44618007821.8836199519951248011056116      
   44602915488.1250066514033290654030818      
   44587027741.8557451573486822064366918      
   44570318783.1599620264819066969156113      
   44552763053.3867442343351122100418752      
   44534335286.1103168236815115089010187      
   44515010547.2585070558276738241525086      
   44494764261.5296896397978254104079772      
   44473572222.7437117519325500866095047      
   44451410588.0083884379060539717797259      
   44428255856.6541663781187850735091719      
   44404084835.8443863974921769685772773      
   44378874596.9362900099758139265495166      
   44352602424.9868221967017311508010992      
   44325245765.2842408401179609602167687      
   44296782169.0475854024464058423743999      
   44267189267.0215701855369131826787893      
   44236444611.3535654630163419152909222      
   44204525800.1258521007478987326878958      
   44171410318.2266770416780734638738791      
   44137075531.8383527202596531409213651      
   44101498657.8017704225451813444519983      
   44064656736.7827423352063917820489914      
   44026526611.2204195210276156230665945      
   43987084907.2240125901319239850624174      
   43946308020.3261314088687521962536532      
   43904172104.2318380649686474134687758      
   43860653062.6996303062424165681115247      
   43815726543.6442982857636941330452309      
   43769367935.3743154001602189171799239      
   43721552364.9468805120001947460986826      
   43672254697.2886343363196600688129256      
   43621449535.8166845120234070337112928      
   43569111224.0449586660608735166707749      
   43515213847.7298643240017677671063657      
   43459731237.3891850716482720908937181      
   43402636970.1356587053774000104659890      
   43343904374.3223849013652702549565748      
   43283506532.6098380409066292884761486      
   43221416284.6182864736951161922570627      
   43157606231.2845266652115783118446932      
   43092048736.5814876965746581755174000      
   43024715932.6256711091219617653142826      
   42955579720.7282493259117496699026661      
   42884611776.2032930584443499118946543      
   42811783549.5414251484808752063458931      
   42737066270.7415468734530426847933796      
   42660430950.3002787514248818139260569      
   42581848382.7666920919184742986261298      
   42501289149.4759732921633894976036560      
   42418723615.6963521521098433125869549      
   42334121976.7270814976020563255835813      
   42247454108.3150455685723851385558843      
   42158689791.6226249777764158589407299      
   42067798566.4410473975340916931790159      
   41974749767.2001318239006898010105658      
   41879512525.8961992873228975097122716      
   41782055775.4552358799986385697905564      
   41682348248.7450827738878316246249793      
   41580358480.8991648565790559024396598      
   41476054809.5931842198385964992309297      
   41369405377.7987390866905127667505870      
   41260378130.1940147450849096408214414      
   41148940819.3226493411290940414633774      
   41035061003.2105953920331651874939765      
   40918706047.1483387915757531108622666      
   40799843123.7394504188938613655025279      
   40678439215.6663669615427070062550131      
   40554461112.3786858702715009244155595      
   40427875415.1904571976880172850278044      
   40298648532.7584009443759934673903351      
   40166746688.0978012796658955486030187      
   40032135912.5066071750155954376104605      
   39894782050.4643322329896749755686575      
   39754650756.2383223015862418017149916      
   39611707494.6116693682413587635823250      
   39465917544.4625772447593933909135688      
   39317245998.0154629797130832960340053      
   39165657764.0596112049241127790690388      
   39011117554.7317322697982434679293525      
   38853589905.8641362510260878002091762      
   38693039161.6663446472338612664415317      
   38529429470.1093621466671334301077774      
   38362724811.6943492655602376576880303      
   38192888972.8020550615641559845736868      
   38019885547.4776175645110673070941807      
   37843677944.6979470182050681500582151      
   37664229400.0086451153172111176964373      
   37481502960.1996278515346089666473111      
   37295461464.4010044727168234550164782      
   37106067590.7085369970082355142391710      
   36913283826.6805289012716617100814404      
   36717072468.7628894645384776430831170      
   36517395626.3889036660234222370380938      
   36314215228.6371322904989954251008902      
   36107493031.0230222352608437500721127      
   35897190556.7330209141079565014042966      
   35683269196.5961006302720031879014599      
   35465690135.2653810466468825737047389      
   35244414367.1002256839118461469702236      
   35019402706.4467510714323155329907567      
   34790615780.9076370188964841523487721      
   34558014028.1267755948733314895281658      
   34321557709.8210622080212936271317584      
   34081206882.6756576188146783475104176      
   33836921444.5310421599024894719897679      
   33588661079.6585956566544619676122708      
   33336385301.1505833465618080238513839      
   33080053431.6175752857608365344394007      
   32819624612.6071380278093680406755353      
   32555057796.0655671516870271790558589      
   32286311746.8899509277219301691005363      
   32013345041.6367388885070491116141979      
   31736116075.1203381507981542475594717      
   31454583052.9200692901246007045825096      
   31168703993.9081329377008801205836178      
   30878436729.6668627738281004525589269      
   30583738906.1196587840083294499247682      
   30284567981.3930042721447696615689096      
   29980881226.5625857158562330671235604      
   29672635727.6738791143995739156644161      
   29359788382.8129581169704960965064252      
   29042295902.1502016611146033239065652      
   28720114809.2541414285643170107182344      
   28393201440.2537239867692380163795398      
   28061511943.2296056323749395707753556      
   27725002278.1483868186006717435575442      
   27383628222.8506410611158720061032610      
   27037345364.0162435533181171893470114      
   26686109100.0400663735663738404372372      
   26329874644.5817427755188278463915830      
   25968597022.3011505084097486529725964      
   25602231070.7143339207362749174310822      
   25230731432.0045489224035791415105361      
   24854052566.2089466809998857652718041      
   24472148753.9808572648794229705070293      
   24084974081.0047494442450023738309432      
   23692482445.3228092315756295443584202      
   23294627557.7189233709594362376663176      
   22891362940.7217450301656508567286558      
   22482641927.9638921510885887857116037      
   22068417668.0935553391213345173813826      
   21648643117.3018496726765327571934778      
   21223271040.2735815827914277318701946      
   20792254025.9179886487624514849776045      
   20355544469.6937284837813680441400871      
   19913094578.8242143716421840026271711      
   19464856371.7499649534129242734993078      
   19010781677.3887327920155663518457627      
   18550822140.8757734940576037207497401      
   18084929214.2998946955014268275631113      
   17613054166.3221279538522233095905571      
   17135148075.9445373624246190255013556      
   16651161834.4719685259581509424106354      
   16161046139.1335389089519472228218971      
   15664751504.4727487641261820349742386      
   15162228260.7271218039276966444719235      
