   44683874184.3713232377577211013797255      
   44683868069.4108799848768206773528770      
   44683861439.5642949705683070824483231      
   44683854223.4067213475741805485519485      
   44683846333.1768997834750391358996391      
   44683837664.3709405389284691755652369      
   44683828095.4332044089821635922602990      
   44683817487.9622894070995471346483782      
   44683805687.1693118806685728825561600      
   44683792522.4817677230595452145858936      
   44683777808.4495669395573849341207785      
   44683761345.6990615364831607967949831      
   44683742921.9531289416844728751122400      
   44683722313.2065181623133895704718846      
   44683699284.7832880104779777136246918      
   44683673592.4288014552001780773913997      
   44683644983.3053883448629416707018755      
   44683613196.9598455459138266565972662      
   44683577966.2432893147964159261241354      
   44683539017.9560438489680603832544179      
   44683496073.5277572896512663997948826      
   44683448849.4672894775377516147308585      
   44683397057.8912856616588829054248074      
   44683340406.5886080832282352104532277      
   44683278599.2865981821201532219213129      
   44683211335.5971587443805468818014020      
   44683138310.8843177732289924678974642      
   44683059216.0504185502022881083187634      
   44682973737.1311583027239693845469272      
   44682881554.7734694638247592565114434      
   44682782343.7172509067844430661648441      
   44682675772.0021438557015200966972330      
   44682561500.1128380873962335328201950      
   44682439180.0648231667259130765762057      
   44682308454.2864605582923730468669363      
   44682168954.4011966300906896264408399      
   44682020299.9956784235268087432620704      
   44681862097.0802113608321771057424357      
   44681693936.6620118440349116839764248      
   44681515392.9217578210135830922142778      
   44681326021.4934264880220775959583932      
   44681125357.4696200176000814280443539      
   44680912913.3950324947413265509579001      
   44680688176.9744511259006557670281339      
   44680450608.8226197251330925899099206      
   44680199639.9177891653719690736622414      
   44679934668.9094628807519840387443017      
   44679655059.4423523233842610944046784      
   44679360137.0875159551288263765592806      
   44679049186.3564002241151215970377308      
   44678721447.3210381377582771519588883      
   44678376112.2444365997811136062748729      
   44678012321.9517694006692467151325297      
   44677629161.9787052333825177289289871      
   44677225658.6940225261000442301860196      
   44676800775.0333019310522271902662901      
   44676353406.1975901629558076135385418      
   44675882374.9991826654008632614076962      
   44675386429.5162655825972070375363763      
   44674864229.0533782597470399853669375      
   44674314351.8165510175917893135134293      
   44673735281.1478977397590936078166294      
   44673125401.7550213736560763446204026      
   44672482993.8212448316387921651012209      
   44671806226.6031146964022998304645792      
   44671093151.9265034052900093531994388      
   44670341697.2438230650996773174671482      
   44669549658.4392769088653285283067373      
   44668714692.3320329391743708140734403      
   44667834308.5561885387899226293732717      
   44666905861.2553848217738903017821890      
   44665926540.5146015495382377010498455      
   44664893362.8166018068967388939318445      
   44663803161.4571332451283625009701067      
   44662652576.1556521738010575008500582      
   44661438042.1917225732644604511936297      
   44660155778.9636038323240835309131074      
   44658801777.6261206922969413344126712      
   44657371789.7678628941464847720426180      
   44655861307.2602617234962187134316668      
   44654265556.9650551602455339477925726      
   44652579478.7149603781669660654784362      
   44650797710.0482141312047284686653338      
   44648914568.1241137639899794855125630      
   44646924030.4038061648562772680579769      
   44644819713.6752323535070389901858054      
   44642594851.6981156629977967929553246      
   44640242270.8401607084945301366456157      
   44637754363.8857404283553223926650287      
   44635123061.6690924197628663180701240      
   44632339802.3708333607057883770752253      
   44629395498.2745230423977350811190339      
   44626280499.8091462577407735812560965      
   44622984556.7521891882638744805156539      
   44619496776.3801309031064274355214173      
   44615805578.5995060793497629156777633      
   44611898647.9825454393545022299082002      
   44607762882.9870506593024458709076167      
   44603384356.6475201638013629229642984      
   44598748207.6480676765164178114382294      
   44593838661.4976379343014725490182816      
   44588638924.5846280605856148688414696      
   44583131141.6445437373828296904142777      
   44577296345.2548713367304201760642271      
   44571114411.1969730370732010670598155      
   44564564022.6341426516682949217039047      
   44557622646.1396328521982159075580775      
   44550266522.1618603395127398567043817      
   44542470672.5964952884813871606960945      
   44534208927.4147939401732875845938148      
   44525453971.7207162568474322753113062      
   44516177412.7639314998083588361106358      
   44506349866.1947635391568701832964582      
   44495941037.3186782191648229711634631      
   44484919925.0607092156009623778637233      
   44473254804.6477079906768110140544298      
   44460913450.4526471547238940149265935      
   44447863234.8908985815267966042380390      
   44434071245.0653494873529141438644307      
   44419504389.1546171467056458943543410      
   44404129459.7370771782893174051197395      
   44387913321.9600226301932378072346140      
   44370822823.0765240526204034665244497      
   44352824933.5648000368944103662979530      
   44333886759.7603953911757958115354047      
   44313975565.0291730824231131591945715      
   44293058782.1601492148105340005223392      
   44271104017.3728976851970278216131468      
   44248079049.6226095664731625208154596      
   44223951825.9187219394201347821950961      
   44198690456.4026452859760916616994037      
   44172263209.0760838721358702293392444      
   44144638506.0699805839954052966903768      
   44115784922.9602137813325605761143097      
   44085671190.6467294786593613043145117      
   44054266200.3392547399230778330640453      
   44021539011.9809138911559773179494464      
   43987458863.6503486493634165254969040      
   43951995183.7911763251444740218113604      
   43915117601.6315155018496589589118036      
   43876795962.0283361005227404304817720      
   43837000318.7656898262748622003711066      
   43795700961.1112191229566594921865952      
   43752868400.4901422885063594647194973      
   43708473370.7670467213996298645327380      
   43662486860.6447749078890802155762809      
   43614879935.9917489067439247784549642      
   43565623977.0029989327100678801659472      
   43514690483.8080150838343104356892424      
   43462051095.4938457897865112448064714      
   43407677556.6970646020735532521998978      
   43351541709.9117537503710357946026442      
   43293615428.1584002381950876689153775      
   43233870604.0796992537870102205798285      
   43172279109.6972879419655136961725791      
   43108812762.7079980996784753937895454      
   43043443293.9576943587570018351642265      
   42976142316.9278859472243031707393092      
   42906881300.2652438274146589477111373      
   42835631542.4151321215790087164345077      
   42762364150.7989730560753175025329262      
   42687050023.3341351697296815643743727      
   42609659834.3202434267024941254384379      
   42530164022.1721562033550478825958951      
   42448532780.6288571332476705943174736      
   42364736053.5366232517863331018863032      
   42278743529.3701257606090044250269023      
   42190524640.3152942844052461845285721      
   42100048560.4038990365640041185015394      
   42007284207.0969622728405127421294793      
   41912200241.9303217933828664036324029      
   41814765073.1117113476247786180687101      
   41714946857.7685228563921465777332215      
   41612713505.7741142391570953054408040      
   41508032683.0376296465814491027760231      
   41400871812.6217276805693497854055936      
   41291198081.0078981244342875170898101      
   41178978438.9729011893033821569174884      
   41064179610.0389231550449166789846833      
   40946768134.5914516185935340655354737      
   40826710180.0239279253529516736340465      
   40703971846.0686158403284837828470311      
   40578518960.4292212433852341587492151      
   40450317134.7989679745817562510913651      
   40319331766.9215647609170273855980977      
   40185528045.2650236469875027637546669      
   40048870944.4534865963989078785062117      
   39909325237.8276919778836985047061948      
   39766855490.3052431970668055256925526      
   39621426057.8234061743921938476204720      
   39473001103.5309024759131298227617650      
   39321544585.9646382576572331661781435      
   39167020264.9669690892883160184234892      
   39009391703.0339392159050530767930389      
   38848622266.5393858106210724499131807      
   38684675126.1294187929237248388660822      
   38517513258.0472004339906051285240199      
   38347099445.5089578661916857950298601      
   38173396279.1840365267248188660276015      
   37996366158.0720659814660154039752876      
   37815971290.4470590490419441840998500      
   37632173695.0037712014286733483040383      
   37444935199.6482471823048681375240236      
   37254217442.4540725757512157015567774      
   37059981873.9607942134062284544997415      
   36862189756.5530682079539873498556499      
   36660802164.9213932489995637466241028      
   36455779986.6614477698697002645098719      
   36247083922.5643368880410058303895791      
   36034674485.9644733845071965760362120      
   35818512004.2118877772996185175427918      
   35598556619.5364678408330479667907924      
   35374768287.4697023939494250168885753      
   35147106777.7409024589007460065483290      
   34915531674.9739197706660992226210657      
   34680002377.2535198757169893067797426      
   34440478100.3483093271895720554440155      
   34196917870.0873958934103066135436242      
   33949280531.8547949349437173820291248      
   33697524744.9873702668979308379074134      
   33441608983.6027724732833634540144847      
   33181491535.3260808957724244185978496      
   32917130505.6086334589644455283515966      
   32648483812.8949109267351786744672462      
   32375509193.2813025782735765874818165      
   32098164195.6431540389582955365277769      
   31816406183.9508359846148366130447585      
   31530192339.7466115275257103845265391      
   31239479658.1354152022437985428329943      
   30944224948.5126448996594320106518371      
   30644384836.4719118363615682320519001      
   30339915762.3915718526820328135426528      
   30030773981.9808025843533115014739673      
   29716915564.3745339315695022438289586      
   29398296397.2824644367134321697824061      
   29074872176.5675054137208225396279471      
   28746598418.9178785646892894190341787      
   28413430453.2514237416225817021811210      
   28075323422.7487661179241807628172441      
   27732232285.9508794491336461798719776      
   27384111815.0299728792051928849603107      
   27030916596.5473534074626381581441412      
   26672601031.5476018137958635551211098      
   26309119334.9078387851072246655795421      
   25940425535.9637068281971922139413528      
   25566473478.0576373220160926736505301      
   25187216818.1861614271526727119605681      
   24802609026.9722973726979788074526532      
   24412603389.0381903393909922757020856      
   24017153002.8381505915657869891481101      
   23616210779.1706880679270587805902061      
   23209729444.5322003929855750820038673      
   22797661536.2698419691617262396637645      
   22379959408.4930629735956564193010925      
   21956575225.3857858399985378978662030      
   21527460966.1069835904412408018788294      
   21092568421.4802260189290562945990532      
   20651849197.2484112867510491909724028      
   20205254708.3234451753877066078406119      
   19752736189.5528995047886460735867112      
   19294244682.2715092509293067586983947      
   18829731043.6867135722218280758036386      
   18359145942.5091641146147507876096862      
   17882439862.1052949504750101244488028      
   17399563096.5683149046599957793256690      
   16910465754.3872775779921180689530726      
   16415097752.9760588006582520861805637      
   15913408826.8025300442829905595701920      
   15405348518.0052159722033827987393894      
   14890866184.1570172588823844131476971      
   14369910996.3858706579068871707047683      
   13842431933.2608926549723877176810798      
   13308377793.5916676658576658498588219      
   12767697176.0831785698043468725111646      
   12220338505.1622163015163886559440748      
   11666250012.0467652112112397578722353      
   11105379739.1406445101929345506364161      
   10537675534.5531083554289679947843211      
   9963085079.71099645324704047182544727      
   9381555844.55440271549026482436977188      
