   47.326235305190330        64.314490044897852     
   47.326235272080588        64.314490028356744     
   47.326235060610202        64.314489922704993     
   47.326234125666836        64.314489455564868     
   47.326230974152566        64.314487880706338     
   47.326222321960771        64.314483556132430     
   47.326202054380410        64.314473422739113     
   47.326160161109975        64.314452468239949     
   47.326081829762572        64.314413267747966     
   47.325946823381848        64.314345662314778     
   47.325729240929526        64.314236627289290     
   47.325397616814286        64.314070303650922     
   47.324915334032013        64.313828179365359     
   47.324241251436383        64.313489365309223     
   47.323330450724768        64.313030913445004     
   47.322135013763223        64.312428128435641     
   47.320604789942017        64.311654854632224     
   47.318688056610057        64.310683688808126     
   47.316332158226011        64.309486180558480     
   47.313484035883818        64.308032979886178     
   47.310090742260947        64.306294002059076     
   47.306099914562147        64.304238603849697     
   47.301460262260115        64.301835816023271     
   47.296122050700156        64.299054622116671     
   47.290037605206429        64.295864303524425     
   47.283161808531709        64.292234828413896     
   47.275452612325061        64.288137291237703     
   47.266871489499088        64.283544351448455     
   47.257383874749195        64.278430687380748     
   47.246959513244946        64.272773408697375     
   47.235572754478596        64.266552438114317     
   47.223202748562940        64.259750827603042     
   47.209833551090497        64.252355006183024     
   47.195454135524756        64.244354950129690     
   47.180058309589469        64.235744272230164     
   47.163644552183548        64.226520234600585     
   47.146215765387929        64.216683682579657     
   47.127778967747027        64.206238914233737     
   47.108344930888038        64.195193488786117     
   47.087927767227903        64.183557980827459     
   47.066544494098316        64.171345696250981     
   47.044214574969253        64.158572357630220     
   47.020959444127783        64.145255758400793     
   46.996802043525008        64.131415414620761     
   46.971766351267611        64.117072199973592     
   46.945876933434796        64.102247986575563     
   46.919158510191671        64.086965289695470     
   46.891635539516145        64.071246919974939     
   46.863331836753339        64.055115656761373     
   46.834270208243105        64.038593930354168     
   46.804472119828198        64.021703527844593     
   46.773957390918831        64.004465317651920     
   46.742743916868882        63.986898995573874     
   46.710847416835499        63.969022851129772     
   46.678281208200850        63.950853555383922     
   46.645056002930616        63.932405968027240     
   46.611179728734555        63.913692964820775     
   46.576657364688096        63.894725280470219     
   46.541490803791518        63.875511373937009     
   46.505678719512701        63.856057298828809     
   46.469216452332034        63.836366596187382     
   46.432095912298060        63.816440198630715     
   46.394305478223082        63.796276337971946     
   46.355829908524342        63.775870468587165     
   46.316650267367521        63.755215194581112     
   46.276743834809203        63.734300203117179     
   46.236083959106821        63.713112163403608     
   46.194640235504799        63.691634794917171     
   46.152378048408742        63.669848626616492     
   46.109258716638550        63.647731048289081     
   46.065239336953219        63.625256219499711     
   46.020272671016343        63.602394997236942     
   45.974307033842308        63.579114869605860     
   45.927286149979921        63.555379861892042     
   45.879149018994809        63.531150464349039     
   45.829829751146093        63.506383530207451     
   45.779257369592486        63.481032153034562     
   45.727355639608582        63.455045569857575     
   45.674042826594629        63.428369011859715     
   45.619231476160017        63.400943573838802     
   45.562828136508010        63.372706039391595     
   45.504733092924383        63.343588723170797     
   45.444840065419768        63.313519282365796     
   45.383035879359319        63.282420506995003     
   45.319200140971589        63.250210120059450     
   45.253204886562393        63.216800552368063     
   45.184914229476377        63.182098716423809     
   45.114184008254824        63.146005773026744     
   45.040861434287088        63.108416904468228     
   44.964784784080088        63.069221098930207     
   44.885783117343507        63.028300958704563     
   44.803676058809003        62.985532534994533     
   44.718273670011975        62.940785222043189     
   44.629376427896403        62.893921705220720     
   44.536775379146661        62.844798020953732     
   44.440252438278442        62.793263699501807     
   44.339580971979096        62.739162084373696     
   44.234526619125802        62.682330795855869     
   44.124848441404865        62.622602403640251     
   44.010300428190618        62.559805319806401     
   43.890633346442229        62.493764916367986     
   43.765596980986537        62.424304893279711     
   43.634942685362958        62.351248863325452     
   43.498426255890138        62.274422140740128     
   43.355810899993685        62.193653638853384     
   43.206870343166010        62.108777851169542     
   43.051391694846139        62.019636740334398     
   42.889178047850741        61.926081475288534     
   42.720050498997033        61.827973846242095     
   42.543849508930130        61.725187284051451     
   42.360435395343927        61.617607363490791     
   42.169687963758889        61.505131768447306     
   41.971505243138466        61.387669706926978     
   41.765801449163469        61.265140824079424     
   41.552504341240208        61.137473716894362     
   41.331552147050822        61.004604153481047     
   41.102890306031114        60.866473145234906     
   40.866468210983278        60.723024987656480     
   40.622237244624081        60.574206069192527     
   40.370143968413281        60.419960663984781     
   40.110133491112499        60.260232989413737     
   39.842144090309091        60.094963854380104     
   39.566106630121709        59.924090259292754     
   39.281943592445934        59.747544759902588     
   38.989568528791352        59.565255092766627     
   38.688885849735229        59.377144019449972     
   38.379790936659106        59.183129379443578     
   38.062170511788047        58.983124318304249     
   37.735903247597072        58.777037675960003     
   37.400860589094307        58.564774525788494     
   37.056907738872589        58.346236832232258     
   36.703904879891226        58.121324269004347     
   36.341708537001558        57.889935146491432     
   35.970173189215103        57.651967506817584     
   35.589153061402413        57.407320348834098     
   35.198504286613890        57.155895119846242     
   34.798086894730588        56.897596999225485     
   34.387767955037731        56.632337128819607     
   33.967424236597537        56.360034327086588     
   33.536945626130141        56.080617378168022     
   33.096238902904567        55.794027518010815     
   32.645231895067688        55.500221127437676     
   32.183878083866368        55.199172673960298     
   31.712161640889754        54.890877876565938     
   31.230102874235502        54.575357060197632     
   30.737763995365203        54.252658623177325     
   30.235255238937658        53.922862628309709     
   29.722741100728786        53.586084343912404     
   29.200446691119950        53.242477718861110     
   28.668663940753390        52.892238615590600     
   28.127757522324504        52.535607709210474     
   27.578170278106903        52.172872923996685     
   27.020427907735534        51.804371266339686     
   26.455142674884033        51.430489936263413     
   25.883015950377494        51.051666646361497     
   25.304835902493991        50.668386834170882     
   24.721490595623131        50.281190899241118     
   24.133944860627118        49.890658289817104     
   23.543249705150405        49.497412821233262     
   22.950532160783911        49.102115746480997     
   22.356986241332624        48.705459981058063     
   21.763861585345172        48.308163304016468     
   21.172449826052311        47.910960600415805     
   20.584068851305602        47.514595222209628     
   20.000045327865738        47.119809673667987     
   19.421695959067950        46.727335828119912     
   18.850308102625128        46.337884976933871     
   18.287120480741201        45.952138059034482     
   17.733304755753817        45.570736426593555     
   17.189948737729299        45.194273516438287     
   16.658041901623196        44.823287747125633     
   16.138463756803205        44.458256902348516     
   15.631975443610916        44.099594180048527     
   15.139214704149985        43.747645974381086     
   14.660694181176023        43.402691351742803     
   14.196802866306925        43.064943147023129     
   13.747810300139259        42.734550449411316     
   13.313873054646816        42.411602246105467     
   12.895043075784194        42.096132013803825     
   12.491277227320751        41.788122899326964     
   12.102447682963540        41.487513321884613     
   11.728352642868936        41.194202722583455     
   11.368726998140577        40.908057259501298     
   11.023252662754176        40.628915298958653     
   10.691568455690332        40.356592735619870     
   10.373278973641892        40.090887600338462     
   10.067962930437506        39.831584547423660     
   9.7751804725860261        39.578458706634379     
   9.4944796192547543        39.331279085896327     
   9.2254018608244923        39.089811524450603     
   8.9674869231297247        38.853821202919768     
   8.7202767735150619        38.623074749984774     
   8.4833172759714213        38.397340539076254     
   8.2561677150334170        38.176396018425670     
   8.0383923696791815        37.960019713491569     
   7.8295694208259574        37.747998310544006     
   7.6292903700973254        37.540125746708675     
   7.4371608999890046        37.336203637221203     
   7.2528014834866790        37.136041589426569     
   7.0758477129874251        36.939457361370792     
   6.9059504502646609        36.746276931299761     
   6.7427758047763042        36.556334479049028     
   6.5860049462898473        36.369472266098285     
   6.4353338686258619        36.185540516576658     
   6.2904729976561251        36.004397184742871     
   6.1511467956803871        35.825907746716723     
   6.0170933134726337        35.649944963002582     
   5.8880636194387543        35.476388533317042     
   5.7638213577280615        35.305124892250284     
   5.6441421939299383        35.136046896281464     
   5.5288132651875914        34.969053518741752     
   5.4176326665110732        34.804049577234373     
   5.3104089203451927        34.640945445004526     
   5.2069604587772567        34.479656767252152     
   5.1071151298430140        34.320104194898171     
   5.0107097072876705        34.162213117112259     
   4.9175894272162619        34.005913409111990     
   4.8276075382609553        33.851139187621442     
   4.7406248735875094        33.697828577407535     
   4.6565094400074285        33.545923486658928     
   4.5751360279137065        33.395369394708702     
   4.4963858411631996        33.246115147952445     
   4.4201461396112238        33.098112765106151     
   4.3463099109093344        32.951317257039712     
   4.2747755534191736        32.805686454252495     
   4.2054465671538583        32.661180826406756     
   4.1382312790038691        32.517763340998329     
   4.0730425789822871        32.375399317733212     
   4.0097976630118897        32.234056280920356     
   3.9484177945397732        32.093703829732270     
   3.8888280730955818        31.954313487010239     
   3.8309572577363320        31.815858685457311     
   3.7747375140623833        31.678314499487989     
   3.7201042665560293        31.541657649264248     
   3.6669960022433314        31.405866361281451     
   3.6153541172280224        31.270920293592564     
   3.5651227534975978        31.136800436978451     
   3.5162486498926198        31.003489029355404     
   3.4686810081906554        30.870969487425228     
   3.4223713578251136        30.739226321565177     
   3.3772734338204256        30.608245070540601     
   3.3333430622790421        30.478012238320993     
   3.2905380498707730        30.348515228790781     
   3.2488180773878219        30.219742278177876     
   3.2081446198886545        30.091682456815256     
   3.1684808119618366        29.964325462441550     
   3.1297914176775761        29.837661777278559     
   3.0920427116123466        29.711682483758377     
   3.0552024128905395        29.586379262108760     
   3.0192396156986439        29.461744352770378     
   2.9841247149811525        29.337770503610400     
   2.9498293467210694        29.214450945411087     
   2.9163263198341531        29.091779342310968     
   2.8835895686193438        28.969749779925131     
   2.8515940915556084        28.848356719753973     
   2.8203159022258784        28.727594977246326     
   2.7897319786132440        28.607459686997633     
   2.7598202219326984        28.487946293336051     
   2.7305594074966018        28.369050507050510     
   2.7019291466176742        28.250768294748656     
   2.6739098473652558        28.133095852997034     
   2.6464826786056057        28.016029594417091     
   2.6196295305963662        27.899566114243292     
   2.5933329888781014        27.783702195781672     
   2.5675762980046177        27.668434776948146     
   2.5423433331231791        27.553760939551090     
   2.5176185718696584        27.439677896019738     
   2.4933870675658931        27.326182974726041     
   2.4696344238618062        27.213273608337818     
   2.4463467722132841        27.100947327287226     
   2.4235107426875588        26.989201727889171     
   2.4011134515984209        26.878034493739282     
   2.3791424746905685        26.767443365634854     
   2.3575858288725180        26.657426134978294     
   2.3364319543140639        26.547980644225561     
   2.3156696956867959        26.439104770135302     
   2.2952882835951391        26.330796411570862     
   2.2752773265856194        26.223053518159166     
   2.2556267839425912        26.115874034203198     
   2.2363269589773380        26.009255925090290     
