   46.150039116601583        63.048219343885258     
   46.150039116507493        63.048219343838333     
   46.150039114236947        63.048219342706147     
   46.150039088778129        63.048219330011946     
   46.150038920203443        63.048219245961072     
   46.150038153992298        63.048218863934622     
   46.150035514473437        63.048217547848566     
   46.150028140668184        63.048213870866270     
   46.150010621285553        63.048205133330789     
   46.149973982795196        63.048186856112572     
   46.149904802001849        63.048152334219495     
   46.149784577569022        63.048092316757234     
   46.149589428615123        63.047994845204983     
   46.149290118156124        63.047845244844332     
   46.148852347620171        63.047626238106481     
   46.148237227603168        63.047318124459686     
   46.147401834449447        63.046898980998506     
   46.146299764599320        63.046344840258861     
   46.144881618292978        63.045629819546001     
   46.143095389277455        63.044726206202036     
   46.140886732626221        63.043604501924037     
   46.138199104813076        63.042233441210342     
   46.134973799370727        63.040580012761971     
   46.131149874171967        63.038609489778516     
   46.126663979515797        63.036285475920288     
   46.121450085598980        63.033569960237301     
   46.115439118346764        63.030423373760371     
   46.108558484896207        63.026804620825409     
   46.100731499237192        63.022671069926787     
   46.091876732254185        63.017978499203899     
   46.081907246222670        63.012680952292129     
   46.070729766233228        63.006730516233610     
   46.058243813475237        63.000077022344080     
   46.044340789328203        62.992667650439934     
   46.028903096486886        62.984446478044724     
   46.011803264853349        62.975353952290000     
   45.992903181820793        62.965326338749321     
   45.972053429640830        62.954295153648971     
   45.949092766960938        62.942186601525897     
   45.923847794665903        62.928921048630897     
   45.896132864168159        62.914412579610968     
   45.865750199897754        62.898568621887549     
   45.832490313971569        62.881289701684096     
   45.796132699884780        62.862469333607301     
   45.756446832237295        62.841994075752616     
   45.713193424410392        62.819743731824701     
   45.666125983189453        62.795591748767663     
   45.614992409807606        62.769405696381824     
   45.559537525117520        62.741048222046501     
   45.499504232933923        62.710377499769180     
   45.434636035275624        62.677248339814504     
   45.364678753166586        62.641513027911913     
   45.289382133745228        62.603022181430198     
   45.208501054120617        62.561625472890015     
   45.121796312001180        62.517172204498813     
   45.029035081385416        62.469511751663042     
   44.929989521962113        62.418493137383543     
   44.824437613875027        62.363965642835417     
   44.712160557217715        62.305777765816885     
   44.592941813635775        62.243776913122005     
   44.466562850431870        62.177807434516353     
   44.332803217973243        62.107710712782193     
   44.191436436106855        62.033323147887053     
   44.042227493912712        61.954474867200865     
   43.884930014052507        61.870988216445213     
   43.719283377394206        61.782676178756674     
   43.545009866770513        61.689340762032053     
   43.361811790814222        61.590771337319062     
   43.169368594940387        61.486742943889787     
   42.967333945563965        61.377014557674705     
   42.755332687585543        61.261327274343287     
   42.532957699978112        61.139402434755951     
   42.299766635358850        61.010939691820269     
   42.055278281841559        60.875614865894697     
   41.798968888870746        60.733077818647203     
   41.530267962834714        60.582950047878718     
   41.248553811929504        60.424822185783434     
   40.953149841354779        60.258251983585275     
   40.643314735458375        60.082758909905493     
   40.318243293217094        59.897824854690640     
   39.977055918476076        59.702888544792053     
   39.618793167894992        59.497342953487895     
   39.242409045616753        59.280532156880170     
   38.846764358264842        59.051748439909687     
   38.430620994275714        58.810230145519469     
   37.992637733771431        58.555160667883008     
   37.531370091488029        58.285670013963809     
   37.045276297300326        58.000840144734269     
   36.532735375518655        57.699717437923319     
   35.992083885000859        57.381335884474822     
   35.421683244055160        57.044757565833862     
   34.820031473529710        56.689137843455335     
   34.185933666752724        56.313822778535673     
   33.518736251641478        55.918480925446119     
   32.818603183366086        55.503256647594988     
   32.086774804259591        55.068911661474893     
   31.325717762417181        54.616904854252319     
   30.539108984201775        54.149380199269494     
   29.731672439707644        53.669074373055139     
   28.908948752657018        53.179187242204584     
   28.077045705913655        52.683239257188461     
   27.242358357007060        52.184908097162612     
   26.411240287644027        51.687835803582900     
   25.589673946460621        51.195437303125239     
   24.782948281954365        50.710714888929132     
   23.995466128910707        50.236151136337590     
   23.230648298545184        49.773658354962315     
   22.490945791709233        49.324590554035275     
   21.777928318455007        48.889798418090493     
   21.092415420067656        48.469707536481060     
   20.434622472282296        48.064403858413208     
   19.804301640014689        47.673715175460082     
   19.200864525139703        47.297281193811536     
   18.623494437476474        46.934617946764050     
   18.071214575859710        46.585155105765153     
   17.542961210826203        46.248277785315615     
   17.037627460124547        45.923350627137928     
   16.554096857097022        45.609736311249108     
   16.091266817538457        45.306808375482703     
   15.648064700568938        45.013959867158846     
   15.223457944905050        44.730608719370096     
   14.816460350979291        44.456200959531138     
   14.426135371785003        44.190212275714629     
   14.051597275164715        43.932148392836240     
   13.692011003401189        43.681544777234699     
   13.346590925810611        43.437965706682618     
   13.014599030876504        43.201003066212955     
   12.695342687147409        42.970274923300337     
   12.388172216606085        42.745424017692031     
   12.092477026398441        42.526115161861270     
   11.807688576445587        42.312038042377864     
   11.533269360418656        42.102899043793968     
   11.268716359959177        41.898424405155652     
   11.013557331899785        41.698357772556349     
   10.767348595310844        41.502458899522559     
   10.529673034017554        41.310502498559366     
   10.300138222162278        41.122277167689646     
   10.078374681449349        40.937584398398322     
   9.8640342718074692        40.756237665980684     
   9.6567886951614348        40.578061587492193     
   9.4563281259934158        40.402891154754577     
   9.2623599323060137        40.230571020865149     
   9.0746075129834836        40.060954855158336     
   8.8928092125839662        39.893904741807127     
   8.7167173284584170        39.729290630757966     
   8.5460971870640030        39.566989829001059     
   8.3807263052471281        39.406886539910616     
   8.2203935689964602        39.248871388951940     
   8.0648986379093461        39.092841183916448     
   7.9140510931954697        38.938698319003954     
   7.7676699429389027        38.786350587222891     
   7.6255830016234931        38.635710815959428     
   7.4876263988192528        38.486696605399707     
   7.3536440365604143        38.339230017813790     
   7.2234871769044720        38.193237358875365     
   7.0970140189538471        38.048648961417918     
   6.9740892199714386        37.905398840529145     
   6.8545836511083689        37.763424676543160     
   6.7383739605869977        37.622667484586664     
   6.6253423183323594        37.483071505501485     
   6.5153760671031131        37.344584000882833     
   6.4083674702530304        37.207155112347856     
   6.3042134542762085        37.070737720779249     
   6.2028153395813090        36.935287283206101     
   6.1040786546998449        36.800761740270886     
   6.0079128660074543        36.667121343737826     
   5.9142312338570111        36.534328592284503     
   5.8229505718069721        36.402348071504477     
   5.7339911209860563        36.271146402286071     
   5.6472763258811804        36.140692086729302     
   5.5627327375637687        36.010955472369581     
   5.4802898082000997        35.881908609524366     
   5.3998797993292973        35.753525215992134     
   5.3214376158714183        35.625780555653037     
   5.2449006971590793        35.498651390603641     
   5.1702089092354271        35.372115910319934     
   5.0973044091528523        35.246153640048860     
   5.0261315529988053        35.120745389972917     
   4.9566368122302773        34.995873209417347     
   4.8887686460111697        34.871520289902151     
   4.8224774422253285        34.747670943141834     
   4.7577154101380721        34.624310519010287     
   4.6944365245282285        34.501425385870760     
   4.6325964292193191        34.379002854131308     
   4.5721523652485390        34.257031126594121     
   4.5130631202476810        34.135499280612365     
   4.4552889486281169        34.014397203522364     
   4.3987915059360398        33.893715533533729     
   4.3435338220273678        33.773445711865918     
   4.2894801935778313        33.653579803502787     
   4.2365961586225014        33.534110534934570     
   4.1848484700203761        33.415031320999773     
   4.1342049926066462        33.296336096084303     
   4.0846347061450032        33.178019391812043     
   4.0361076340079958        33.060076254916467     
   3.9885948054005476        32.942502224433838     
   3.9420682259704725        32.825293318435648     
   3.8965008296997756        32.708445991951095     
   3.8518664447853128        32.591957115303174     
   3.8081397614817041        32.475823951026200     
   3.7652962956275648        32.360044126341094     
   3.7233123611159424        32.244615617282946     
   3.6821650309992298        32.129536709819952     
   3.6418321192408492        32.014805998798018     
   3.6022921476257252        31.900422358078234     
   3.5635243179823797        31.786384919552045     
   3.5255084896802873        31.672693058997528     
   3.4882251513625411        31.559346369302133     
   3.4516554059779709        31.446344660567839     
   3.4157809403791513        31.333687929640888     
   3.3805840025575162        31.221376339253059     
   3.3460473913945834        31.109410223836516     
   3.3121544265014191        30.997790057775394     
   3.2788889376534729        30.886516454071113     
   3.2462352412178124        30.775590141152168     
   3.2141781254190942        30.665011958039884     
   3.1827028320569619        30.554782834986661     
   3.1517950474197236        30.444903813304176     
   3.1214408629952124        30.335375930223424     
   3.0916267991440498        30.226200369781633     
   3.0623397634778557        30.117378341399391     
   3.0335670454871906        30.008911102100541     
   3.0052963003686535        29.900799938921875     
   2.9775155397553323        29.793046170680402     
   2.9502131266576370        29.685651157460466     
   2.9233777466920912        29.578616248645989     
   2.8969984126341086        29.471942818016259     
   2.8710644401732592        29.365632219144167     
   2.8455654535418264        29.259685825032555     
   2.8204913646972605        29.154104991140514     
   2.7958323598275636        29.048891036662720     
   2.7715789116446068        28.944045307277630     
   2.7477217448716464        28.839569089908682     
   2.7242518413916113        28.735463651299959     
   2.7011604295286382        28.631730226019062     
   2.6784389753325200        28.528370011393708     
   2.6560791790446494        28.425384171841813     
   2.6340729635863984        28.322773831509569     
   2.6124124622714406        28.220540045073786     
   2.5910900270675037        28.118683851178261     
   2.5700982096405025        28.017206226055649     
   2.5494297592150734        27.916108095828797     
   2.5290776161400852        27.815390333594607     
   2.5090349060028538        27.715053757744212     
   2.4892949339208812        27.615099130251274     
   2.4698511792376729        27.515527156107890     
   2.4506972901796158        27.416338482023590     
   2.4318270788746275        27.317533695930585     
   2.4132345162932740        27.219113325455766     
   2.3949137255733892        27.121077827417682     
   2.3768589865167407        27.023427634752792     
   2.3590647169479078        26.926163080412469     
   2.3415254778826444        26.829284449506197     
   2.3242359674707518        26.732791966826856     
   2.3071910162737725        26.636685794559828     
   2.2903855821787822        26.540966026742243     
   2.2738147523887653        26.445632713965121     
   2.2574737338732156        26.350685838562764     
   2.2413578518989414        26.256125323716784     
   2.2254625465275719        26.161951032749357     
   2.2097833704447112        26.068162777097310     
   2.1943159832395249        25.974760301737160     
   2.1790561504878130        25.881743297487279     
   2.1639997404575380        25.789111400493525     
   2.1491427211038014        25.696864192092736     
   2.1344811572894904        25.605001199598526     
   2.1200112081178704        25.513521897449152     
   2.1057291244450966        25.422425708904207     
   2.0916312467989582        25.331712008777004     
   2.0777140009479242        25.241380115076005     
   2.0639738973135913        25.151429299586649     
   2.0504075301333655        25.061858792579411     
   2.0370115724527667        24.972667774555724     
   2.0237827751719095        24.883855381535074     
   2.0107179648207953        24.795420705434793     
   1.9978140396395820        24.707362781120665     
   1.9850679758740817        24.619680648209169     
   1.9724768131571682        24.532373259301348     
   1.9600376613500050        24.445439544347874     
   1.9477476969185390        24.358878398164112     
