   330.83784409791826        568.35350358742983     
   330.83771046971435        568.35350359622475     
   330.83743194512846        568.35350350122235     
   330.83690764650589        568.35350305725274     
   330.83599900962497        568.35350172610003     
   330.83452791657641        568.35349851431636     
   330.83227721476146        568.35349172154986     
   330.82899346664226        568.35347859793364     
   330.82439124596084        568.35345483221806     
   330.81815831948569        568.35341379882607     
   330.80996108096537        568.35334550360722     
   330.79944993986504        568.35323525243905     
   330.78626397361199        568.35306202139145     
   330.77003543692268        568.35279679231053     
   330.75039347809923        568.35240089796059     
   330.72696775888738        568.35182470002314     
   330.69939174337662        568.35100670344627     
   330.66730608402497        568.34987334799155     
   330.63036196023182        568.34833947632899     
   330.58822454576392        568.34630958940431     
   330.54057639914407        568.34367977406930     
   330.48712094871490        568.34034026006077     
   330.42758552186416        568.33617839751184     
   330.36172424804170        568.33108195325440     
   330.28932029508428        568.32494250141804     
   330.21018764490907        568.31765878121871     
   330.12417212117663        568.30913985018958     
   330.03115171405835        568.29930793473420     
   329.93103617117555        568.28810085486737     
   329.82376580107177        568.27547399920206     
   329.70930967353218        568.26140178206265     
   329.58766308873953        568.24587859364715     
   329.45884455996116        568.22891924108433     
   329.32289231286325        568.21055891793935     
   329.17986034637278        568.19085273172993     
   329.02981425572045        568.16987482874754     
   328.87282682446755        568.14771721746251     
   328.70897345205231        568.12448822761564     
   328.53832760591013        568.10031080561544     
   328.36095619178758        568.07532058276308     
   328.17691492306767        568.04966384515160     
   327.98624444245303        568.02349523459384     
   327.78896529694947        567.99697569870932     
   327.58507441677455        567.97027011606747     
   327.37454111580990        567.94354504763351     
   327.15730347756687        567.91696648202276     
   326.93326498490995        567.89069761382405     
   326.70229138964970        567.86489667698595     
   326.46420782513087        567.83971483290964     
   326.21879617373008        567.81529413262263     
   325.96579266111104        567.79176555059303     
   325.70488569175899        567.76924709834657     
   325.43571392216160        567.74784205501055     
   325.15786453061156        567.72763717789087     
   324.87087160916514        567.70870115442563     
   324.57421499423714        567.69108299698883     
   324.26731903981312        567.67481060076375     
   323.94955165952530        567.65988935318035     
   323.62022361498788        567.64630084236126     
   323.27858788515283        567.63400162629637     
   322.92383928457321        567.62292207412088     
   322.55511429300515        567.61296533443863     
   322.17149104337028        567.60400633579115     
   321.77198964350805        567.59589089885719     
   321.35557262552743        567.58843491650271     
   320.92114584740131        567.58142364342496     
   320.46755961275380        567.57461109804717     
   319.99361022861200        567.56771950519487     
   319.49804210013548        567.56043899706776     
   318.97955009400715        567.55242733780835     
   318.43678265281153        567.54330983008458     
   317.86834542382712        567.53267946434380     
   317.27280545366693        567.52009714384928     
   316.64869612419176        567.50509225218616     
   315.99452266569165        567.48716337966744     
   315.30876829069337        567.46577931796583     
   314.58990090307032        567.44038035661822     
   313.83637666534457        567.41037951893202     
   313.04666070980011        567.37516524161072     
   312.21921510247040        567.33410223337478     
   311.35251863623654        567.28653436745572     
   310.44507042097177        567.23178694417629     
   309.49539605931500        567.16916922348378     
   308.50205221869237        567.09797682292310     
   307.46363496377035        567.01749477369196     
   306.37876350897312        566.92699780368673     
   305.24610832763625        566.82575552282344     
   304.06437122680444        566.71303223885832     
   302.83228681366899        566.58808896180255     
   301.54861789811883        566.45018453461876     
   300.21214906306210        566.29857640244200     
   298.82167974211512        566.13252095200983     
   297.37601570712525        565.95127350796133     
   295.87396040947880        565.75408803178379     
   294.31431471084665        565.54021799789496     
   292.69583544380225        565.30891028394228     
   291.01727238229972        565.05941172689325     
   289.27733220781977        564.79096369436775     
   287.47467802947466        564.50280232648402     
   285.60792329021575        564.19415782539386     
   283.67562685240711        563.86425406966214     
   281.67628944798463        563.51230842335735     
   279.60835147482851        563.13753199018311     
   277.47019228122468        562.73913031491361     
   275.26013126359095        562.31630461678037     
   272.97643085162059        561.86825367807580     
   270.61730155584871        561.39417641848399     
   268.18090958856595        560.89327529401726     
   265.66538711973055        560.36476068846662     
   263.06884626938881        559.80785618839786     
   260.38939635058762        559.22180512081695     
   257.62516615356611        558.60587836354057     
   254.77433088360743        557.95938336691529     
   251.83514555120200        557.28167490986073     
   248.80598462431340        556.57216709359705     
   245.68538952579783        555.83034717397868     
   242.47212380848484        555.05579068573377     
   239.16523705724910        554.24817811230639     
   235.76413687340380        553.40731262526685     
   232.26866858363016        552.53313854636065     
   228.67920100529818        551.62575977765823     
   224.99671576925158        550.68545750727378     
   221.22289684028362        549.71270591355301     
   217.36021548477535        548.70818454001278     
   213.41200540347410        547.67278589791829     
   209.38252213897456        546.60761672518470     
   205.27698116598458        545.51399153826947     
   201.10156946250675        544.39341753393364     
   196.86342742762247        543.24757067737971     
   192.57059985479225        542.07826295951145     
   188.23195500276515        540.88740322264437     
   183.85707748456130        539.67695350080953     
   179.45613334212973        538.44888117916139     
   175.03972610065466        537.20511753445953     
   170.61873393393569        535.94751558322616     
   166.20414663699864        534.67781707256734     
   161.80690361457334        533.39762716902499     
   157.43771670187456        532.10839130151203     
   153.10701680914326        530.81141364789323     
   148.82468298005668        529.50781521306578     
   144.60002506433156        528.19856722278234     
   140.44166293988226        526.88449356006095     
   136.35744907281378        525.56628311926670     
   132.35441083992049        524.24450363828259     
   128.43871231744242        522.91961583934346     
   124.61563510059017        521.59198705457845     
   120.88957730216374        520.26190388624627     
   117.26406906124625        518.92958354911957     
   113.74180292246449        517.59518399238846     
   110.32467637391484        516.25881262612847     
   107.01384451133002        514.92053399115207     
   103.80977974165785        513.58037635594712     
   100.71233656874307        512.23833752157861     
   97.720818709959246        510.89438995875690     
   94.834046706419869        509.54848529902415     
   92.050424279225339        508.20055839565060     
   89.368001977646315        506.85053092738985     
   86.784537207783643        505.49831467162829     
   84.297549769464638        504.14381440168501     
   81.904372590013637        502.78693050708881     
   79.602197349513503        501.42756129555994     
   77.388115033617424        500.06560503806622     
   75.259151482322125        498.70096174436145     
   73.212298287551036        497.33353473360017     
   71.244539109540554        495.96323183136872     
   69.352872162337079        494.58996651274526     
   67.534328709159595        493.21365883454672     
   65.785988492892415        491.83423613363061     
   64.104992118650969        490.45163355839861     
   62.488541267048156        489.06578677446481     
   60.933945625428777        487.67666375016933     
   59.438567999041645        486.28421693050689     
   57.999869513399993        484.88841569780328     
   56.615401922637226        483.48923842814730     
   55.282808783977138        482.08667222640111     
   53.999825903903556        480.68071287562026     
   52.764280975195717        479.27136466056214     
   51.574092498455848        477.85864017300366     
   50.427268210064661        476.44256008678309     
   49.321903123514673        475.02315288595253     
   48.256177154754035        473.60045462212275     
   47.228352499579366        472.17450838525986     
   46.236771303252439        470.74536490999293     
   45.279852173439743        469.31308093169042     
   44.356087702588361        467.87771975873238     
   43.464041404681730        466.43935083490288     
   42.602344652172576        464.99804922160013     
   41.769693863481002        463.55389546729970     
   40.964847584424533        462.10697526751954     
   40.186623627037754        460.65737917173089     
   39.433896291852996        459.20520226729320     
   38.705593771792557        457.75054392511078     
   38.000695498256910        456.29350751704993     
   37.318229629672892        454.83420006717347     
   36.657270691129789        453.37273202367362     
   36.016937293084688        451.90921708766939     
   35.396389843724187        450.44377177869535     
   34.794828564721648        448.97651543069748     
   34.211491421976810        447.50756970657960     
   33.645652184841978        446.03705855567659     
   33.096618641879871        444.56510784882221     
   32.563730870722054        443.09184528179395     
   32.046359582847330        441.61740005989793     
   31.543904559824057        440.14190280348981     
   31.055793183974771        438.66548525348810     
   30.581479007472105        437.18828011721513     
   30.120440458859711        435.71042087742529     
   29.672179543350364        434.23204162124483     
   29.236220631146729        432.75327680946452     
   28.812109395893231        431.27426123176036     
   28.399411684500294        429.79512981114800     
   27.997712540898100        428.31601742217032     
   27.606615230160745        426.83705868084246     
   27.225740281437460        425.35838794327901     
   26.854724681929486        423.88013901398534     
   26.493221072497914        422.40244505891604     
   26.140896934024582        420.92543866958800     
   25.797433887150426        419.44925151479083     
   25.462526974908926        417.97401417910396     
   25.135884074608512        416.49985642351481     
   24.817225189154055        415.02690664641892     
   24.506281923711381        413.55529195512145     
   24.202796895014668        412.08513829100605     
   23.906523245196393        410.61657004516269     
   23.617224088820443        409.14970981673991     
   23.334672105763751        407.68467895907412     
   23.058649053983309        406.22159699420820     
   22.788945306316766        404.76058129043128     
   22.525359633898358        403.30174836774705     
   22.267698554993448        401.84521195670800     
   22.015776143562107        400.39108403982129     
   21.769413674345685        398.93947478965060     
   21.528439257973723        397.49049215475526     
   21.292687550203901        396.04424198735762     
   21.061999468325983        394.60082818099124     
   20.836221896532280        393.16035222374825     
   20.615207435471120        391.72291361088980     
   20.398814147755274        390.28860947819447     
   20.186905316271613        388.85753473122151     
   19.979349218393459        387.42978198923646     
   19.776018912139211        386.00544156720258     
   19.576792084838665        384.58460187108483     
   19.381550648569974        383.16734775847641     
   19.190180867385809        381.75376296247487     
   19.002572973438305        380.34392847586270     
   18.818621049551616        378.93792293267200     
   18.638222871405866        377.53582261694987     
   18.461279754829580        376.13770146653206     
   18.287696410585514        374.74363107588448     
   18.117380806493983        373.35368070716578     
   17.950244034931877        371.96791729107383     
   17.786200187898363        370.58640544071113     
   17.625166234687264        369.20920745633941     
   17.467061912598371        367.83638336346633     
   17.311809615519106        366.46799093502739     
   17.159334285354458        365.10408566280893     
   17.009563330361431        363.74472088751264     
   16.862426496132105        362.38994761568426     
   16.717855808178321        361.03981476635624     
   16.575785469836855        359.69436908809524     
   16.436151779600522        358.35365518111911     
   16.298893057897097        357.01771556695803     
   16.163949566774146        355.68659069007975     
   16.031263437257607        354.36031895088382     
   15.900778594721915        353.03893668801464     
   15.772440715122503        351.72247839227316     
   15.646197135018404        350.41097653775529     
   15.521996798301791        349.10446167019307     
   15.399790210517988        347.80296252549920     
   15.279529367321276        346.50650596053049     
   15.161167707485736        345.21511703501716     
   15.044660061279647        343.92881904396643     
   14.929962600509455        342.64763354512075     
   14.817032796253633        341.37158044889560     
   14.705829367440392        340.10067798932613     
   14.596312229371952        338.83494268665999     
   14.488442486750717        337.57438971852554     
   14.382182336915672        336.31903241201019     
   14.277495093041685        335.06888286673791     
   14.174345109238406        333.82395163698732     
