   44856513694.8129262040026114034840995      
   44856513694.8129132566504585428706596      
   44856513694.8125869339925727202208319      
   44856513694.8085574852974772848239206      
   44856513694.7788646166490557226663489      
   44856513694.6292166113332420979502769      
   44856513694.0614601209842252200848230      
   44856513692.3262778895408481902218449      
   44856513687.8425343817468955850504102      
   44856513677.6957539089010223945137800      
   44856513657.1313080358400278749367819      
   44856513618.6431366470512332803658016      
   44856513551.8766267059588540149394790      
   44856513442.8906822038431080254102907      
   44856513274.0013493501657341354201098      
   44856513023.8476001945018720629393061      
   44856512667.8039084462401388312724614      
   44856512178.6128712538736066007586111      
   44856511528.1070500051180381979998926      
   44856510687.4699055554028597851422057      
   44856509629.7365255710545193379106264      
   44856508330.3010945550330932857629824      
   44856506768.5275800571104739623379325      
   44856504927.7768987053183915089182725      
   44856502796.0670110118965347154491297      
   44856500364.8714630937913744708292153      
   44856497628.3824324865436191679961139      
   44856494581.4454902031486175220602303      
   44856491217.9834977191553520402238903      
   44856487528.0485039675402385441135161      
   44856483495.6102544562561976991835386      
   44856479095.5831517874260996060373834      
   44856474291.4990867065556428122594492      
   44856469032.7937762067310048671349053      
   44856463252.9300916063072961406326528      
   44856456867.1238549169784092849971851      
   44856449770.8498095834000152491161853      
   44856441838.3868735155975021359612854      
   44856432921.7306723429480808013980824      
   44856422849.6805073930751645430214708      
   44856411427.3026392751393855342199157      
   44856398435.4403913606771272423742249      
   44856383630.2109318102476592861415142      
   44856366743.0841012330984506955734854      
   44856347480.3761135975034183378004462      
   44856325523.3345124427054401417285442      
   44856300527.5859438546275730417588602      
   44856272123.2142631067816947556258700      
   44856239914.0292128733077156174462105      
   44856203477.2574557071634482963788590      
   44856162362.8478791569862620790048570      
   44856116092.5211217988006824373126592      
   44856064158.8457999984257148886453668      
   44856006023.8945524032576298268208635      
   44855941117.8112342992754664764732608      
   44855868836.9500235448551955271333116      
   44855788542.0222400270528744194589302      
   44855699555.7254924817170147422810297      
   44855601160.1510460819697361178168465      
   44855492593.8761589842995890331347569      
   44855373048.7247138956923838869719271      
   44855241666.2591104978976723335010577      
   44855097533.6512145845062810912258225      
   44854939679.5585432343164355870992370      
   44854767069.1426062585684008949166932      
   44854578599.1044140624180865529866265      
   44854373091.8767004194695722106296636      
   44854149289.6713674757722441870885785      
   44853905847.7869289005499441652486548      
   44853641327.4872401561754880101806805      
   44853354188.3920058191534161562419351      
   44853042780.2977423170557549509601240      
   44852705336.6383988706025038053367576      
   44852339956.2105704225512633903061030      
   44851944605.9626028809432975948313414      
   44851517101.8370104917605635515755945      
   44851055099.7698156568094621583051718      
   44850556083.4379779147948794865987417      
   44850017351.6537322582694264989048842      
   44849436004.9019576318172297827832885      
   44848808931.2222118285976275957005381      
   44848132791.3714263472001284521988222      
   44847404003.5554456752133145189306192      
   44846618727.0880629940416944641547096      
   44845772845.7739099302216564367380668      
   44844861950.8841735241682400548121633      
   44843881322.8689814223111830788201625      
   44842825913.6322931617755947866265064      
   44841690327.8725403385533286280371784      
   44840468804.3585712062451218502686596      
   44839155197.2321907894702017545334156      
   44837742957.0235519217427630492427734      
   44836225113.4209239570106727212580976      
   44834594255.6654385078815359398678327      
   44832842516.6410807348762427674200331      
   44830961556.1416332558186486586823433      
   44828942556.1517668882340538328489807      
   44826776166.6261645760830667943455000      
   44824452553.7943919157814032290381401      
   44821961353.7798445158185279664079114      
   44819291677.3125906432257451433670601      
   44816432112.6573508523991189521188448      
   44813370734.5112354536128452196883913      
   44810095123.1060132741269980910817619      
   44806592385.8995012805159121613791891      
   44802849152.8348595442016882348351848      
   44798851421.9128621338828616123147470      
   44794583825.0418479785823654268768322      
   44790027234.6693078656794598256047748      
   44785154138.1751331332452867887345325      
   44779928382.6632703438775237962490038      
   44774315153.7813577951194760149594647      
   44768284132.2898653215498620980097737      
   44761804393.9437764297743074787998023      
   44754844544.5783355946750992236444826      
   44747376464.5131060098091065439685525      
   44739378119.4039136144269284812014594      
   44730833981.9863409944693464008390780      
   44721733647.3048162454185463878651264      
   44712069826.7542807155793889707029644      
   44701836455.4737228108107305694739097      
   44691027541.6976759254494392475354119      
   44679636316.1514274830025579178310661      
   44667654896.6519441999045550148745869      
   44655074173.7449019180107407276963276      
   44641883853.5384423877780227057636157      
   44628072444.7380854798724118459543957      
   44613627528.9368682231640993770043984      
   44598535754.5994474661838473908807481      
   44582782972.7922058195272261821826929      
   44566354326.9300682922588906787525228      
   44549234329.4633246638665714723994995      
   44531406925.4506392240001205567253869      
   44512855546.2379166614924092752423413      
   44493563153.6929198762930103185336515      
   44473512277.4417174564351773318084720      
   44452685046.0119548651888123695255554      
   44431063213.0292750844139790689284753      
   44408628179.8531611377926479025823062      
   44385361013.7847847688316619040500470      
   44361242460.9864136053892166111722114      
   44336252976.8586987286738668576825181      
   44310372712.7207822709199462326602110      
   44283581542.7988201763764238966769992      
   44255859069.7716297964847501789731330      
   44227184631.4737173376792317763299113      
   44197537309.6504624701804006631563617      
   44166895933.3082682352324808722000989      
   44135239086.5226232751182854441441567      
   44102545111.8092896167492071079541113      
   44068792114.8140013756902302174897217      
   44033957967.3761164774463765375495182      
   43998020312.2423059592712287894378872      
   43960956565.1195259066633572216141587      
   43922743917.7408226334045949959996394      
   43883359340.4255483261212769512419760      
   43842779584.2462892924262366854451688      
   43800981183.5146221343658252360227919      
   43757940456.9617865406218486089672878      
   43713633510.1417679076797467140091976      
   43668036238.7278813070838238968835925      
   43621124326.2394937145339702104002375      
   43572873249.8076951260551399874159595      
   43523258277.7859731985431416762913485      
   43472254472.5378971044733107620117089      
   43419836695.5656024507038423198547328      
   43365979598.3331777787587965301512913      
   43310657635.0107239386972017112835103      
   43253845058.7720174928854366114139920      
   43195515917.9202865448235272221696021      
   43135644097.6639269206899191654389823      
   43074203183.7364753482303334243997998      
   43011166666.4738523929006778350088507      
   42946507798.7792868970403398854538842      
   42880199646.3156589720215401274018393      
   42812215070.1833417337473350334651989      
   42742526742.9553347559462680735596095      
   42671107136.9699111958758761892647592      
   42597928534.8015263891952030527798026      
   42522963023.4159742058675268268264598      
   42446182493.8051755930275931187738680      
   42367558651.5799409108170718169666514      
   42287063002.9016895673246046184106763      
   42204666866.3148809029545195304204916      
   42120341367.1686518117060335579862036      
   42034057436.8555537846382483204036393      
   41945785823.4990071586145546473856742      
   41855497076.7454382863932723866509835      
   41763161561.1414545408450812716293907      
   41668749447.9077524369963867379263432      
   41572230721.3837210878162521592295423      
   41473575177.8755154003606514895365846      
   41372752420.2140946799494815556860725      
   41269731861.9377565662797152717748029      
   41164482731.1774209696433571706952367      
   41056974063.4964708844896888271230158      
   40947174708.0292262148967874481409799      
   40835053326.5264710731769315892428663      
   40720578391.5594133706896659083108114      
   40603718185.3618295271622817382197848      
   40484440805.6679436116346146290636037      
   40362714159.9585802450560857567275284      
   40238505968.9802737775152132321489867      
   40111783765.0384407992841029123389332      
   39982514892.1228833395463828376561622      
   39850666507.1073063031155943813749349      
   39716205580.2722064615842322266129407      
   39579098892.1593355022388741100030313      
   39439313038.1739972962062693259399356      
   39296814423.1509133083238935193599423      
   39151569268.3928512837026574827751527      
   39003543604.0129050352930637882190306      
   38852703274.5263421093600530529346191      
   38699013935.4087657405638226403874685      
   38542441056.8625128141901815819573520      
   38382949922.3168750795428564652461114      
   38220505623.1541294535996204070040591      
   38055073068.5915409483767774321901290      
   37886616974.6669666759457202042882008      
   37715101877.9435258193610783053713339      
   37540492122.7704975657444529849819621      
   37362751862.3254589253416211348664731      
   37181845066.8391287665598154745515028      
   36997735523.5799136688415691364177869      
   36810386821.7042613281070235663402410      
   36619762371.0564491887235095238739079      
   36425825392.4414473439955423631815365      
   36228538909.2805143025939140224740490      
   36027865776.2164043362880083912472976      
   35823768648.8040581352133939830166377      
   35616209988.7328554201671540289959133      
   35405152081.8325428197591423628354534      
   35190557021.7315190988655642847605992      
   34972386714.2605773902005081830568567      
   34750602877.7296145665705896449105073      
   34525167041.5262093963026088430532398      
   34296040544.2009745839129361030305226      
   34063184542.7039075040162795686296893      
   33826560003.8395250877093374782394120      
   33586127707.3745651948642935449614392      
   33341848243.6856693004962517151272520      
   33093682015.5673299036023655019503092      
   32841589238.9716994375890353538256724      
   32585529937.5212034118804501803644941      
   32325463951.7428832066271948874860068      
   32061350932.0586498188424142538891414      
   31793150340.9244125423440163732325343      
   31520821452.6790384017313631286088890      
   31244323353.5263715525051385972602659      
   30963614941.5154852999499228334701166      
   30678654925.9522418695777531862228178      
   30389401828.5015484407179350741147684      
   30095813975.8291676665584385860381837      
   29797849529.1047293780501546008889255      
   29495466431.2515289094396898569437559      
   29188622454.7828706390564319209533804      
   28877275182.3096672621064900905557142      
   28561382005.0402969138307550551618727      
   28240900124.8859762327537040373812911      
   27915786555.6256405286037474038382822      
   27585998126.9285266119355681386093914      
   27251491476.9874842135517928695159354      
   26912223056.1573326434198073369096361      
   26568149126.5330630714614283750161969      
   26219225761.5923657177956879184137375      
   25865408846.3573847973385409652567893      
   25506654077.4406737150158425878853366      
   25142916963.0381117643065442676954428      
   24774152822.3006190949938372213049578      
   24400316786.6852724957804267213698964      
   24021363798.0152114786605223263603956      
   23637248603.2533343247392486832075287      
   23247925778.5508164794070188899249662      
   22853349701.7310379647049300586761959      
   22453474559.8552415653045774820963745      
   22048254357.3404998555518389481255682      
   21637642904.1806258522989730566239173      
   21221593824.0850027722775846048781188      
   20800060551.5103560756733757339286128      
   20372996332.7801149501359821842928244      
