   44856469268.3475634882720836555237419      
   44856463512.4294779230806905040973342      
   44856457154.5893893827256076755040081      
   44856450091.1949924931525310971173163      
   44856442197.4434696056862015225132690      
   44856433326.3115531647239482082815723      
   44856423307.6161758562977525821602202      
   44856411947.4360811985849926017411015      
   44856399027.6740108185562713714928416      
   44856384305.4991394441276289843591933      
   44856367513.4532919773853227820807692      
   44856348358.9439705067951504253715719      
   44856326524.2509351801601431171797661      
   44856301666.1510992749602647521251483      
   44856273415.8207837405150418983066749      
   44856241378.1974317888304854513770780      
   44856205131.6643866595870132519707307      
   44856164227.3551768020875543544385594      
   44856118188.2195020856317647090851784      
   44856066508.1003717239186363645226741      
   44856008650.4059648138607680359024260      
   44855944046.6838696522119501970146486      
   44855872094.7734790182966156554832186      
   44855792156.9601734439538299366096331      
   44855703557.6223152144093729054686210      
   44855605580.6487645907817508550423030      
   44855497466.5449326764959666090645455      
   44855378409.2100954955757366360517245      
   44855247552.4419648725213491336367024      
   44855103985.8247729782089800310552650      
   44854946740.6080021449692846319928715      
   44854774784.8210916079126187818694441      
   44854587018.1675348218676141244322106      
   44854382266.3978398355019626810138198      
   44854159275.2971626697316735526897648      
   44853916704.0303099408053128959662375      
   44853653118.0433620884922371385216318      
   44853366981.4773767506709117289832831      
   44853056649.0154463690996149563873552      
   44852720359.3426145184178698267608682      
   44852356216.9882019713674876134201655      
   44851962195.0189730338109900670695352      
   44851536115.9800553938250413055885562      
   44851075642.9073382989760012719399806      
   44850578267.1407643657280942628320713      
   44850041295.6691633080545030358575725      
   44849461837.7615545875152430103642777      
   44848836790.8655044534828315342770054      
   44848162825.7883973231097793395730975      
   44847436371.4558422472724964388966077      
   44846653598.6406222987319384864334602      
   44845810403.2684597668292980830096872      
   44844902389.5369204254331878835227084      
   44843924851.5612160711412919379671361      
   44842872755.7769857520414811918890640      
   44841740722.0617545457393908700429893      
   44840523005.3742071233234446808211009      
   44839213476.4898154486268739656753159      
   44837805603.8399127711562551566071480      
   44836292435.4377443509317656759498079      
   44834666579.7911604188468897638534293      
   44832920189.6742309403845409594897639      
   44831044945.4585962378248563268066453      
   44829032050.3135755273482983297567288      
   44826872176.0416363290511249582182547      
   44824555511.0171311704537066198932752      
   44822071713.8234090212903889185496866      
   44819409917.7629434528892680165005335      
   44816558733.0441522213858955860927300      
   44813506256.3988283892321930336470907      
   44810240088.6067070473047455738267356      
   44806747357.2363348764576666007559049      
   44803014713.8794737830467345776718787      
   44799028191.8998536612390015647313804      
   44794772513.7374766392397911363326379      
   44790228798.1553628555291776033692029      
   44785369971.6326220957825659294908301      
   44780160093.5586779025508088884256040      
   44774564106.1844919429027144347399513      
   44768551613.1898654335520775953402648      
   44762091760.5498858351925413812147427      
   44755153103.0217963571083303111755295      
   44747707307.1097326840590409601761430      
   44739732052.1825072545751060999059336      
   44731211551.7085663600195675299744475      
   44722135221.8632206059148301762467187      
   44712495682.1500261176111129819116601      
   44702286842.0937218828772496541219715      
   44691502729.2009416854149687708515668      
   44680136615.9299857876985415001710477      
   44668180671.5308114481648702876335770      
   44655625839.3879525034969716846921783      
   44642461876.2598053744454647888568876      
   44628677335.9014286961880818131530757      
   44614259841.4946206797266032663683412      
   44599196077.8477675999639253267888797      
   44583471928.3156372643063633462128124      
   44567072564.9270575205344612629545686      
   44549982525.8786305507089326394968423      
   44532185779.2917783483492324602054645      
   44513665777.5994579376924680598254475      
   44494405501.9376360133480236994409027      
   44474387499.8567169761012342910986035      
   44453593916.4535773484405164280855298      
   44432006520.9747491783133554620656002      
   44409606729.3561899013159272768797581      
   44386375623.1432691648358180646052213      
   44362293961.5077858294611114543384188      
   44337342212.6636272710837785478042284      
   44311500540.2306853927627310105059611      
   44284748830.2892649734408850051853057      
   44257066696.9945246714948957416768691      
   44228433489.6589610877946382334883043      
   44198828300.0794078535113239061018831      
   44168229968.7573227976478542829392371      
   44136617089.8733666028332252814459099      
   44103968016.5866140895490697427875320      
   44070260863.6272797657394196207028656      
   44035473513.7157898336384659994324884      
   43999583619.0978859772932037714288131      
   43962568605.1132958913761286602349201      
   43924405673.0462272676160473823506513      
   43885071802.6652931918169644232359947      
   43844543754.3737573963718328966612328      
   43802798071.7202546830960021781475790      
   43759811082.5932470947590973327080571      
   43715558901.8946957496148593707320528      
   43670017434.0512055848896897302567272      
   43623162371.6237811324267787647217460      
   43574969201.6742196015570417391386995      
   43525413198.3648689307112110437277007      
   43474469435.8702570423507671403465777      
   43422112783.3263212190337167478921925      
   43368317900.5254314679399487402540575      
   43313059252.1636900023522301204341975      
   43256311097.8897924305807367690055624      
   43198047495.3685493921297513891727016      
   43138242338.3008049436692340922198344      
   43076869221.0054083024028806615766488      
   43013901641.9951854385760950914226929      
   42949312863.1810281048240695566289589      
   42883075958.0792571519722836876337946      
   42815163796.5265848310993596302274834      
   42745549059.2486841564254778674942560      
   42674204226.9987430051880234969168899      
   42601101590.5617749303201921886286860      
   42526213245.2414177105826286096869013      
   42449511090.5334187782773214426444947      
   42370966840.0259621918839442013418559      
   42290552008.2318674772780604688019147      
   42208237921.8261235452091858312902968      
   42123995714.5187823420233157560485788      
   42037796325.5716055726068301554134818      
   41949610511.5412352954095023830515875      
   41859408830.3062107574235747582560342      
   41767161654.3325741320368243629068260      
   41672839163.1536054411287226915743414      
   41576411349.1466695511200569510729476      
   41477848016.5878951997172678260936283      
   41377118776.7265597115656983661450559      
   41274193051.0644428245256234275915065      
   41169040075.8090807227334947366972793      
   41061628894.6187595789676402332046234      
   40951928364.7329238875412490827999099      
   40839907155.9406223678091385751374477      
   40725533748.9214455840123084868898085      
   40608776433.8938810669524543432806219      
   40489603316.6991452152257031138589971      
   40367982312.8979190533174790285525030      
   40243881151.2510255459173951872772568      
   40117267372.1707850601972308478036529      
   39988108327.6126657820354272680842491      
   39856371182.5447470612541058127736242      
   39722022915.2742661954514024526394715      
   39585030314.3969688460200873218421044      
   39445359983.2841051743505682896392404      
   39302978334.9518132257280741902145863      
   39157851598.6273269669722296174000681      
   39009945812.4969070197568198745195699      
   38859226829.0979122238698425799265822      
   38705660311.9976480555223477158662207      
   38549211739.3141166236774129186651751      
   38389846402.6067062753401341310942912      
   38227529401.2251827331345855899554020      
   38062225652.4230249089486464864918781      
   37893899880.4570604517431570062912846      
   37722516629.6402257832929802431826104      
   37548040252.5712665966265733996239278      
   37370434910.3510124580824303631338770      
   37189664581.2456398947719069284347139      
   37005693060.6578305695910350023142458      
   36818483945.6561020157397530097024697      
   36628000654.1611271278156510079939139      
   36434206414.9430994054977984163246818      
   36237064259.9116993231280434779602100      
   36036537051.1963983267624563874930539      
   35832587452.6883569127918563042146775      
   35625177933.9531284383767750100191916      
   35414270788.9515936590003351757651573      
   35199828119.3515093548029358161488213      
   34981811839.0403622373010380521802655      
   34760183674.3423071860967441363676035      
   34534905162.9645590539415864877967809      
   34305937651.1029647802088862499521366      
   34073242304.0261775286359888535639645      
   33836780096.3673462243469135609321408      
   33596511816.1160127528561661271403941      
   33352398061.6670223228817044605528419      
   33104399243.8703107456012284353964453      
   32852475586.7690820230982747724120955      
   32596587121.9835909702856187869156687      
   32336693698.1451716480827232886819107      
   32072754973.7279962032885433401541944      
   31804730419.2508594622790140585796212      
   31532579317.1160517852106507864550549      
   31256260761.5917321239254319842706603      
   30975733658.7920918826425164957093078      
   30690956726.1324105750045402044362337      
   30401888493.2698459349604629008683371      
   30108487295.0168169170076407308157917      
   29810711300.5991962282245276327028012      
   29508518460.9268240473232792813687364      
   29201866556.5578153320087935410199587      
   28890713178.3180317848486011675086775      
   28575015725.4322214350737254492824535      
   28254731408.0041734773625321984582678      
   27929817247.6022054021668259464013374      
   27600230082.1443568308533962627087626      
   27265926557.8561258886889500853978131      
   26926863133.1982170905653185176789635      
   26582996078.3135486659150083409969094      
   26234281474.7699959217681559761802929      
   25880675215.6651712810767515988380279      
   25522133005.6874557992387264822819397      
   25158610361.1088044345420392512543421      
   24790062609.2285130947551784346830287      
   24416444889.3784415760656573885224900      
   24037712152.1498434614570023743410396      
   23653819151.4946558277776352731288930      
   23264720472.1320541239519352257656191      
   22870370500.0056259996658474402937199      
   22470723430.2683160634945797757791295      
   22065733275.3521867098639764236241899      
   21655353853.4493162014731471513117991      
   21239538796.1966011564380135329689141      
   20818241546.3981797164277044009614264      
   20391415358.0495751489594819521394719      
   19959013299.4177074175599415771355753      
   19520988247.6254623622710022595414670      
   19077292896.6712115540400461685242149      
   18627879748.3244509794024014647699997      
   18172701115.8740116765055841838921793      
   17711709124.3837551471267275493703624      
   17244855710.6772315285261666008928048      
   16772092621.1208686583430565587316623      
   16293371414.5195140169026996195780639      
   15808643464.4756432625853310303781931      
   15317859959.8374268126555914190483795      
   14820971895.0154903843751142556111510      
   14317930077.2954223964831005295130199      
   13808685125.2982965667284594508173634      
   13293187467.9846134263149802172514668      
   12771387349.6336724890990314104259891      
   12243234828.0059620113268616069475047      
   11708679768.5345736487066766361884493      
   11167671850.8804563744262330225697268      
   10620160566.4185024588285576850640711      
   10066095218.2118659620116270356452066      
   9505424920.99598109476415559862468896      
   8938098601.84601927234573286134587937      
   8364065003.43368915447646844224994249      
   7783272672.91186602523029552781742963      
   7195669976.20188614228546407648221185      
   6601205091.47392926142698913672668127      
   5999826003.67333534023277430571825988      
   5391480517.40025067477848562475879699      
   4776116245.74576509675860035214913958      
   4153680613.66561210701177081096241638      
   3524120859.34859978836373632571842080      
   2887384031.82763841853267777229729724      
