   1.14457846640443056011077489192291121      
   9.82241315363423056483969058400719467E-0002
 -0.991200731254242483135324738252276898      
  -2.01074462298179919477068927865671156      
  -2.84534778356919486541149114481737301      
  -3.38763169874820511963600671353925839      
  -3.55177406219034174307599761970129742      
  -3.28179231042912252728506462656972190      
  -2.55761591685120666751112568059961925      
  -1.39795655726763805696610757684976568      
  0.143267192004838949245917311161264868      
   1.98314635357981564128316064890837016      
   4.01716726198888751685288123104423376      
   6.13208337132104899040565853613191380      
   8.21404022998223381818261541952478564      
   10.1615110703263297884367018551010933      
   11.8891567091694722882756712484100694      
   13.3366622462976625408840160708971680      
   14.4659499681114639722463927118249393      
   15.2646353390172183383927662998317192      
   15.7399488876284263281002504029228823      
   15.9185031956457021430002084361692937      
   15.8370442770593585916333753056365604      
   15.5424216782092662885181001776168632      
   15.0843266798315756759516773733751682      
   14.5141901616936461325501184661526207      
   13.8805943529424992339017337448341620      
   13.2298461020645440000213769173751080      
   12.6019947050712461988394899250844992      
   12.0322455756374787077471026505729531      
   11.5494758945170700579860839754998334      
   11.1781864473101284236801680912760823      
   10.9376082061461434269075691621074107      
   10.8422726676837430151108335367162240      
   10.9033452814770900349683903057957477      
   11.1294010707029232196003681206012634      
   11.5258000334830089825131949155687636      
   12.0972681732990636049179367418482962      
   12.8470922909553770925978926704730424      
   13.7777211775866480940544677177860975      
   14.8924767320901008378461086721357625      
   16.1931979232010199831822603743912827      
   17.6841224681497235299251053038435339      
   19.3687884514294298778684954378737863      
   21.2522832525857281815769841503387773      
   23.3402682418319795409536268236444323      
   25.6400377861961895584177333654789553      
   28.1598242408039802472156060826436645      
   30.9091406773941485993553293524199728      
   33.8982965320581848777976470049329597      
   37.1396835590956637880188883421491312      
   40.6460956834885579222673830610835406      
   44.4316433336965234142378242451212131      
   48.5119257336168458237500775155534789      
   52.9032918335049545647715783303718988      
   57.6238935233858757085419287666184185      
   62.6919343349451960148200720236711229      
   68.1280033451402470891411546083483815      
   73.9536902152830668142695355248677081      
   80.1859193718573912259466969673872988      
   86.8687175578580023969031352179264880      
   94.0075397666678884285655371299986399      
   101.632175042415170274494164419264927      
   109.764339637038799270457002881550582      
   118.452453022818159754311821173987471      
   127.709744014552914892987212824353435      
   137.590171571038405692666037815844765      
   148.124041437450985041358154057131150      
   159.345681222602174336122389007372266      
   171.298320936314614522491852030142006      
   184.042212623316181821026902872218566      
   197.595539313956171624815930106660194      
   212.020928349561897365720038042745859      
   227.380823080573135210272463363176912      
   243.709345015056979153160219921550913      
   261.070737057905867473600486657986044      
   279.512097515766926678229051950522561      
   299.102115155899874267538818235004032      
   319.885098824417436011062878701498510      
   341.883902960506207847814799407824076      
   365.164057577530881599279632986374599      
   389.723409626925876873028125626593232      
   415.541972417129973039815965611116643      
   442.588891592550856316312465839648669      
   470.776554066222875052142509927650364      
   499.944256000179545551774484010261458      
   529.907277739209035836586965288468135      
   560.328686046720510997006646173625991      
   590.896469641292716871496415079787099      
   621.172100684183256417128798545826083      
   650.569166353492916999653949604745709      
   678.445887932362702820505648010068748      
   704.157354436573330968653514729247239      
   726.988195671323541871628098122781868      
   746.181639003058448421122358349055659      
   761.114654583884659323256683686085996      
   771.132849185292015955763651010751689      
   775.724652223768183570748168134731468      
   774.667467157242207897113077217706718      
   767.840093733574309947608104104056086      
   755.347868566825394169458051273713824      
   737.769684860147783074584621759503728      
   715.729790256706227342723894215222749      
   690.027098800683038058510810016749599      
   661.566353448765605817950078499244890      
   631.110852589930716110743724686061240      
   599.186312715570637084255564071203334      
   565.598675843461018582560941919979550      
   529.783435174516184907711908268212511      
   490.631200012474327087326877755115402      
   446.250361418277549176369821610560814      
   394.792031261394399359518186906038303      
   334.465622071080807339443330334169158      
   264.032755179801525742515645225809158      
   183.069674842616279271465462204584230      
   92.5771332978886908969224147333037963      
  -5.11640568401543083367448849317802205      
  -106.374474251241802847589320557636023      
  -206.508632929046833779805331145042790      
  -299.823901419351259241571909841245665      
  -380.871978273836129347807762782196689      
  -444.455872883163959593023783925913568      
  -486.474724023170267924948227937801051      
  -504.565241144873674886395249996756492      
  -497.916521240871211313888460697000040      
  -467.735144540888026215085732366916797      
  -417.083366784814902749512724028863468      
  -350.311305563941702868545106287715137      
  -272.535614896638509313143422180100434      
  -189.339061661747216041243503224561503      
  -106.010341054456709965326090021404828      
  -26.9480360854337107929046217177730035      
   44.4276225535450616758042637883907418      
   105.866099713891377972670831705331132      
   156.624496118337846232417948454065456      
   196.708870747898953943951761566126011      
   226.973912484466450931631712130699145      
   248.842182105754033340921182108751347      
   263.831010750121421753910164300414869      
   273.481820954891960277437016387266654      
   279.033870406046654304452779682008077      
   281.623119441454046956168795170285700      
   282.178145193232473892752682209316605      
   281.140088974948739313543910802817409      
   279.042408654096304988023224925026181      
   276.210284365723656802476384736969193      
   272.843566106082817066973929488812376      
   269.074265984267028643681546004709574      
   265.147384770289630987616641388039713      
   261.054567309463798424426117302954681      
   256.926506055910276543881288103239884      
   252.901810201701073671228582029074463      
   249.022378336215861628692828888000389      
   245.119064721700620738061912168333778      
   241.366987297984392498141620149817870      
   237.710545047924187492357845676812918      
   234.279016745444052147335487471245452      
   230.951366451470127178602317521217544      
   227.872951667699727364216800703387451      
   224.984332003769152136083308675637744      
   222.247824022280636010562810957601757      
   219.773214503340990238723974124507819      
   217.363430420599163499271314820822096      
   215.094302275056361160131995647721790      
   213.039144867304439452381240542560143      
   211.050893924546653636674955826461909      
   209.189320977031696738103194806311174      
   207.398330147081421525090189451424439      
   205.773246587106741665666697094390073      
   204.251786747216406594770314038508993      
   202.715048307205284312249162431997605      
   201.388064328260518093830759012012442      
   200.149874725684191188225082513457429      
   198.941728018977531287533084290306664      
   197.866208970451784051536650611623851      
   196.873116433229818072662322409253040      
   196.013886852894253706444549120821597      
   195.150740233010697656662571905479398      
   194.357744342665427148892202683157570      
   193.705978174654182089788342460301027      
   193.009852306432917169471263081029860      
   192.383586777576416248820629030394993      
   191.772700916204824555778853516505208      
   191.199591479082918766859936130832493      
   190.603851126501233905134676523556842      
   190.122737377739948270245047250396632      
   189.620409802032492264501611657286517      
   189.219394357659489298637168625387737      
   188.836539259758563065436364522255637      
   188.543496086041597511907858002341355      
   188.208303402346198522534497834867462      
   187.920151592555514631157425085292198      
   187.666935300057539002414136141624928      
   187.432664235218443112073266824610656      
   187.222235282228962792128350133372018      
   187.029852744144353364704997968196707      
   186.845112123342256402047310466839787      
   186.653939523520157291341947764216913      
   186.533945970363686733665834838937970      
   186.402240827750097480872214100974038      
   186.282080131797136354308482137756441      
   186.190550096960179763106793535771399      
   186.103816178715016326152930213032290      
   186.011199928409344795075910111444439      
   185.961984112176085458292016087939713      
   185.908641347709272066107164883296605      
   185.878501501979011474707976301766022      
   185.855992125619880891726475702177076      
   185.856959185541758531392129887114191      
   185.826927078079051717387257046254419      
   185.835245328792071258518713620858203      
   185.851355347948695845315724868234496      
   185.846362165662513732960833294169520      
   185.866271090407703322797365457674041      
   185.889055882731612631906318823737881      
   185.915545753903437301360261833871173      
   185.937451137088458217556929112357777      
   185.952923166004146826691756503266113      
   186.008688610422280962924602462909662      
   186.062633447847613776545207327030575      
   186.082848289087020041409315849112941      
   186.155333486360500849810520409291716      
   186.219071147399591140928508590897098      
   186.262734914494996048329981964890495      
   186.305385975174891397012328014829030      
   186.362298625640069498719610907346446      
   186.429333996189402825291406657328892      
   186.474688576810708782569513216069654      
   186.548699861521969540514573081338992      
   186.591066170546728559924062963880558      
   186.657182863557714062096732161411579      
   186.713466289259536407055149934173889      
   186.777330134520992611631430910088192      
   186.808171073662166970775560995668851      
   186.886546480333308986550285079118560      
   186.957274711243083568998898379554535      
   187.029084292756805685789877801332250      
   187.073776295471479512750677797853370      
   187.137200268879213314503687404120614      
   187.198756698150698002063989683598451      
   187.242612925379092673506552609807302      
   187.293580166403759940581224861626158      
   187.344941966641118498528944381402617      
   187.380469774291257849491706156102179      
   187.423151441733868465441032441568883      
   187.474249887868460086180974296292392      
   187.521528210115835124184725692015102      
   187.565820552647444145057368095384654      
   187.635306536532919993021482450371819      
   187.680887663802283292871819253122188      
   187.723956090122498981962358907366080      
   187.752420765934929694111203335969641      
   187.791478412671971609466705329162359      
   187.805701280743889654377361819946389      
   187.827846350527802497888003723435318      
   187.865656218255572201764872897258513      
   187.898143134206419511712427606485605      
   187.920545152160808732006136389500656      
   187.959124504176695197789483826373405      
   187.986591286584122232288343969173980      
   188.000419435591414160645824692079160      
   188.013264028957751157191729964026338      
   188.032682493994821863635156379337170      
   188.045120036179335915197030086583544      
   188.056588870846730227881595601293126      
   188.071562228646742849004609502304835      
   188.084271509732477075344867781366964      
   188.088441688152184316380659968574083      
   188.100479583798335415617062302065773      
   188.102088317716895809425611650263700      
   188.107249237536696114959230909465338      
   188.110411782219228506366363094024070      
   188.109661545335242296449653290150959      
   188.095923722592246146943034523659332      
   188.094678919182001109275946140832945      
   188.094956782312547139674204900053638      
   188.090142536498005987987930365774666      
   188.075121328389564802372688810269494      
   188.061634167952420250225497828049944      
   188.044150570893558069249232919154602      
