   347.713222407717571463968967098908890      
   347.713226613645062208355177568565237      
   347.713246189833817468133142808815889      
   347.713301714536609280397411452184273      
   347.713423625331221888782964841950971      
   347.713652482646294466483975930106238      
   347.714037925393177371848796663729836      
   347.714634934112137302598131321257792      
   347.715497432213779934929615136784143      
   347.716671311485947890067620447460985      
   347.718189371651331503651732812198562      
   347.720069502570168980958991177870035      
   347.722316046249395851574595889129289      
   347.724923444281255489529738521648942      
   347.727881055049455910111180014221248      
   347.731178165887747996265898581126244      
   347.734808488669365833070845413602332      
   347.738773674406435223751873825004877      
   347.743085565347279744162218007026181      
   347.747767027943834611276878724484115      
   347.752851303701958113943772677742104      
   347.758379901887016006412220849658699      
   347.764399149736170742457991454791648      
   347.770955609536459593837076432678339      
   347.778090656080319297292465761977849      
   347.785834569126198570761787806881964      
   347.794200523767744924371146657454592      
   347.803178853673165026669961128605328      
   347.812731921097737819115427253192569      
   347.822789861101438259659148150050566      
   347.833247386441890199015432738063933      
   347.843961752384833918689478617368895      
   347.854751900177000974541944263015511      
   347.865398725392563424127681666091569      
   347.875646361583873954962627460564320      
   347.885204329342594564159780279146687      
   347.893750376897414020177249275518026      
   347.900933828990936163246660066060252      
   347.906379263207248091399866605823531      
   347.909690345061177159299374780331020      
   347.910453671129905750670340355610593      
   347.908242493842834178099568218075198      
   347.902620220994871219663699942098926      
   347.893143612430236266742095386277892      
   347.879365618573394272936796773879037      
   347.860837823312166332965424786803345      
   347.837112475132688036686613323127992      
   347.807744104214406256012074371772751      
   347.772290734916107012116449443227936      
   347.730314717296347043641790205161689      
   347.681383240979909744245573853098449      
   347.625068358217041023907906781184956      
   347.560947035054167402275987306568403      
   347.488600653032826083753401114446046      
   347.407614445274861268425236844657303      
   347.317576716387200561995595188794935      
   347.218077874435886996490179678859975      
   347.108709675883270157026134866406371      
   346.989063720240734016459423079163795      
   346.858730532978534162431042041628247      
   346.717298319923926287107156650247490      
   346.564351912506048060328386876934749      
   346.399470958236929237010718765121627      
   346.222229587908045639257724589340348      
   346.032194688798550561133694692936372      
   345.828924633763000867197384837353330      
   345.611969394063576453778488419853808      
   345.380867884293327364636948348898184      
   345.135146849503207427155602677500066      
   344.874321621208640590033304192772866      
   344.597894015116024407009746588212846      
   344.305351453626692899703955668675689      
   343.996165940768216565091547217245702      
   343.669794365532797724610535441829791      
   343.325675854916775888901914636304804      
   342.963227704955075836799433416313987      
   342.581859477527268551679606242865159      
   342.180955177400956295953736234461353      
   341.759870945171290074495303773894515      
   341.317952093381842049301488772726028      
   340.854518151854585421710666378076001      
   340.368865475552320569671864833811605      
   339.860266292308142965770123186494105      
   339.327965345064601939250614280832587      
   338.771181955662488313545642531382938      
   338.189108205139137063900053429031425      
   337.580907733525660342870895890689659      
   336.945711289326073569159213922951999      
   336.282610418270075605657341199571102      
   335.590674749696745873416235233760944      
   334.868926940882055853423854711687590      
   334.116355650984575951715833629755404      
   333.331906225081704281061610527676479      
   332.514472487456826362675492952263271      
   331.662912670686265103658040010852066      
   330.776035444179432983811616678040932      
   329.852596023128484375529473252946524      
   328.891278652780077745170227941181792      
   327.890740601975582016169914928106894      
   326.849535216651663048294036294736720      
   325.766147972764840905335027212322864      
   324.639007098093759700841779319230693      
   323.466459579803931743636795687851651      
   322.246741862718222663694027222812837      
   320.978047779830546186908876770367651      
   319.658434542702405590450604151821314      
   318.285954109064968518571650859608043      
   316.858401613499996439546975683031661      
   315.373454823402512010401779860915571      
   313.828780331883602279924080253662235      
   312.221879442964702685506568010411454      
   310.550074470528889928571100227221043      
   308.810601354274851515863191931831339      
   307.000659868541613831432023656088689      
   305.116825662056810824088457762243444      
   303.155969365851093170392211919590950      
   301.114585597925441421746059257446909      
   298.989254379269485281017091097818331      
   296.775986774196721361786375903915931      
   294.470745896098308181785570413146713      
   292.069365092368184454234431502134852      
   289.567631044448601876972609452958109      
   286.960846757412930473441085309511898      
   284.244131400999121753716472005307316      
   281.412713785483560551958982144364642      
   278.461439103025984389280043777623390      
   275.384863486304255723296158728629395      
   272.177413837252785756112371791522247      
   268.833747034616013697701505256737173      
   265.348040007400314231642164644137074      
   261.713918212081285863631090096221018      
   257.925283784609651572872026508129120      
   253.976608642742546261431464173908448      
   249.861104901850235339534237679304073      
   245.572732328350382457019214407885369      
   241.105244140398551088177022305902541      
   236.452761828233976552344182446994323      
   231.609628571446467185419884507249025      
   226.570463223630060023495394194551607      
   221.331051223453900561472879221238167      
   215.887896122385080143524508159344937      
   210.239209763552699301584967334364751      
   204.385003833938404744592552056136233      
   198.327894518742237643480943488613662      
   192.073940732136593011562098204545546      
   185.633057119864830900272119926038215      
   179.020121872986122262605701499154187      
   172.255590625877359976829561717949827      
   165.366806977534176270304122711026755      
   158.387277228959704244782372587496944      
   151.357268358201726558669986779939565      
   144.322739026096730731431395597957978      
   137.333960726180622570265947918866290      
   130.443390033220258617960992642269285      
   123.702767388488127679145696949749405      
   117.160550494955278548174836078243271      
   110.859095340415342211479220531289605      
   104.832849875188450231282867956486396      
   99.1069797085534508948027808972455461      
   93.6973499988816219468146483325000200      
   88.6110650482716037553191006953311433      
   83.8475824626338874843664825512640758      
   79.3999580714175182009946786947502574      
   75.2567243132057864667165419183596546      
   71.4030258572020434188349895965006979      
   67.8220418467044128537069593646531671      
   64.4959480209388445626500467731346153      
   61.4065923996553419054138764400843283      
   58.5361697193774396883015093414466788      
   55.8675089061966843701948163575261572      
   53.3844410270368815565313585654344966      
   51.0717722109212039826305191629970154      
   48.9154105935773396692923039362233069      
   46.9024105256124925905990082854994591      
   45.0208891170401142926973859227183628      
   43.2600436051612761965262081347746303      
   41.6099763515416080873213446590380851      
   40.0616794213223253284428415580580522      
   38.6070046331922631091141063468085089      
   37.2385285973212450132666158424637408      
   35.9495273707955554131588360969484292      
   34.7338523143514162758312572732560640      
   33.5859657835683438348856444431324476      
   32.5007721501644726730896989740075585      
   31.4736774395203169536519382139184196      
   30.5004681306433301680034914294272288      
   29.5773157071024575789198667804680629      
   28.7007214531573854108269089458125652      
   27.8674678757941419425980302944657061      
   27.0746389304720015081409934260491720      
   26.3195366427209825996073609622427191      
   25.5996954733971339577167168507454526      
   24.9128471038598565238483095676010737      
   24.2569058959741576081863994890614508      
   23.6299505874924324471797923909026748      
   23.0302050317693939574439656119496608      
   22.4560333352400108637832950822374413      
   21.9059219991512773081563942252911301      
   21.3784677918473234586155473158680455      
   20.8723709824512813691692809989989127      
   20.3864261493344920430722099527754427      
   19.9195155775212155088324316233584309      
   19.4705966652832847790577386679408284      
   19.0387010335554910237459499238059694      
   18.6229248612695424025478049900147451      
   18.2224270030718520387733638641306609      
   17.8364206123464076790590654292264975      
   17.4641700567493662336358937666554516      
   17.1049884545870070007464513612969151      
   16.7582314333584960897957566548447678      
   16.4232954064272874702029224899794952      
   16.0996143073396640746611223688359050      
   15.7866557301410295341101634487600850      
   15.4839205657636190522225679530232938      
   15.1909387695409783783181357340863036      
   14.9072679736086295655793133459078284      
   14.6324916945452772083840641938883159      
   14.3662171474366381026113606264914590      
   14.1080741089386053319839489617778000      
   13.8577121469121468038640628337708969      
   13.6148009293085648701969547629477916      
   13.3790280079686128483283541297616116      
   13.1500975994709089194927104335603897      
   12.9277296731936557897031039660397916      
   12.7116588687737494483280168937743340      
   12.5016336721128167392617301275176227      
   12.2974156453140355456119452298194611      
   12.0987783454658512558191925905080051      
   11.9055064478120968339055934461685688      
   11.7173955873055691892769693380223185      
   11.5342511352023352851693637566761175      
   11.3558880964393202236000481465948451      
   11.1821303588399832933880143117481220      
   11.0128101243714321109784345178522798      
   10.8477675409498507236487248842952935      
   10.6868501243702193281053439812371655      
   10.5299123414823935041508164927428329      
   10.3768154964259318902619613603728976      
   10.2274268180864610920954259924183926      
   10.0816197008287860858685938407441985      
   9.93927301132765526350973921700364853      
   9.80027091937454102416509780063157719      
   9.66450257545208260118596966900267938      
   9.53186193112017372652351120706743422      
   9.40224739109588868073144654430733511      
   9.27556165907815388064214877631135864      
   9.15171136186860027236834984539288671      
   9.03060707101060341498585046622059104      
   8.91216309942503637787743703333110686      
   8.79629695442248197268811457294116563      
