   45.701713911335723        62.931284081219168     
   45.701713911335723        62.931284081219168     
   45.701713911335723        62.931284081219168     
   45.701713911335723        62.931284081219168     
   45.701713911335581        62.931284081219097     
   45.701713911314918        62.931284081208780     
   45.701713910583656        62.931284080843518     
   45.701713899984910        62.931284075549463     
   45.701713815955593        62.931284033575380     
   45.701713380608012        62.931283816095117     
   45.701711726638287        62.931282989730157     
   45.701706746204920        62.931280500825167     
   45.701694198279782        62.931274228157818     
   45.701666701819107        62.931260476944658     
   45.701612785319895        62.931233498710519     
   45.701516146053159        62.931185113112001     
   45.701355218414285        62.931104480934891     
   45.701103080607780        62.930978041220790     
   45.700727668823596        62.930789593547651     
   45.700192224572305        62.930520482602624     
   45.699455888099429        62.930149835341595     
   45.698474346510501        62.929654800196715     
   45.697200468549688        62.929010753673715     
   45.695584901833428        62.928191469253768     
   45.693576572364158        62.927169225311999     
   45.691123162581498        62.925914912475861     
   45.688171517962772        62.924398125979451     
   45.684668045955831        62.922587295970402     
   45.680559113553151        62.920449869401033     
   45.675791455220981        62.917952558154404     
   45.670312594053662        62.915061657134835     
   45.664071255546425        62.911743417490378     
   45.657017778913620        62.907964469885030     
   45.649104479119657        62.903692261372676     
   45.640285979039916        62.898895506727172     
   45.630519455958165        62.893544605391625     
   45.619764796098927        62.887612011521632     
   45.607984655978917        62.881072542982579     
   45.595144425798004        62.873903616742354     
   45.581212072782613        62.866085389282958     
   45.566157888507554        62.857600810777335     
   45.549954112823421        62.848435574613191     
   45.532574592147306        62.838578030596523     
   45.513994126286754        62.828018912355496     
   45.494187984148191        62.816751090829683     
   45.473131252986285        62.804769208818001     
   45.450798170840763        62.792069266759810     
   45.427161450109914        62.778648172221288     
   45.402191568946037        62.764503240896474     
   45.375856068548643        62.749631676107583     
   45.348118853747003        62.734030028637676     
   45.318939501408046        62.717693644017764     
   45.288272588039213        62.700616106683960     
   45.256067037914057        62.682788684920610     
   45.222265480710718        62.664199779060830     
   45.186803645239372        62.644834376785255     
   45.149609772876033        62.624673529740789     
   45.110604020108518        62.603693812852221     
   45.069697922822982        62.581866832821120     
   45.026793837492043        62.559158720051059     
   44.981784399343184        62.535529637776776     
   44.934551979380224        62.510933296042076     
   44.884968145679977        62.485316476826249     
   44.832893098905757        62.458618546374559     
   44.778175096573761        62.430770972622639     
   44.720649854689540        62.401696834411752     
   44.660139907081962        62.371310312402869     
   44.596453912990619        62.339516153279604     
   44.529385936463406        62.306209127635405     
   44.458714619930937        62.271273425257988     
   44.384202313002589        62.234582030038688     
   44.305593592300582        62.195995795423030     
   44.222616038178394        62.155363576703365     
   44.134976373389570        62.112520156244223     
   44.042360764642041        62.067286113307482     
   43.944432879372236        62.019466618408813     
   43.840832133896377        61.968850276830530     
   43.731171708080517        61.915207839736304     
   43.615036266727536        61.858290729987985     
   43.491979352662511        61.797829365657819     
   43.361520385292863        61.733531240098309     
   43.223141197238647        61.665078719154458     
   43.076282010421359        61.592126493338370     
   42.920336738902378        61.514298619224547     
   42.754647490605372        61.431185073809580     
   42.578498114090856        61.342337742775285     
   42.391106480689729        61.247265633594253     
   42.191615379437941        61.145429285586417     
   41.979081558100511        61.036234083102762     
   41.752462485860235        60.919022246696777     
   41.510600222513716        60.793063153458704     
   41.252201557075267        60.657541541722814     
   40.975811678903909        60.511542084006038     
   40.679790014307429        60.354035107578916     
   40.362261036617141        60.183848534519690     
   40.021069691223218        59.999642373259391     
   39.653712623863953        59.799870025050694     
   39.257247803846759        59.582727948291648     
   38.828169593615989        59.346086766444103     
   38.362230970717768        59.087394117044369     
   37.854181451237274        58.803532486350349     
   37.297365523822513        58.490602694323158     
   36.683081088254355        58.143579558694668     
   35.999510881957420        57.755740458211328     
   35.229960930290211        57.317729332460829     
   34.350408481614274        56.816275270840812     
   33.332380565525121        56.235910706169747     
   32.195523514560513        55.587834003124300     
   31.042143580195610        54.927501051276636     
   29.865354827776027        54.250056189310939     
   28.644498046125165        53.544389728666644     
   27.395620027795477        52.819991362385942     
   26.150072979453537        52.094879843307872     
   24.939727764969629        51.387303786783981     
   23.788591073530203        50.710997721339574     
   22.710340508185492        50.073792783082837     
   21.709837634122998        49.478499691309544     
   20.785940395729206        48.924525714557070     
   19.934112271559897        48.409365927581717     
   19.148250389196242        47.929638829708331     
   18.421850893465830        47.481743331263267     
   17.748631248475633        47.062205035954548     
   17.122830471135984        46.667841043470872     
   16.539314661208330        46.295815771620376     
   15.993589264008474        45.943646793264179     
   15.481737740322458        45.609167939397480     
   15.000365793878428        45.290499386381924     
   14.546528257812977        44.986007192562603     
   14.117663838801207        44.694268012907841     
   13.711537745504261        44.414038366713989     
   13.326192689782463        44.144228537364576     
   12.959907788551034        43.883880697916801     
   12.611164154580143        43.632150533327277     
   12.278616215794049        43.388291783807283     
   11.961067542957966        43.151643083887279     
   11.657450508988584        42.921616735337999     
   11.366809047704363        42.697689062298814     
   11.088283946459370        42.479392087100130     
   10.821100348605663        42.266306367969186     
   10.564556992842451        42.058054786870400     
   10.318017049050994        41.854297218123754     
   10.080900247857173        41.654725930746835     
   9.8526761187846006        41.459061628412577     
   9.6328581714677419        41.267050041460969     
   9.4209989098424405        41.078459012776314     
   9.2166855340527665        40.893075985790460     
   9.0195361982951816        40.710705833550570     
   8.8291967989973639        40.531169000950698     
   8.6453381705112484        40.354299890759428     
   8.4676536392746691        40.179945465312024     
   8.2958569019459265        40.007964040813057     
   8.1296801219968167        39.838224210150202     
   7.9688723251748730        39.670603943974122     
   7.8131979145617532        39.504989782410391     
   7.6624352883298474        39.341275963014247     
   7.5163758818728175        39.179364048606288     
   7.3748229840588326        39.019162161726847     
   7.2375908724977309        38.860584540012006     
   7.1045039379349078        38.703551045074434     
   6.9753960078948047        38.547986799861981     
   6.8501096379552529        38.393821793872377     
   6.7284954924446092        38.240990537430854     
   6.6104117765842938        38.089431749129162     
   6.4957237748716006        37.939088103773102     
   6.3843033690991886        37.789905960906189     
   6.2760286016877576        37.641835120415372     
   6.1707832931357096        37.494828605802738     
   6.0684567187887763        37.348842488133108     
   5.9689432348312845        37.203835665315729     
   5.8721420135778075        37.059769716340597     
   5.7779567478705882        36.916608730611372     
   5.6862949271826775        36.774318360603168     
   5.5970694940506265        36.632868892337783     
   5.5101957496358889        36.492230271550937     
   5.4255930742258540        36.352375214519490     
   5.3431842825146072        36.213278324533306     
   5.2628953973089505        36.074915928962675     
   5.1846555018623217        35.937265999045181     
   5.1083966091126998        35.800308079828440     
   5.0340534644662549        35.664023147392903     
   4.9615634597738012        35.528393577620044     
   4.8908664612366968        35.393403016610826     
   4.8219047223250238        35.259036344210728     
   4.7546227578532330        35.125279585492869     
   4.6889672216614384        34.992119826719957     
   4.6248868371420873        34.859545184040783     
   4.5623322803244228        34.727544719050250     
   4.5012560932751837        34.596108380556963     
   4.4416126091924735        34.465226962239065     
   4.3833578518001461        34.334892030767250     
   4.3264494804494049        34.205095893917708     
   4.2708467133579493        34.075831540405851     
   4.2165102511683115        33.947092597245415     
   4.1634022244024784        33.818873296177166     
   4.1114861245327221        33.691168422694943     
   4.0607267489523915        33.563973280511171     
   4.0110901430481434        33.437283653569175     
   3.9625435528940489        33.311095774950246     
   3.9150553698692847        33.185406285759818     
   3.8685950924024657        33.060212221540006     
   3.8231332652496515        32.935510952263385     
   3.7786414516195239        32.811300181102155     
   3.7350921872060692        32.687577908499044     
   3.6924589393690854        32.564342405206190     
   3.6507160714287048        32.441592188474367     
   3.6098388063256350        32.319325998712841     
   3.5698031968854007        32.197542786555964     
   3.5305860822647306        32.076241663166940     
   3.4921650814006924        31.955421953848056     
   3.4545185332307526        31.835083084579310     
   3.4176254878347572        31.715224626328304     
   3.3814656746862610        31.595846265900384     
   3.3460194759539328        31.476947784567976     
   3.3112679026109721        31.358529048488816     
   3.2771925727856117        31.240590000591613     
   3.2437756876629629        31.123130642983007     
   3.2110000085912538        31.006151024051167     
   3.1788488369055758        30.889651227386562     
   3.1473060004203925        30.773631377931714     
   3.1163558243535037        30.658091610311860     
   3.0859831173183427        30.543032065331186     
   3.0561731590235657        30.428452900020147     
   3.0269116763315900        30.314354259425912     
   2.9981848279534078        30.200736272611351     
   2.9699791978734771        30.087599068035498     
   2.9422817697579058        29.974942743521584     
   2.9150799134885976        29.862767356481267     
   2.8883613818655465        29.751072953819705     
   2.8621142881514006        29.639859538046633     
   2.8363270964529441        29.529127072697282     
   2.8109886096437715        29.418875478854069     
   2.7860879579790434        29.309104632826863     
   2.7616145819076250        29.199814342732079     
   2.7375582399775462        29.091004409259490     
   2.7139089758333492        28.982674547042890     
   2.6906571235561736        28.874824434883173     
   2.6677932847605641        28.767453666201504     
   2.6453083375843400        28.660561813823659     
   2.6231934152862770        28.554148383270636     
   2.6014398956746492        28.448212805362804     
   2.5800394033816900        28.342754471670531     
   2.5589837940466449        28.237772706745716     
   2.5382651495032706        28.133266777386581     
   2.5178757703506980        28.029235892184701     
   2.4978081688764160        27.925679201581207     
   2.4780550597340572        27.822595782992142     
   2.4586093632561190        27.719984699812120     
   2.4394641840606175        27.617844912756777     
   2.4206128107465421        27.516175322041576     
   2.4020487262055821        27.414974829630236     
