   138.812414374509075786377103018111673      
   169.896648825820485614230068338608983      
   201.622698620021642477163877540103215      
   232.623268379544223426894920083550045      
   261.528286203673067612122468300463044      
   287.114944751855661597878074861334802      
   308.431717513096428403903202310260185      
   324.932016176224880845855424908648122      
   336.556377525465625749582439012656804      
   343.784808312096797154277975330670662      
   347.641307529868579418816624218070374      
   349.653705823728967980173937268583629      
   351.773575610200972006061280272643422      
   356.265637422199549116217072083076255      
   365.566251244609274982564475008476269      
   382.167309983061626444181160089626854      
   408.464387730424754420243009831358558      
   446.659789576037381459781879462450979      
   498.662245348165919340952361002559594      
   566.046834590449638345586294844742235      
   650.009491592550702929290995901045338      
   751.374049576536341792560006135774224      
   870.608894081408853395657633815666154      
   1007.86597597225350502396080053458956      
   1163.02327685502670389544620856570936      
   1335.74425236228268799946028451489063      
   1525.52771033702536865321917285054932      
   1731.78243370809251205990095133680330      
   1953.85763165056215196960257750125547      
   2191.10938297213855623203962816429307      
   2442.93836391343377758697426081459742      
   2708.83069655563156405174726580807999      
   2988.39345645588592235879503602772703      
   3281.38050964483380356257685234710257      
   3587.71813363811697388102037770383065      
   3907.52503432925685214918020146819614      
   4241.11932878224058110159213422567559      
   4589.04786207199673938925856148125335      
   4952.07841564071849246790784806244078      
   5331.21649208949421200054560629208880      
   5727.71387845613597212369729596238684      
   6143.06833541273485530958895915054255      
   6579.03321964809452138814938996206917      
   7037.62514413395676634595257585677548      
   7521.13320689975074277892374542277798      
   8032.12146973898392986821756725410945      
   8573.45104266004369723181405297731149      
   9148.30332825488678201843703099722366      
   9760.19086950099480436549627352506279      
   10413.0103083060376438986011816018957      
   11111.0871458244056542355159495162734      
   11859.2295032529920880353469289845200      
   12662.7815478788164189919627816292978      
   13527.6582766526825402207228844914856      
   14460.3221510792239057558332997008275      
   15467.6921647474969023178779073588536      
   16556.9795118697455928593440385379091      
   17735.5510173803907712195900956532430      
   19010.9330159836413993544242845563724      
   20391.1878445539485721522655609025582      
   21885.8556330039964643815385046809942      
   23507.4877624746671054672036992974334      
   25273.6869833108073606400190855845385      
   27209.2556812161924454324506554655876      
   29347.9087879070334714871307468542066      
   31733.1713641574185647435588153153128      
   34417.5461693470668781965793405092606      
   37460.2294192913928417490581163321587      
   40923.3446199440686883185512982786029      
   44866.6692972688305805457969462495714      
   49342.1222849782875294912813833353309      
   54387.9196124154335160164179705263514      
   60024.2451294246917306692259523444937      
   66250.0300720101973647587581894074479      
   73041.9987143987165661073226393067326      
   80356.0641786763972222319499739394238      
   88130.7313290879140010769402806327366      
   96292.3594923951957041226141507865784      
   104761.626960649933005205175865015942      
   113459.952416348857034680037872221510      
   122316.547710091850629693588432657674      
   131272.960242506934343439085018016224      
   140287.160871335931736922141602807770      
   149334.531817463694551828736980893681      
   158407.463034122176312252581584973715      
   167512.945626037538581321118384367433      
   176668.909733050510334078861848198151      
   185899.551237388438081302347033970345      
   195231.640281900758387131641292888864      
   204691.152549257735292003719391342977      
   214300.670099559862430381782632441539      
   224078.600803678009948280513988687088      
   234039.034626925027084767788304019270      
   244192.781399244532097599471984861079      
   254547.932790275163647348606196932293      
   265110.575328115842207994764426900172      
   275886.149750317176979509357789879718      
   286879.472309933445121902565397970548      
   298094.423937508581805408905839772211      
   309534.965480056442063119579516591361      
   321204.340189989581732277248672850950      
   333105.688294486832308646801338469425      
   345241.521809913631244942408051858161      
   357614.008158448091710028795974383049      
   370225.326664364776301572199816996856      
   383077.073279668411759120036325841591      
   396170.829375708058728582484473999785      
   409508.007199453128944766284472782073      
   423089.653368033074313597421915741091      
   436916.919300781648968055677556611018      
   450990.818011843709380287291259593910      
   465312.083807999796154176252487888170      
   479881.543885316737129074099013825300      
   494699.826972109948759062515676835794      
   509767.706509533283415260660734089648      
   525085.558830971938830108425876831726      
   540653.833216110353751275720157252391      
   556472.906882164855924604312733223109      
   572542.973295729592534406867478175085      
   588864.138929315316036798474272130242      
   605436.354503635132254900332968627600      
   622259.407830534722963787007196113632      
   639332.878559777230613735733848512022      
   656656.117935523981250859516341296007      
   674228.183462799734647631174529648425      
   692047.816909903442449471014566030787      
   710113.335877668457889153277554871815      
   728422.626230210582376031771788316273      
   746973.007676419600881134772311486870      
   765761.168543846741582973975219500338      
   784783.097441507589762867706805171197      
   804033.950316599858790875992058353117      
   823507.986123571973858353781869982591      
   843198.499122807470741135540508353073      
   863097.749372055044793439086084593149      
   883196.958153094779454285287165194479      
   903486.295862092922395981006655886985      
   923954.990485728380888455175769497132      
   944591.368172467876429496428537588738      
   965383.086864494692528600347319020390      
   986317.320834105453419407712036381870      
   1007380.92610729672744738504029552087      
   1028560.93170125934405105247380173077      
   1049844.60199959923585627324589748273      
   1071219.92717730606421668611821644877      
   1092675.72209296114452271971892259824      
   1114202.16480585206291233966291014251      
   1135790.77459165984790493131628789761      
   1157434.83177817510822866292925791843      
   1179129.38225415182848974583114308269      
   1200871.49187088365578248916121620106      
   1222660.01537208222298327343679072434      
   1244496.23207965755010150345354192976      
   1266382.93102128378109922370957118704      
   1288324.23245543319308483198700164448      
   1310327.61591940160632268711594284285      
   1332400.67336468562192121916270990298      
   1354553.23569169463203330879928973270      
   1376794.69849241204623141933218911759      
   1399137.14688401836553994542528976352      
   1421591.73120245839591522604085009247      
   1444170.59368463753259421384408425702      
   1466885.66918763542886611702935164665      
   1489749.25048980106562235751240947170      
   1512771.35876301332578264781678682136      
   1535964.48795029213064877966991140105      
   1559337.25788146862547562327902501798      
   1582898.11714418893558752660214762032      
   1606655.61062704774175573762151369264      
   1630616.05486943603371462577776323968      
   1654785.72821214053293389499314824812      
   1679167.85398419333476572431287207480      
   1703767.12900080242717470383262748346      
   1728587.34874981725860245385048127666      
   1753628.27196273615414116868092052877      
   1778892.67467185435380244779949147945      
   1804382.01119343009569325871739600726      
   1830095.39204516824979995124447108160      
   1856033.39102490242190643159190225973      
   1882195.22174939776249234523636339620      
   1908581.40896903162215250784872085060      
   1935190.34410316719156513023335513322      
   1962020.37432418968066158176801033553      
   1989071.96532366348443502980046015328      
   2016342.76256965503942811090722745161      
   2043832.13811540766059544607570592469      
   2071538.53907027631738026509731970921      
   2099460.78709716949473257532607767270      
   2127597.09625858158338686135100247387      
   2155946.86252481422493013752176551255      
   2184507.87387746060951076057165339128      
   2213279.47141581648928837882278917485      
   2242259.84333755809831253968786511961      
   2271449.28663748245136125778580661458      
   2300845.41373057135149790017302854644      
   2330447.52376199187747096974526935688      
   2360254.59971659046788418183201070853      
   2390265.58071983905290897936196307673      
   2420479.61282886470629114226208838688      
   2450895.79476901652065137426612558003      
   2481513.25210989880103084290074141139      
   2512331.12827938943596709029587793940      
   2543348.65804492561009774958233455882      
   2574565.19631205288008899405602311084      
   2605980.00370673271791303533089344773      
   2637592.40779531044961385749945329347      
   2669401.90901593812334802678450924096      
   2701407.85273707535419131248637895663      
   2733609.75059627384348941612376139452      
   2766007.10243950722222040846747317057      
   2798599.42122407119612707657781962047      
   2831386.32916237168818755387251942806      
   2864367.34127068553684895325522420825      
   2897542.04315689966010358437480754737      
   2930910.14456560757638459752648570316      
   2964471.15470012660791358958820625031      
   2998224.83905702704610485256389356973      
   3032170.85101780789490561368010080869      
   3066308.95268262488009244323574507197      
   3100638.82734933836242171886768906602      
   3135160.26131981230791592746631555940      
   3169872.99955547965498344345102409678      
   3204776.79706984836761931321705232953      
   3239871.47441333033933180216931997489      
   3275156.88524370561406958076518511970      
   3310632.79971575871761763733259963898      
   3346299.11636046116525793038136842482      
   3382155.65413134510889206612127662370      
   3418202.23932455911835584918682097359      
   3454438.78023620550354895546401792511      
   3490865.17292007644328515953939927632      
   3527481.30908932424961192428666016339      
   3564287.03458678139795543296522450755      
   3601282.28421388190246929614325382239      
   3638467.05178677832821132332435442476      
   3675841.20220967437291739031388053716      
   3713404.64800316419944030554096057741      
   3751157.39770939662737743632508636689      
   3789099.37505552947385572574142015876      
   3827230.52407265111574737414413245899      
   3865550.78466798679705580550746640735      
   3904060.17366955428793816176257540069      
   3942758.63354470311748109901023190972      
   3981646.10266221527491538601636078649      
   4020722.57104074430342589415069162336      
   4059988.03217043934363277258180224745      
   4099442.43886126657971014431150715040      
   4139085.79500555751077165946105955250      
   4178918.09453656162563614278372308308      
   4218939.31119273606908392124309257461      
   4259149.47030117547148869350228677757      
   4299548.56717399670651349533397549916      
   4340136.55663090870763828853818402628      
   4380913.42932029513743201438235846483      
   4421879.23526815357514627825481709580      
   4463033.97830016905097316655285304527      
   4504377.63690461388099465041551100001      
   4545910.26342151436395663134396135897      
   4587631.85248012220623097211987409700      
   4629542.35719832320744101524973594869      
   4671641.84513029037049630219571129588      
   4713930.30538027878370992153876215863      
   4756407.76905647027324404716996761093      
   4799074.19560941908124467456550784232      
   4841929.62045233133640411451069941982      
   4884974.06761361156901601263537805353      
   4928207.52838580201402841044350259130      
   4971630.08663295409073710903823710184      
   5015241.66720695136916964569966723401      
   5059042.32170353114010692211336033892      
   5103032.08860002855613035213734437731      
   5147210.90013721699075450107218731480      
   5191578.77928005389915195648973612005      
   5236135.72521641335187673175128355227      
   5280881.70620657241827309216926774184      
   5325816.83979733600952063560764534198      
   5370940.99524734107140489788384268218      
   5416254.30500874573091841277350152520      
   5461756.71419857963325518464649422911      
   5507448.35043237854467153073556569317      
