   7.49234536358739501747137150423492779E-0002
   9.13291389857768135081292206670858127E-0002
   9.88668647531669172103184152508623348E-0002
   9.62243000277871890664167299530607405E-0002
   8.33310524340673233850614320440294927E-0002
   6.14759289464756696085941174892874612E-0002
   3.31552399471287209971069805268583562E-0002
   1.55265698154982552469755208052686429E-0003
  -2.97640931396724296075984639556811409E-0002
  -5.74368374043382018314257483352274585E-0002
  -7.88155254788929742607296067319136242E-0002
  -9.20449280391954573822189363290069668E-0002
  -9.65174267970614908533384644507589409E-0002
  -9.25745388776003148609544481447510006E-0002
  -8.15886907721460140101145369480516408E-0002
  -6.53075983502809160144771562799264925E-0002
  -4.58933521965559802347945548266132510E-0002
  -2.53719891323083643778620778811129541E-0002
  -5.66150859876162585606563620896671886E-0003
   1.19646632403477034034573399730985673E-0002
   2.65216353228095451863705948802735707E-0002
   3.76759669535602834938242027676010961E-0002
   4.52402534265952751428368941170415491E-0002
   4.95727216402190165503320651143076899E-0002
   5.10082460318569454490101346896412013E-0002
   5.01505451241666156949891426499407620E-0002
   4.75283743529053692003407217391361348E-0002
   4.37706154692140242158081625455548952E-0002
   3.93064814485040852514020925404720638E-0002
   3.45857393514242329555915386894784524E-0002
   2.99220251004254330653819332070675641E-0002
   2.55893974654546678402215363484214252E-0002
   2.17161815318123613862157765784195829E-0002
   1.84916510233022362276206287923548405E-0002
   1.59345713963763490323695384507532872E-0002
   1.40422540958071480111724296038794098E-0002
   1.28101744274920525824182526263438675E-0002
   1.21993779784027879415620311729906144E-0002
   1.22357108660379260967090225872907967E-0002
   1.27977885664955557475612409951893763E-0002
   1.38667898840668532537889533407935541E-0002
   1.53864868990775557600145743415530254E-0002
   1.72939116904399572140801110058113972E-0002
   1.95566897652738602694119214781917778E-0002
   2.20750446215732038021341848453478366E-0002
   2.49023940925825689929804078690398683E-0002
   2.71438647044818567626592605347003051E-0002
   2.96543426019978039477239676725187390E-0002
   3.17139355788324217241785726093232343E-0002
   3.35314506820018625663812927365774260E-0002
   3.36954361053146001705628731713297641E-0002
   3.22804394023359608812272079967275363E-0002
   2.83561237638193278263997519926110249E-0002
   2.11813074191480318877453040417734096E-0002
   1.07105671241883603971818095446383758E-0002
  -4.38117294361316471469895953680077939E-0003
  -2.47798565761797124273331067840359347E-0002
  -5.04606549750433707967545127739623898E-0002
  -7.99381194723777284456108357681543730E-0002
 -0.113968653765312632061337604884439758      
 -0.149328021449316016819228306010828891      
 -0.185902664906902317987069829465861834      
 -0.219111734769660599841848797024135158      
 -0.248581497378990232964968967276490079      
 -0.269792667574725648775080992498505370      
 -0.281171165710557754770252167678541394      
 -0.280674313601975887580351158662146713      
 -0.264439753434613852494969853008715429      
 -0.233211263080036833411504072831702584      
 -0.186814401892893635860784194289249500      
 -0.125310601640447783573974628268211008      
  -5.49117627675601195814725611499718193E-0002
   2.14127114457043308256491907161868308E-0002
  0.100109221154734063207908339224815343      
  0.173105848670079657596617761534660514      
  0.236833747703186668119967506247686154      
  0.287655513423997043493772628938404059      
  0.321456973960110838915123286798984911      
  0.335956092887295111778884534315430057      
  0.334037484624661778641086121166117948      
  0.314744853777713888889871826148328096      
  0.282149655025640491124905846379303764      
  0.238408809175742410987846554060058367      
  0.189166002772528597176890328271642481      
  0.137624379587698932821417447664207168      
   8.60856478819364549688864961457532769E-0002
   3.89191746234397956801945231618227649E-0002
  -1.92646323492651687093489493749794176E-0003
  -3.61754786848292438597542613154084176E-0002
  -6.19600396671875867256139269381691645E-0002
  -8.24985672235851262080895175275811893E-0002
  -9.58416411055697950941769641209577261E-0002
 -0.106207859104308942655685165579447925      
 -0.112357801090270809113956571203608431      
 -0.119490516232313585304430239851661367      
 -0.126876000277689845831861133887167267      
 -0.139403510572246585056688074342517564      
 -0.155419696509164409109582970753333261      
 -0.180919953923664457480666681727533588      
 -0.214581317859382930349240457068046959      
 -0.257347544857187298628402122378545288      
 -0.303767745997260057261863417742734625      
 -0.350060129764498233595264313754827901      
 -0.388501953566886461449852637031115493      
 -0.408401259137629086529048890888773334      
 -0.400978046314550266994662039499970102      
 -0.354283234406757791137827944576590161      
 -0.268312536832285281063256583293305226      
 -0.127294513113262332371277734223250159      
   5.82390798012661422044506724274126680E-0002
  0.283882543769255696035410485973105984      
  0.521846311091980439756926159385624807      
  0.757397432288348684155182609514288928      
  0.959717998622237867007478584011129055      
   1.10717143317399087227773121562913941      
   1.17379200848983635168881898519165662      
   1.15542374216704187711530022198422503      
   1.03999281241671904523639386814041044      
  0.843954815396971782870796726071840376      
  0.580423634044630521991141818623276980      
  0.276552508804284450293102998249644307      
  -4.13803468279787467654224273378833037E-0002
 -0.341101055685391050269008707589882528      
 -0.591168131951873222701293208653764825      
 -0.782501524035030875407274837133611566      
 -0.898748829433664561046201634980097195      
 -0.937402303032813242446166744603149236      
 -0.907618440283876269668009552895874282      
 -0.821758023088174004642798588964175869      
 -0.701550464780876926072411335216593935      
 -0.555368320799614690953452013823914999      
 -0.405681382101697735336190326743156861      
 -0.266594224675656813752947444012482898      
 -0.142616942712785116774871647044187581      
  -3.80460369124288807272315338555572524E-0002
   3.90379053429085290875926514724012859E-0002
   9.40466790056822262741195215468303044E-0002
  0.138357006435838166771816012070820216      
  0.149793126087261137605700637438416949      
  0.156641674587845210464679557919791414      
  0.158147311288670073485776054062900544      
  0.154338454821085129183546319832961591      
  0.145752360865689869240599234493885115      
  0.137811715924802715448747264179627932      
  0.130393362703563091522159275441694849      
  0.119585323306891227355533892823621499      
   9.73603469653985037272135313628119188E-0002
   8.51981543109460943388936662223549472E-0002
   6.82351807775591691194908904573468858E-0002
   5.79643779461930998983305515095949548E-0002
   4.85440475296882551269220744242484483E-0002
   4.36423624177189034934073461421095611E-0002
   3.60845056723102082117560125667156962E-0002
   2.96851543288320754727071619637457955E-0002
   3.02857235782150278140622517345593336E-0002
   2.45583918226405008412366220824004649E-0002
   1.99218426575464938000489624744661318E-0002
   1.66879771741601151809380987094754658E-0002
   1.37831908810805911204069563962175408E-0002
   1.14570519597417111661895013451241477E-0002
   2.54296849489218979550989863513332017E-0003
   9.19260092882671461836694497916448424E-0004
  -5.65821723351197806792205110304981438E-0004
  -5.28428704724336638461363559410540067E-0003
  -6.34941394389128836843562179316086597E-0003
  -7.17046723706712791642573143983105199E-0003
  -2.46479978430221033323128611337267717E-0003
  -2.49037510194494453462332560805170405E-0003
   3.38655557652849520231492091619198909E-0003
   2.95873580796221796381919418809792251E-0003
   3.40441338250164121510720139273725335E-0003
   1.42211126062614156555853464005616107E-0003
   1.77796899643501814953210891515551186E-0003
  -4.49784247359344661094595915820113717E-0003
  -4.57315922018304221080195472580578884E-0003
  -4.33036419278925955831502729233553158E-0003
   5.52777833792221848754797820989404310E-0004
  -2.05367538845306610825202114820697185E-0003
  -3.23252823347427800334179503925189410E-0003
  -3.78773862467525651254408915758149850E-0003
  -3.52201928785941767412802697715092803E-0003
  -2.63250653533961908884558268405070556E-0003
  -1.71391321298171431542925267949229658E-0003
  -1.24797095017714029642904217286090682E-0003
   4.47527855317617619888364154362886973E-0004
   1.87568246793960902183529881459723521E-0004
  -5.29842173414223148171976791848479738E-0004
   4.10257035851234411452550691416130069E-0004
  -8.55857956716792007821308039960519344E-0005
  -2.58206399249245046831189582316564778E-0004
  -1.37793922984241900127056521034891379E-0003
  -2.10946703119127130331794084101140611E-0003
  -2.71401092956243016334721263743192440E-0003
  -3.48677654420263175162546921251040599E-0003
  -1.08262204600844525242266390665710271E-0003
  -9.63978086872950954185929046330176810E-0004
   1.00022082817460560497239429848178126E-0003
  -9.64137313747940962797174427922398675E-0004
   2.38019437699351283477405359198193741E-0004
  -2.19402282009321564307114281864234106E-0004
   2.48526610459175590807621361781281823E-0004
  -3.69477865215325782289251762058986592E-0005
  -8.09910865835079145667247995868934864E-0004
   1.79123294706406580365122511490863271E-0004
  -9.99782805408457629867336933721752610E-0004
  -4.46790019347888491107997154425213783E-0004
   6.99765945781884514395554723631228200E-0004
  -1.31232172967033859712896878247136056E-0003
  -2.58633482016494065790793397035243126E-0003
  -1.77011379375500934106873351169440459E-0003
  -1.55985872863124207350073851985478765E-0003
  -7.96374411237628228717825727761990447E-0005
   1.42847623400396350873101519132873495E-0003
   2.25145894754020888795633171076296724E-0003
   1.13547553043015582151850534557219579E-0003
   1.88747878366768558679183389312915325E-0003
   1.36628219344114620996275768440835729E-0005
  -1.15447341582617185170731246687735909E-0003
  -2.47486259133930434862484734240627359E-0003
  -3.27000134158471196539724444274198321E-0003
  -6.67754023350620296412645717209728206E-0004
  -7.38532018028656278480632976591370136E-0004
  -1.62295410223540608263780417264259146E-0004
   1.27406009058547400148062220147041318E-0003
   1.54809220317884049554533446875883166E-0003
   2.44187263043375722825083411210897053E-0004
   1.67049670213576497921662713354501541E-0004
   1.45065272040558530325101969932462245E-0003
   2.05713729940181073430119481692511581E-0003
   1.24784544783016183093537982134778701E-0003
  -7.47814397950263036548311704538634154E-0004
  -6.92076928067143338812185355743090387E-0004
  -3.18694622172992239692685798698819669E-0003
  -3.33870051617326002354733881577452997E-0003
  -2.13298939454949099404924868886574095E-0003
  -6.62553427220118494637395722986292267E-0004
   1.13368109727238139828517429456240178E-0003
   2.32381619325128569396177190206642393E-0003
   2.71265407731347788148518583085582222E-0003
   2.16402263539282239725053347700736046E-0003
   1.51789509583890150329156291496609697E-0003
   5.18864776426325350784761669015413389E-0004
  -1.19620605914328060260909949309849493E-0003
  -3.05809815784094005202190091675986938E-0003
  -2.23814922378364733276632033524291229E-0003
  -1.37947188768499204038962157549959338E-0003
   7.65265040310108933132749437517445107E-0004
  -6.99882438263585442066448823805828684E-0004
  -4.38386272806752044760060237013378251E-0004
  -3.75768784923990601510712883821057553E-0004
   2.79365074219189603220660579316560481E-0004
   1.83389519123893876046274444772351206E-0003
   1.82375605710072896671657839992740884E-0003
   3.26060394222019619298761608323693710E-0003
   2.04110813965869835347665104624245373E-0003
   1.55179997221083164973753792588393964E-0003
  -1.33163348451180170123870897951038942E-0003
  -2.26487838110676351687056568535084109E-0003
  -3.06625258648630920602566256869503962E-0003
  -4.26054278036263520894055033049153213E-0003
  -3.70672691159779194431442513969311527E-0003
  -1.16302033646254795082552389918552993E-0003
   8.09678247160592599959105946656719144E-0004
   2.38988155911133931871835875863232581E-0003
   3.33953667983493709294799647239587782E-0003
   3.67439473427201658089500884230922808E-0003
   1.36954891901423557744452215008906610E-0003
  -2.79184984143819032978815646580217765E-0005
   6.62990672690442006965819935297328997E-0004
   6.06421716678680360677339813113529639E-0004
  -9.11106710287564230575972855655516191E-0004
  -1.40249914760739185282765543047882563E-0003
  -2.46054938304948341319130568051766987E-0003
  -3.78849639805726751715389556159374301E-0003
  -3.00517466201000370412204352257196077E-0003
  -1.84940720263350374460721149342848646E-0004
   1.12116599649143250715061700681150978E-0003
   2.55436093805794669503214959866974972E-0003
   3.56956721558581446622124746801826201E-0003
   3.37974319629597785036049533070905792E-0003
