   330.83792827168043        568.35350354919342     
   330.83792827168043        568.35350354919342     
   330.83792827168043        568.35350354919342     
   330.83792827168043        568.35350354919342     
   330.83792827167883        568.35350354919342     
   330.83792827146920        568.35350354919353     
   330.83792826446393        568.35350354919967     
   330.83792816722706        568.35350354928164     
   330.83792742166969        568.35350354988509     
   330.83792365998994        568.35350355269406     
   330.83790967075100        568.35350356156130     
   330.83786827698236        568.35350358014875     
   330.83776549058905        568.35350359814333     
   330.83754297960013        568.35350355394917     
   330.83711115905470        568.35350326468506     
   330.83634393673145        568.35350230097663     
   330.83507601278717        568.35349984139430     
   330.83310260615286        568.35349444422388     
   330.83018156715355        568.35348374425791     
   330.82603724370836        568.35346400275273     
   330.82036544950830        568.35342943981766     
   330.81283886893158        568.35337127978369     
   330.80311253847810        568.35327651376815     
   330.79082865015414        568.35312633487990     
   330.77562126416399        568.35289449803952     
   330.75712011147260        568.35254560769238     
   330.73495437364954        568.35203369658495     
   330.70875597019977        568.35130115645916     
   330.67816298034279        568.35027831162949     
   330.64282299251909        568.34888364941230     
   330.60239660818849        568.34702482030389     
   330.55656092081483        568.34460034894801     
   330.50501306929766        568.34150196887128     
   330.44747359208395        568.33761746020582     
   330.38368954764132        568.33283382032687     
   330.31343720624704        568.32704058350760     
   330.23652430265571        568.32013314581206     
   330.15279163930455        568.31201591915783     
   330.06211410370912        568.30260520352806     
   329.96440100326311        568.29183165841664     
   329.85959575107790        568.27964232683064     
   329.74767490653824        568.26600215746146     
   329.62864670963552        568.25089501929062     
   329.50254904227256        568.23432420977178     
   329.36944706984366        568.21631249446591     
   329.22943045516871        568.19690171366494     
   329.08261036845494        568.17615199571242     
   328.92911633348916        568.15414067926463     
   328.76909291915308        568.13096089753617     
   328.60269644560213        568.10671999929548     
   328.43009173867006        568.08153782777413     
   328.25144885822976        568.05554482666150     
   328.06694003190853        568.02888013600727     
   327.87673669199836        568.00168964561192     
   327.68100665368382        567.97412405383261     
   327.47991153909220        567.94633698492260     
   327.27360431860546        567.91848314891445     
   327.06222708185805        567.89071659562421     
   326.84590900056594        567.86318905940266     
   326.62476446624271        567.83604840999715     
   326.39889141881423        567.80943721258188     
   326.16836983692752        567.78349140535590     
   325.93326039128937        567.75833908512050     
   325.69360322597572        567.73409940694967     
   325.44941693186769        567.71088162826220     
   325.20069748451488        567.68878414724827     
   324.94741748861026        567.66789379514114     
   324.68952534189310        567.64828509536869     
   324.42694453588297        567.63001965565354     
   324.15957296088169        567.61314567163333     
   323.88728235129128        567.59769738595594     
   323.60991727258954        567.58369478962527     
   323.32729594156319        567.57114307207996     
   323.03920759683189        567.56003253020288     
   322.74541318734452        567.55033815432853     
   322.44564439830538        567.54201941710971     
   322.13960292652109        567.53502003179256     
   321.82695979711383        567.52926777122480     
   321.50735441062875        567.52467418681999     
   321.18039369669208        567.52113441113067     
   320.84565109600987        567.51852700112806     
   320.50266547985103        567.51671364584593     
   320.15093980314373        567.51553889508330     
   319.78993984108274        567.51482989644308     
   319.41909268591871        567.51439608093392     
   319.03778509158184        567.51402879751947     
   318.64536171391325        567.51350089427388     
   318.24112322626053        567.51256629603438     
   317.82432427181891        567.51095951722539     
   317.39417130320953        567.50839507392936     
   316.94982028849074        567.50456690694693     
   316.49037440284621        567.49914773836019     
   316.01488165811719        567.49178840833588     
   315.52233249540643        567.48211705637846     
   315.01165748975205        567.46973844214222     
   314.48172531535386        567.45423314972163     
   313.93134078944126        567.43515683725798     
   313.35924367966669        567.41203956786410     
   312.76410767293333        567.38438513563972     
   312.14454060809419        567.35167067008240     
   311.49908544434487        567.31334628191701     
   310.82622260902934        567.26883512310690     
   310.12437396423803        567.21753367660062     
   309.39190865925184        567.15881257547949     
   308.62715109330952        567.09201794438002     
   307.82839127228385        567.01647333736912     
   306.99389754042346        566.93148238300125     
   306.12193190471265        566.83633217295403     
   305.21076746496897        566.73029749441764     
   304.25870791320745        566.61264561418750     
   303.26410773895759        566.48264191096666     
   302.22539325998844        566.33955568437682     
   301.14108207033763        566.18266635691396     
   300.00980051333102        566.01126943329507     
   298.83029744912403        565.82468201121333     
   297.60145342593148        565.62224743671050     
   296.32228407698176        565.40333884767904     
   294.99193769400091        565.16736128557613     
   293.60968673392335        564.91375244017490     
   292.17491422419477        564.64198181667189     
   290.68709590213814        564.35154863160642     
   289.14577950812389        564.04197861613068     
   287.55056269698940        563.71282003699685     
   285.90107093446653        563.36363928155447     
   284.19694427659482        562.99401809375343     
   282.43779028677892        562.60354257564518     
   280.62320764880837        562.19180842038270     
   278.75274881861174        561.75841178839528     
   276.82591600826220        561.30294780672796     
   274.84215427084263        560.82500847826191     
   272.80084764990477        560.32418125584127     
   270.70131744385918        559.80004833260728     
   268.54282301414912        559.25218656625282     
   266.32456399826287        558.68016803862349     
   264.04568460574239        558.08356122095415     
   261.70527903128652        557.46193269497894     
   259.30239848919780        556.81484945933471     
   256.83605939686538        556.14188178551512     
   254.30525307540549        555.44260665907154     
   251.70895683096603        554.71661179357886     
   249.04614663164020        553.96350026289429     
   246.31581203365565        553.18289618663187     
   243.51697040899666        552.37444887226343     
   240.64868884269967        551.53784197638038     
   237.71010281733857        550.67279892209160     
   234.70044048035697        549.77909107578637     
   231.61904898230182        548.85654613313716     
   228.46542382463801        547.90505674312408     
   225.23924136080038        546.92458958657551     
   221.94039417795463        545.91519439288822     
   218.56902935019755        544.87701281924387     
   215.12558924353078        543.81028676607821     
   211.61085426090003        542.71536576009146     
   208.02598680468182        541.59271291349842     
   204.37257571063176        540.44290912348856     
   200.65267967794324        539.26665487271441     
   196.86886863270732        538.06476935298656     
   193.02426136224958        536.83818645308554     
   189.12255780941774        535.58794753282029     
   185.16806475573574        534.31519096720763     
   181.16571253214639        533.02113851149556     
   177.12103825222104        531.70707239658793     
   173.04027688465786        530.37434484117466     
   168.93019778373355        529.02431678526830     
   164.79817025423569        527.65836650667120     
   160.65209139975192        526.27786357520654     
   156.50032234896491        524.88415112538689     
   152.35160832416636        523.47853030761644     
   148.21498289339553        522.06224694703485     
   144.09965811062830        520.63648099711963     
   140.01490230616065        519.20233848945850     
   135.96990969329153        517.76084587775267     
   131.97366544041083        516.31294658671720     
   128.03481171981187        514.85949938251792     
   124.16151983784539        513.40127816900156     
   120.36137384850028        511.93897306611825     
   116.64127033525828        510.47319246643968     
   113.00733799596959        509.00446588199128     
   109.46487968217826        507.53324751946388     
   106.01833783416110        506.05992042560871     
   102.67128313801847        504.58480118114448     
   99.426424767924857        503.10814495262230     
   96.285639823764328        501.63015095692839     
   93.250018777087917        500.15096812196208     
   90.319923295321672        498.67070077957271     
   87.495052973582077        497.18941450636567     
   84.774517441242281        495.70714166726407     
   82.156910977698558        494.22388687680359     
   79.640386728576601        492.73963206851818     
   77.222728531523245        491.25434101153797     
   74.901419643364321        489.76796453542687     
   72.673704546374793        488.28044300186906     
   70.536646924769855        486.79171064859258     
   68.487180580199507        485.30169834579220     
   66.522154389606669        483.81033612595257     
   64.638371178511520        482.31755533671839     
   62.832620981590026        480.82329041262068     
   61.101708995683794        479.32748034713927     
   59.442467036867889        477.83006123126523     
   57.851820310175050        476.33100230476725     
   56.326728165991199        474.83025280795346     
   54.864246610139439        473.32777892282280     
   53.461524195899230        471.82355507567496     
   52.115808089312274        470.31756390283005     
   50.824448276340547        468.80979635990661     
   49.584900052719831        467.30025169667027     
   48.394724896955246        465.78893727149409     
   47.251590581082510        464.27586861523537     
   46.153269775436542        462.76106896341594     
   45.097638354171629        461.24456916553908     
   44.082672865729641        459.72640734590163     
   43.106447678064676        458.20662863926128     
   42.167131896086055        456.68528505878066     
   41.262985494640155        455.16243468109724     
   40.392356055781477        453.63814173867200     
   39.553675144739138        452.11247635204671     
   38.745454321396700        450.58551389490225     
   37.966281641998634        449.05733489867850     
   37.214817957076541        447.52802467924516     
   36.489793302367715        445.99767299612142     
   35.790003452172158        444.46637379322652     
   35.114306539677564        442.93422486998554     
   34.461619789800473        441.40132761094901     
   33.830916412374087        439.86778669907847     
   33.221222595380368        438.33370984913228     
   32.631614663011845        436.79920753946078     
   32.061216341810010        435.26439276461457     
   31.509196172495258        433.72938078478700     
   30.974765054890959        432.19428888077289     
   30.457173905422589        430.65923614425731     
   29.955711466496673        429.12434326860949     
   29.469702178802009        427.58973223592744     
   28.998504211101942        426.05552617069054     
   28.541507639363907        424.52184919168639     
   28.098132667142515        422.98882618436306     
   27.667827954339465        421.45658261616143     
   27.250069045006313        419.92524434028365     
   26.844356842071978        418.39493713566463     
   26.450216457703519        416.86578775321539     
   26.067195555396005        415.33792198191134     
   25.694863295746355        413.81146555842651     
   25.332809163754384        412.28654386307221     
   24.980641893065108        410.76328179015246     
   24.637988394198164        409.24180353819798     
   24.304492796957415        407.72223251483877     
   23.979815531967468        406.20469118429253     
   23.663632472862272        404.68930099584315     
   23.355634134113330        403.17618229981036     
   23.055524883127198        401.66545413052677     
   22.763022219060218        400.15723412349149     
   22.477856199335232        398.65163901489842     
   22.199768504314779        397.14878273465598     
   21.928512219270903        395.64877877350273     
   21.663851010350726        394.15173848971955     
   21.405558665567419        392.65777148368107     
   21.153418588712636        391.16698561980849     
   20.907223305789469        389.67948673761930     
   20.666774024823273        388.19537874131328     
   20.431880180944070        386.71476346107886     
   20.202359083548288        385.23774071177672     
   19.978035498064102        383.76440814507703     
   19.758741301949946        382.29486126910524     
   19.544315125443202        380.82919330530677     
   19.334602071946669        379.36749539180386     
   19.129453363898445        377.90985625463014     
   18.928726083192302        376.45636235580395     
   18.732282895161340        375.00709785913068     
   18.539991773801241        373.56214447924680     
   18.351725790750638        372.12158168083562     
   18.167362856353151        370.68548652720278     
   17.986785507550987        369.25393368769585     
   17.809880700319944        367.82699544080862     
   17.636539612730651        366.40474168080146     
   17.466657456128836        364.98723989916135     
   17.300133298789277        363.57455519773077     
   17.136869896674231        362.16675029601413     
   16.976773533280006        360.76388553964239     
   16.819753867466655        359.36601890734545     
   16.665723798443260        357.97320609347577     
   16.514599286732423        356.58550023857941     
   16.366299289985449        355.20295240804882     
   16.220745589647130        353.82561124927963     
   16.077862689339295        352.45352315835441     
   15.937577684390581        351.08673216720956     
   15.799820209499595        349.72528037474791     
   15.664522258500730        348.36920739221461     
   15.531618138962791        347.01855075894935     
   15.401044365465621        345.67334586040062     
   15.272739574915068        344.33362600270772     
   15.146644433282507        342.99942235696415     
   15.022701565313216        341.67076407955784     
   14.900855454416913        340.34767814973094     
   14.781052445381222        339.03019008951526     
   14.663240563894560        337.71832298387386     
   14.547369517879003        336.41209815141985     
   14.433390617344038        335.11153505475863     
   14.321256727450223        333.81665137804669     
   14.210922201061182        332.52746309469666     
   14.102342778681960        331.24398404285154     
   13.995475631107771        329.96622682506086     
