   44683920651.8348749623185655931632528      
   44683919570.6413354687316447226953622      
   44683918227.5797335857274993033509850      
   44683916595.8662805952389879637697157      
   44683914653.4832764390523881923679116      
   44683912383.5796934398870289044432520      
   44683909774.5800130009013085896833246      
   44683906819.6456347127716620237208503      
   44683903515.5777040151623182120477122      
   44683899861.1541443017133298476979556      
   44683895854.9988992050702103943430075      
   44683891493.2095743382216698135296770      
   44683886766.9505209428988251313795184      
   44683881659.8591681376998691492010423      
   44683876145.7301618086395218956437772      
   44683870186.2886354247274494120054203      
   44683863729.4289668482803400187540351      
   44683856707.6437839747258824585281003      
   44683849036.8184064844622956801397558      
   44683840615.5986489327571567631037051      
   44683831324.7903163410538380414742278      
   44683821027.2656810425209243647590587      
   44683809568.0922807818355279057523552      
   44683796774.7573719053884947889777788      
   44683782457.8994432179331095310145921      
   44683766411.5594578163706829866080375      
   44683748414.0424895376637145898823426      
   44683728228.4716685347833312300900489      
   44683705603.4279512710488981637661365      
   44683680273.3744974202890927769385683      
   44683651959.0873573731034458683580498      
   44683620367.8531371012717961349362236      
   44683585193.6743567512017840058791345      
   44683546117.0111919372975057014760959      
   44683502804.5241251829142110282536657      
   44683454908.5031031834611795208278709      
   44683402066.1111967407560022030626196      
   44683343898.4338279817011425560040824      
   44683280009.1613939265823648494458533      
   44683209983.1182823046622965687466885      
   44683133384.5006767263122593470858398      
   44683049754.9897835594683876181953590      
   44682958611.0344461317266807088487156      
   44682859441.8149525055963213192431377      
   44682751706.0992728488273036146495796      
   44682634829.1588122793274171256802440      
   44682508199.1690606027947777276071669      
   44682371163.5976097059526076517391910      
   44682223024.7319602960232155334806649      
   44682063035.3509917702818059412534210      
   44681890393.6314608369344535589655941      
   44681704237.5580134699946961119079668      
   44681503639.0545607588658149770368412      
   44681287597.1243415409581209192399058      
   44681055030.4847064953241175183938186      
   44680804769.1776315889567473330686138      
   44680535545.0485290931631548336516709      
   44680245980.7619225237883424469639889      
   44679934577.0354114935919276394086910      
   44679599697.2471842757597920538729095      
   44679239549.2168500991102453026513362      
   44678852162.5663260194497787099043541      
   44678435361.3198272666971891414981903      
   44677986729.8340226786650452078629756      
   44677503571.5364876771909379986527531      
   44676982859.4074675958663091851791022      
   44676421178.7355704328045898768526791      
   44675814664.1706045645895306674128020      
   44675158935.5745820786206768581796715      
   44674449039.8196928467418547928310114      
   44673679408.6312074000745686358984983      
   44672843841.5226757365304152684238372      
   44671935522.0086660031587174675772992      
   44670947068.8313434606758705147846606      
   44669870616.6172073331379632260340945      
   44668697915.0276258003518161627700844      
   44667420431.1903158415758757001127562      
   44666029441.9066673678462138368944312      
   44664516107.0033584971150026669927089      
   44662871518.5407069543069964802083599      
   44661086727.6932064370001987075293650      
   44659152749.4270360764381072881858557      
   44657060571.3417245647933533290914172      
   44654801118.4250781348797010018978185      
   44652365247.5766920443507583844758666      
   44649743723.6876720046455875058261163      
   44646927199.1743170042845596156371082      
   44643906194.8251670539658731274557888      
   44640671082.7264333234819125586364001      
   44637212071.1170012630651199529610453      
   44633519191.6144591670175080708122759      
   44629582293.8744264088074201002672523      
   44625391012.9829892497721428506281118      
   44620934796.5019496732928568561742734      
   44616202876.2096940446196943126054596      
   44611184262.0575767580955244445382953      
   44605867746.8072298902310010087738781      
   44600241895.7507198109022959884397550      
   44594295044.9149906785922301059656181      
   44588015298.1199924864444546783906307      
   44581390524.4350960548872525929989017      
   44574408356.0069126914092104034462734      
   44567056186.1436066135510041593339794      
   44559321167.6641655416147855850052946      
   44551190211.3422582890554634709678681      
   44542649984.6295111950399400858855435      
   44533686910.4959948457601183834436854      
   44524287166.2881639100991172161084624      
   44514436682.7575470843134414493106293      
   44504121143.3130637758050002165526530      
   44493325983.1991520133760785633655058      
   44482036388.7594020903599856067674117      
   44470237296.8682265202855003042362684      
   44457913394.3646156591355422211266888      
   44445049117.7797949800886303355561192      
   44431628652.7214790464933382637990170      
   44417635933.8540976702481835259818364      
   44403054644.7389816365120445554755140      
   44387868217.9874698019220286077493267      
   44372059835.2011039130502420236205503      
   44355612427.6005373306130096714488748      
   44338508676.6352061176748400865255926      
   44320731015.1012773463462536247624724      
   44302261628.0932943661383733803329249      
   44283082454.8080483832385848821695690      
   44263175190.9249928938551621256930705      
   44242521290.9915341627182469837783030      
   44221101972.0632593393804235224603606      
   44198898217.2531821805613728885870088      
   44175890780.9294827377485490397123236      
   44152060194.5424915214520268934060734      
   44127386772.6813486005652130349465050      
   44101850621.5614469626430402659777448      
   44075431646.6774252374755133807704986      
   44048109563.7019671793282924207202736      
   44019863908.0171588920783313474069023      
   43990674047.1618235896205524510922079      
   43960519193.0194042101169797532749952      
   43929378414.2473901578347958378624130      
   43897230649.8928348040521801642702993      
   43864054722.3080654607673122354295760      
   43829829349.9053595020923270277688052      
   43794533159.4310540078035530962070590      
   43758144696.9430540297249378029407939      
   43720642438.1389794629515437301807392      
   43682004795.8924942107743146070308877      
   43642210128.0190650001002687905612302      
   43601236741.0654507170902597799674442      
   43559062894.3596518303124996642896967      
   43515666800.1208722998867115195999707      
   43471026622.8837607918489409360514029      
   43425120476.8311074812588077401077149      
   43377926420.6717884791435130579986012      
   43329422451.6926529787735746297528611      
   43279586497.5935337285357780700758904      
   43228396407.4165020239321284243094025      
   43175829940.9758643165297342530716874      
   43121864761.1554182024079272541737933      
   43066478408.6079119525759962360933805      
   43009648309.6866679983229803588851474      
   42951351751.3241860511688464130174904      
   42891565872.0594793838395277172346463      
   42830267651.4247542722541710691236122      
   42767433898.8309348622117643213062035      
   42703041243.9420470788043246432466093      
   42637066128.2024646378771281020715035      
   42569484797.1325067853520139904963178      
   42500273293.2448524214718226086064367      
   42429407445.2402643887367606004969218      
   42356862885.2956014549749884393030620      
   42282615051.1350900841343337995176481      
   42206639046.5422915298565783825219516      
   42128909876.5756195042986533132777211      
   42049402281.9613737324669078385987721      
   41968090777.4180531960541868533245777      
   41884949654.2938722644466540530323060      
   41799952978.8071524269813928741865042      
   41713074592.4930634196607741717220033      
   41624288114.1578851813062673562532772      
   41533566938.8662014891551249236963057      
   41440884240.4168901685818376854069873      
   41346212972.2561489928059037875020131      
   41249525867.1585385224205247800417705      
   41150795439.8528294843067428547254585      
   41049993988.2093070140209022819865102      
   40947093594.7169700183456900944271657      
   40842066127.2662060207532576067147112      
   40734883239.1710470999520962694532958      
   40625516377.3024277624758999184212296      
   40513936771.4361199439012779104805055      
   40400115444.6216540421744572102530065      
   40284023210.8951544331651855531773461      
   40165630680.1247168122572292963532464      
   40044908256.1854861228542433724314726      
   39921826132.4937532866579835350731091      
   39796354303.2906027499411328445185802      
   39668462557.8954303895353815767927103      
   39538120484.9087196479552177914472068      
   39405297469.1318793535884946985489897      
   39269962697.9902656288540828787687350      
   39132085157.8502739010069129432980836      
   38991633635.9784602743310662144992026      
   38848576721.4375223377065724806900931      
   38702882805.5010255429740284979373074      
   38554520082.3900717392361771346645594      
   38403456549.8955086352326994533928934      
   38249660009.7640456055520821168172166      
   38093098068.3176122346914785910005420      
   37933738138.4017039453432028984499043      
   37771547434.5408485858739434387391868      
   37606492981.4363503963066232974782345      
   37438541608.2322034434292055847060697      
   37267659949.5145739800493429990528013      
   37093814448.0435502780195329585934288      
   36916971353.7572918748261246949894634      
   36737096724.5977878650884801346690508      
   36554156426.2696844746492488037439256      
   36368116132.3033544755332453425288823      
   36178941325.3979948785513990680870559      
   35986597296.5778123674205298533631285      
   35791049145.0511696765373954513137441      
   35592261780.0654486669880153830595430      
   35390199920.1747727744384251122315671      
   35184828093.0775789639657674429367317      
   34976110636.1662053569960194661937642      
   34764011696.2403697198480631559077573      
   34548495230.4655364328891113669832776      
   34329525006.0550259852347656807245191      
   34107064600.0472634070418695295948094      
   33881077399.3627683388022639401705011      
   33651526602.9090343157294830350294292      
   33418375219.5986419741915118090602441      
   33181586067.4597766527861544056422091      
   32941121775.6655784596082364046962238      
   32696944784.3942935730193681051731036      
   32449017344.9609941345911551217950806      
   32197301519.0609792672472981178923219      
   31941759179.1889593082636487980156073      
   31682352008.8670244578343647087472608      
   31419041502.1711486695181774731158410      
   31151788963.2397107504601762427544645      
   30880555509.1572734872670206881035476      
   30605302067.0844551331553605098415824      
   30325989375.5634125730657893469648089      
   30042577983.5799210252821405125447607      
   29755028251.0046919053999520666815339      
   29463300348.9584686004378737199936253      
   29167354260.3159194157581740998548069      
   28867149778.7612050145152113415935117      
   28562646507.7935060798127575209240393      
   28253803864.3441710753214554041376899      
   27940581074.4751329059260485131003738      
   27622937176.2892241033073784729279541      
   27300831018.0631082394680537746454883      
   26974221260.3904615718495057743395106      
   26643066374.0282015904649108367824431      
   26307324641.0462983075274750137808805      
   25966954154.1517551801320819513364363      
   25621912817.8942082439441972741176927      
   25272158347.6731257732887683808212518      
   24917648269.4026500309748278178977542      
   24558339920.1492495047832788742723079      
   24194190448.3216009563038880924404546      
   23825156813.1448599151606146513590184      
   23451195784.0725263517553035195428182      
   23072263942.7175912276571942860830992      
   22688317679.8967182979577216017901746      
   22299313201.0035029284099610792211022      
   21905206518.5785442669723058723892389      
   21505953458.1837112527171105253625033      
   21101509654.6216083449555702787396072      
   20691830555.6013064156898649872844990      
   20276871418.0642442248054614595190883      
   19856587307.6742030956675911435433669      
   19430933108.0175076967148134445316700      
   18999863508.2232945447210122241942795      
   18563333008.4858636849369133713173541      
   18121295922.0023869472300234112410991      
   17673706371.8777946277852354680815976      
   17220518291.4090985199229171286527609      
