   44856455913.4832008799516522291815839      
   44856448657.0678986095276285779392133      
   44856440519.8032880796348774029623552      
   44856431343.1078200982853447287245437      
   44856420943.7885020954824665863051910      
   44856409113.4065316318993364867427022      
   44856395617.7303551352778879433160573      
   44856380196.3320114144042812362050962      
   44856362562.3911374997380550355139980      
   44856342402.2180152856238790497488018      
   44856319375.1685001165717764540842076      
   44856293113.3143868946872260262545032      
   44856263221.1181843727237884902406264      
   44856229274.8196361550012993755059176      
   44856190822.0245665143151548199279653      
   44856147380.8495698301759268541095754      
   44856098438.9815568004731333146743385      
   44856043452.5790531330955277052734419      
   44855981844.8673092989312442125783015      
   44855913004.3966467768356028709224521      
   44855836283.3725705629820701696299621      
   44855750995.3506557792932375869098701      
   44855656412.7778661642061356529522611      
   44855551764.1974125468528902480992175      
   44855436231.1290673154745513429994954      
   44855308944.5977499502544930083257451      
   44855168981.2367106869303255535378139      
   44855015359.1414260371396198006605519      
   44854847033.0605880883608563877644026      
   44854662889.4750897729757551828389886      
   44854461740.9203056032655749151250861      
   44854242319.9893566118460546518896450      
   44854003272.9004903352154634141541020      
   44853743152.4268188021046233896098506      
   44853460410.2686429194888426373669458      
   44853153389.0079006626398853029394613      
   44852820316.0252300188036390464972955      
   44852459284.1452042785483426646440367      
   44852068256.1656069350629520696678631      
   44851645044.8349992365441128685790413      
   44851187304.2090460454806565208630277      
   44850692517.6028759207318868763672045      
   44850157985.1862609218197182391207140      
   44849580810.8171607355808995281223322      
   44848957888.1132703705871471121036973      
   44848285886.1864290250257726555086473      
   44847561234.4417479069455159370466162      
   44846780107.1250406880620394488490946      
   44845938407.0159204269430508508681414      
   44845031748.9297672578658680262483675      
   44844055443.0228958338632639068508639      
   44843004477.0606529302297990327780230      
   44841873499.3351731524179189968635016      
   44840656801.1638470789209670788465378      
   44839348299.6061642495087488067115565      
   44837941521.2896227892817662365533971      
   44836429584.8188701450589403057362620      
   44834805186.9590013861102773825482715      
   44833060597.3656547736946763250547100      
   44831187609.0319086840208598979847404      
   44829177582.6114860758191020934781534      
   44827021406.4482635256753556175039483      
   44824709504.2769949258643952683203901      
   44822231844.2686107275162682917388453      
   44819577962.3583429929293227353042522      
   44816737009.5741622180527755272516577      
   44813697838.4279662808299658051807251      
   44810449156.2573632640243018039787201      
   44806979776.4713748374144143494487817      
   44803278933.6394482845496016067978960      
   44799336080.5607022429218596719181986      
   44795136098.2894865791170938212035543      
   44790640158.0600192258634770675273695      
   44785790127.1366650492608549771925136      
   44780557678.7238044828972385691528752      
   44774919782.8525279156605670040943358      
   44768842856.1321641472757938113639157      
   44762291410.5478789369554944841214442      
   44755235937.7708732870447922281760766      
   44747656369.0267407488896431545495758      
   44739541127.1019372153863227939725909      
   44730884233.0084550399006318420315042      
   44721682318.0613454436959014363338863      
   44711932375.9787820508369061971575660      
   44701630624.3681941200803282323597997      
   44690771830.8608681714142653641994317      
   44679349175.3462147965364081244962482      
   44667354295.1814069035451537007565022      
   44654777441.8594033902092791275621362      
   44641607568.6816310951014480874160452      
   44627832620.3295715333943736223422715      
   44613439582.9904320877165519139637374      
   44598414632.0613678959572991972592941      
   44582743233.7404219163032094487217111      
   44566410226.4302705278838226626251444      
   44549399887.7353904781162421162411735      
   44531695988.5943024771760777490770551      
   44513281837.6263322358075878136615066      
   44494140317.7441772946492659598001148      
   44474253915.9795786597592192517107628      
   44453604750.0084756001318909361533194      
   44432174588.4072726784634491049504672      
   44409944870.1526090162644040402180011      
   44386896719.0605850128558422606842005      
   44363010957.8000759273413959092391519      
   44338268115.8443131373109371218891740      
   44312648454.9142900484613655730509245      
   44286131953.5714862914729644666253775      
   44258698331.3774386214183641792094458      
   44230327051.1385951705128154406874939      
   44200997325.0082843450284552560209944      
   44170688119.2167162153723714741433291      
   44139378159.1517003650339487689721998      
   44107045933.2328980976314742001846985      
   44073669696.4352615395446145135475198      
   44039227473.9117422401211886889058307      
   44003697064.2284498808386634928271840      
   43967056041.0888672676695487656521698      
   43929281756.8539968036390889366866029      
   43890351344.1824249902290239706394696      
   43850241718.2915048742150268141447564      
   43808929579.8156096196593704502705861      
   43766391413.6193070950632884704695580      
   43722603494.2714469083636708329367544      
   43677541886.8092789461044652751500484      
   43631182445.7382294760724879847110768      
   43583500818.3732038083415220064858657      
   43534472444.2235486597327039917534464      
   43484072561.3947716376045357372406574      
   43432276200.5915653485925645149726402      
   43379058189.7985031252023581748361917      
   43324393157.9324420282665719716463596      
   43268255529.8142641169577910291995937      
   43210619562.3762920789506824231376324      
   43151459218.7964864653350674140260282      
   43090748357.8771323935776169659768550      
   43028460612.2516573137104695174118577      
   42964569412.6787451984900513767366301      
   42899047996.7192607862394648538489908      
   42831869406.3240846867432025261921715      
   42763006484.4775332850409525538502592      
   42692431885.1886689507241363662372868      
   42620118062.7962761227089912992513190      
   42546037280.4530184618028841756295388      
   42470161610.4006777034046558827319200      
   42392462927.2370970126817792765606657      
   42312912917.8097626084845892796914420      
   42231483074.1506148857632814856377166      
   42148144695.3466077443172788551519269      
   42062868895.5304679766412284835057813      
   41975626589.6764952151890115615121997      
   41886388509.5018156570166941761349807      
   41795125190.0235765515343570996310771      
   41701806979.8370299541011582466494288      
   41606404040.0144144727451398157902408      
   41508886336.7440980549948892064004239      
   41409223648.3354909920575369576970147      
   41307385565.1314145545311848308798094      
   41203341485.1327377072512637781623074      
   41097060622.5172897005897585055948713      
   40988511997.3585031273412725870754345      
   40877664443.9630715185060958668251047      
   40764486608.8749296721929325784824724      
   40648946949.0415872590438612982414362      
   40531013733.0429031006406394486857061      
   40410655041.1080151091212670154086651      
   40287838766.1604656441372967881413527      
   40162532612.0430330862002519352943751      
   40034704095.1682102396816977818444674      
   39904320543.8546377041338037772054326      
   39771349098.5262623342482759401237111      
   39635756712.0631792166848821587980761      
   39497510149.6471779990585840078500467      
   39356575987.4716885997482402248027853      
   39212920615.3786833063637289919655784      
   39066510236.1229794823046578581439126      
   38917310863.1042168827286786630191128      
   38765288321.5081666916307631520918325      
   38610408251.0820797874964265345470408      
   38452636102.1605042303048479160325066      
   38291937137.6916057998534459662363318      
   38128276434.6790841582093651160680419      
   37961618878.0689661915797912826924485      
   37791929172.1377400361538751091637136      
   37619171829.1199802338370367730151027      
   37443311168.8759024778743506695582033      
   37264311334.2920097405724219301086296      
   37082136273.4910390380197631205047217      
   36896749747.6323964580206740844930041      
   36708115331.7596889411260941868251025      
   36516196412.3831967042785355205080926      
   36320956185.0201335632929748218416372      
   36122357664.6754674749518467100532079      
   35920363669.8906500989250275832870704      
   35714936838.6900203557297564762751666      
   35506039618.2642272231485515249508598      
   35293634268.0943547360536770211864037      
   35077682859.7401326085889955563555455      
   34858147276.9492204620553298339896483      
   34634989215.8453648077380234375564557      
   34408170168.8800449827921329754228902      
   34177651477.2247405633226594434316013      
   33943394270.4779494784774318946396303      
   33705359478.6181260947957891994513623      
   33463507864.2050280142670044572362475      
   33217799994.5552974398859656047649195      
   32968196248.8693101774788595882690277      
   32714656818.1221602001677569988478228      
   32457141705.5499556229229995907690742      
   32195610724.6767662366545393477816226      
   31930023502.6542934509672424144407093      
   31660339477.6912809118171125984662945      
   31386517899.7619472985843186246787934      
   31108517830.5852003345172979097454275      
   30826298143.5395582149873928209784436      
   30539817523.2352495326710142395158929      
   30249034466.7857486305742427683717467      
   29953907282.7775265687788528167720479      
   29654394088.4946344758785076914907075      
   29350452818.9412675326777721862980861      
   29042041214.1416318469668051325371298      
   28729116836.0130844945826974416940807      
   28411637045.7535957581867688661444621      
   28089559024.2739361195411081976435150      
   27762839758.5623458251243244842209205      
   27431436048.4217714724928097334283269      
   27095304509.6770986378134656331470489      
   26754401566.7284215074848995917004165      
   26408683455.9027036560776299473487534      
   26058106224.7793362236782900619113411      
   25702625732.4467347852529858193272060      
   25342197649.5290951761285324590820185      
   24976777458.2317987374505327320110098      
   24606320452.1656727723879977006923308      
   24230781735.7141376626170426051664577      
   23850116226.1374846470300847859886141      
   23464278643.8431278591788975451340023      
   23073223536.0965335501679274522559746      
   22676905256.1801693888952264821472614      
   22275277964.9330898304710496005294971      
   21868295638.2082361129171561414378480      
   21455912064.9690136221038817997734705      
   21038080839.2685315881921561826044616      
   20614755369.6727898640153749738048350      
   20185888874.3362272469122150837531145      
   19751434388.5772042802956559536328446      
   19311344755.7689850160646073748789733      
   18865572633.7246895562703256126621917      
   18414070490.0141543759916163230864672      
   17956790603.3697509229964811069640510      
   17493685064.2817730377696883523295124      
   17024705774.9926906350505650824281200      
   16549804447.6642846141562864854323895      
   16068932605.2161096204404367170117304      
   15582041587.6435597317033325400654452      
   15089082549.7359720517803401438793413      
   14590006450.5344600581489171244084913      
   14084764062.7404430851516243852010909      
   13573305970.1527218130286986703833133      
   13055582567.4207306962862604837252044      
   12531544064.3459988786875558419384434      
   12001140483.6050357979286304485480851      
   11464321656.2798144607647092374215817      
   10921037228.0047221537695315730113025      
   10371236655.0529665371330468223413561      
   9814869204.75642669821601219838554939      
   9251883959.35122651652531162791605713      
   8682229810.10060578385968776936497225      
   8105855465.33164712368020845607439243      
   7522709436.98881408094540235918905661      
   6932740058.47095503471472308517356703      
   6335895471.19840142900685023675392499      
   5732123627.83226945982119420717550950      
   5121372297.39617048734228434109260531      
   4503589057.73471383545168003556628954      
   3878721300.85796849160474404354125013      
   3246716228.66400692627087838780747834      
   2607520857.00866273108024746892287852      
   1961082017.31016186166908887155434661      
   1307346350.59509038837348562277137041      
