   47.264983649065677        64.282529700258948     
   47.255304379716172        64.277305268385163     
   47.244682555659253        64.271532774584301     
   47.233093438060187        64.265192736666435     
   47.220517087066426        64.258268846532260     
   47.206938435143257        64.250748197553023     
   47.192347261155675        64.242621430530392     
   47.176738076220204        64.233882801684359     
   47.160109915063401        64.224530167364762     
   47.142466048691062        64.214564892647189     
   47.123813633680101        64.203991694234858     
   47.104163301813998        64.192818421062455     
   47.083528694121640        64.181055777706916     
   47.061925981971306        64.168717018600617     
   47.039373336077297        64.155817589424970     
   47.015890406811451        64.142374762732231     
   46.991497790887195        64.128407250062992     
   46.966216494061598        64.113934802905945     
   46.940067413878886        64.098977816951006     
   46.913070832937031        64.083556938135303     
   46.885245926105853        64.067692673498200     
   46.856610301889738        64.051405021657487     
   46.827179555105971        64.034713109623169     
   46.796966852440157        64.017634851321858     
   46.765982542805517        64.000186622819498     
   46.734233793393450        63.982382956478247     
   46.701724252480091        63.964236254578438     
   46.668453708318566        63.945756509848572     
   46.634417906196674        63.926951101056765     
   46.599608133309403        63.907824499489941     
   46.564011067305493        63.888378094637169     
   46.527608523659126        63.868609983332433     
   46.490377252487967        63.848514790042408     
   46.452288735565240        63.828083490497868     
   46.413309014328995        63.807303256803145     
   46.373398502808065        63.786157303003570     
   46.332511842723015        63.764624747514134     
   46.290597741593423        63.742680480018230     
   46.247598813377365        63.720295026024139     
   46.203451448942346        63.697434434059069     
   46.158085655391403        63.674060146277270     
   46.111424924296415        63.650128887556235     
   46.063386085775385        63.625592547939533     
   46.013879160245111        63.600398067014837     
   45.962807225568355        63.574487323439691     
   45.910066252274007        63.547797009240647     
   45.855544985880229        63.520258537246768     
   45.799124801776955        63.491797925408960     
   45.740679554987040        63.462335677184953     
   45.680075480701575        63.431786700133451     
   45.617171073275181        63.400060203356404     
   45.551817005596639        63.367059621741774     
   45.483856072208475        63.332682551966435     
   45.413123185277598        63.296820721785515     
   45.339445410857735        63.259359981722227     
   45.262642049730694        63.220180314776272     
   45.182524859687696        63.179155948129711     
   45.098898329730538        63.136155481060868     
   45.011560060764687        63.091042078900891     
   44.920301328135650        63.043673788774313     
   44.824907732206569        62.993903897614516     
   44.725160076545421        62.941581443574215     
   44.620835347162320        62.886551787660579     
   44.511707917097809        62.828657334658651     
   44.397550891386892        62.767738347019183     
   44.278137581027501        62.703633853873079     
   44.153243103796605        62.636182649097698     
   44.022645475377217        62.565224023837267     
   43.886129537771708        62.490600134592029     
   43.743485197643245        62.412155148983622     
   43.594511037844590        62.329737464839958     
   43.439015649644887        62.243200652168902     
   43.276815854730238        62.152402592323064     
   43.107741231878158        62.057208280237361     
   42.931631603248917        61.957488530185117     
   42.748337360701200        61.853120332560870     
   42.557718757316891        61.743986585263073     
   42.359644824894104        61.629975590096542     
   42.153991989271319        61.510980350207070     
   41.940642445331157        61.386897704621362     
   41.719482419261190        61.257627367370198     
   41.490400352739016        61.123070906997000     
   41.253286325813676        60.983131444178539     
   41.008025972996379        60.837710014280184     
   40.754505174250014        60.686708409629176     
   40.492604919629763        60.530026090737408     
   40.222201132531268        60.367560078565191     
   39.943163838003272        60.199204451330864     
   39.655356606954484        60.024850006261516     
   39.358636203423970        59.844384055571524     
   39.052852527164703        59.657690404436494     
   38.737848762401050        59.464649469045298     
   38.413461778849296        59.265138561184330     
   38.079522778824526        59.059032338239966     
   37.735858204607169        58.846203427013585     
   37.382290872697695        58.626523212988481     
   37.018641469694558        58.399862854419233     
   36.644730297776917        58.166094482575367     
   36.260379392943371        57.925092641376175     
   35.865415044345973        57.676735990059655     
   35.459670710859776        57.420909263465134     
   35.042990456334437        57.157505559816066     
   34.615232867873118        56.886428929201962     
   34.176275540668755        56.607597306120297     
   33.726020140341426        56.320945782831551     
   33.264398059644044        56.026430222905603     
   32.791376654466674        55.724031191901041     
   32.306965993909039        55.413758144893926     
   31.811226149021312        55.095653893783677     
   31.304274319448044        54.769798762292034     
   30.786292991787235        54.436315483457975     
   30.257537049822243        54.095373085315792     
   29.718340936570758        53.747190762735151     
   29.169124973790989        53.392041034680553     
   28.610400629251838        53.030252084176688     
   28.042774395984825        52.662209074000536     
   27.466949974098743        52.288354283324708     
   26.883728559038957        51.909185980198231     
   26.294007026296942        51.525255971073371     
   25.698773965347900        51.137165874825122     
   25.099103535554118        50.745562188651462     
   24.496147181765807        50.351130272978935     
   23.891120015879146        49.954585276068521     
   23.285302075873915        49.556673095092002     
   22.680003903435100        49.158148816334361     
   22.076565136155345        48.759776931401916     
   21.476334529038951        48.362320046114746     
   20.880652630442302        47.966529715172584     
   20.290834195352211        47.573137396009642     
   19.708150717273799        47.182845683783853     
   19.133813683028951        46.796320073380684     
   18.568959080751988        46.414181472433697     
   18.014633757901361        46.036999712197236     
   17.471784007956305        45.665288233030914     
   16.941246796670416        45.299500100481019     
   16.423743805598772        44.940025447139952     
   15.919878360039862        44.587190356478366     
   15.430135153953950        44.241257132485423     
   14.954882537988372        43.902425855487557     
   14.494377067057288        43.570837051449715     
   14.048769902889587        43.246575291208352     
   13.618114656925997        42.929673488754887     
   13.202376253354112        42.620117705965704     
   12.801440389159955        42.317852240522804     
   12.415123257049785        42.022784826985394     
   12.043181208121267        41.734791788999551     
   11.685320111077839        41.453723017135417     
   11.341204218085167        41.179406677154496     
   11.010464392880728        40.911653569460036     
   10.692705638615454        40.650261119443094     
   10.387513850753759        40.395016947556940     
   10.094461810263573        40.145702038572921     
   9.8131144049973393        39.902093496220040     
   9.5430331475832286        39.663966929761180     
   9.2837799981606235        39.431098463787734     
   9.0349205828559533        39.203266437809852     
   8.7960268466886280        38.980252793728660     
   8.5666777405960293        38.761842895639305     
   8.3464668885692337        38.547831760052418     
   8.1349947409064889        38.338016564420457     
   7.9318758171022248        38.132202711980511     
   7.7367378474707804        37.930202815460973     
   7.5492221949690288        37.731836894934084     
   7.3689841322757985        37.536932519696840     
   7.1956929250445780        37.345324838919538     
   7.0290317972565068        37.156856553505420     
   6.8686977631103741        36.971377819512156     
   6.7144013988423206        36.788746120507376     
   6.5658664978393801        36.608826061042656     
   6.4228297301610207        36.431489190632803     
   6.2850402282268441        36.256613776020586     
   6.1522591471404482        36.084084554091703     
   6.0242592111697570        35.913792484405128     
   5.9008242478517534        35.745634496151986     
   5.7817487088151571        35.579513217670510     
   5.6668372169293653        35.415336739541800     
   5.5559040941376931        35.253018350312459     
   5.4487729035705250        35.092476286474941     
   5.3452760086979660        34.933633492487473     
   5.2452541405236230        34.776417383080890     
   5.1485559774954055        34.620759611305068     
   5.0550377422982260        34.466595845229101     
   4.9645628293240316        34.313865575218045     
   4.8770014112666225        34.162511881247383     
   4.7922301013840043        34.012481257076807     
   4.7101316101595740        33.863723418061376     
   4.6305944234196490        33.716191121843892     
   4.5535124986569242        33.569840002662680     
   4.4787849721365198        33.424628405661942     
   4.4063158852636004        33.280517239446695     
   4.3360139274092129        33.137469831244161     
   4.2677921771238578        32.995451777880028     
   4.2015678715562883        32.854430818446012     
   4.1372621960321743        32.714376723482772     
   4.0748000634733845        32.575261163890765     
   4.0141099194053051        32.437057606436163     
   3.9551235580529700        32.299741205270607     
   3.8977759418684155        32.163288704409659     
   3.8420050382516173        32.027678343632935     
   3.7877516569937821        31.892889761392372     
   3.7349593035372379        31.758903915225162     
   3.6835740429709185        31.625703008182754     
   3.6335443642785372        31.493270407336841     
   3.5848210532468849        31.361590570119795     
   3.5373570735235176        31.230648958852623     
   3.4911074790156462        31.100432072401979     
   3.4460292662321765        30.970927236016923     
   3.4020813048713787        30.842122645284697     
   3.3592242368049510        30.714007287323962     
   3.3174203871182795        30.586570888870551     
   3.2766336800111828        30.459803869057364     
   3.2368295590470875        30.333697289701135     
   3.1979749158560113        30.208242821012174     
   3.1600380172525169        30.083432697484099     
   3.1229884365232827        29.959259676135776     
   3.0867969942120821        29.835717002296629     
   3.0514356956903299        29.712798375943809     
   3.0168776755597975        29.590497920089717     
   2.9830971508915498        29.468810178966624     
   2.9500693432228937        29.347729971883062     
   2.9177704720301159        29.227252542992957     
   2.8861776817675193        29.107373418298035     
   2.8552690034353581        28.988088402663067     
   2.8250233193177867        28.869393577740663     
   2.7954203194813769        28.751285265449290     
   2.7664404669557254        28.633760005224943     
   2.7380649624814186        28.516814543318212     
   2.7102757113794103        28.400445810732879     
   2.6830552938879442        28.284650912306915     
   2.6563869354416823        28.169427109947257     
   2.6302544699607107        28.054771786451195     
   2.6046423343830685        27.940682485180194     
   2.5795355136529410        27.827156825399545     
   2.5549195416703019        27.714192548262123     
   2.5307804664117772        27.601787481201743     
   2.5071048299867771        27.489939529856642     
   2.4838796486787071        27.378646670349116     
   2.4610923924498720        27.267906940027800     
   2.4387309662422219        27.157718427365907     
   2.4167836921943082        27.048079266421606     
   2.3952392931979283        26.938987629275534     
   2.3740868721674917        26.830441704820714     
   2.3533159082936335        26.722439738082777     
   2.3329162272393482        26.614979964208000     
   2.3128779956983125        26.508060638828322     
   2.2931917091424987        26.401680038655840     
   2.2738481676954807        26.295836407758721     
   2.2548384811242261        26.190528028828219     
   2.2361540454265509        26.085753167558654     
   2.2177865354023107        25.981510086407823     
   2.1997278902076314        25.877797025980133     
   2.1819703087776814        25.774612224859968     
   2.1645062368997663        25.671953905468797     
   2.1473283585106819        25.569820273165327     
   2.1304295860268718        25.468209511525910     
   2.1138030525920795        25.367119783743664     
   2.0974421036896125        25.266549229774341     
   2.0813402900097566        25.166495970530111     
   2.0654913591241324        25.066958099455913     
   2.0498892488557217        24.967933686306676     
   2.0345280799739904        24.869420774118453     
   2.0194021473585715        24.771417364602971     
   2.0045059220734953        24.673921468357655     
   1.9898340359207078        24.576931044854820     
   1.9753812789773098        24.480444027474430     
   1.9611425948878354        24.384458326389623     
   1.9471130748059429        24.288971822490630     
   1.9332879527779143        24.193982372709581     
   1.9196626004054849        24.099487807287979     
   1.9062325223424061        24.005485930746591     
   1.8929933522234645        23.911974526770535     
   1.8799408451250021        23.818951338109233     
   1.8670708795353956        23.726414101306180     
   1.8543794484813858        23.634360522855225     
   1.8418626570418732        23.542788285900407     
   1.8295167187437769        23.451695052039312     
   1.8173379520646311        23.361078462918019     
   1.8053227768475628        23.270936139037225     
   1.7934677113092756        23.181265682898918     
   1.7817693682177882        23.092064675250057     
