   1.6912625135579575     
   2.6912625135579575     
   3.6912625135579575     
   4.6912625135579571     
   5.6912625135579571     
   6.6912625135579571     
   7.6912625135579571     
   8.6912625135579571     
   9.6912625135579571     
   10.691262513557957     
   11.691262513557957     
   12.691262513557957     
   13.691262513557957     
   14.691262513557957     
   15.691262513557957     
   16.691262513557959     
   17.691262513557959     
   18.691262513557959     
   19.691262513557959     
   20.691262513557959     
   21.691262513557959     
   22.691262513557959     
   23.691262513557959     
   24.691262513557959     
   25.691262513557959     
   26.691262513557959     
   27.691262513557959     
   28.691262513557959     
   29.691262513557959     
   30.691262513557959     
   31.691262513557959     
   32.691262513557959     
   33.691262513557959     
   34.691262513557959     
   35.691262513557959     
   36.691262513557959     
   37.691262513557959     
   38.691262513557959     
   39.691262513557959     
   40.691262513557959     
   41.691262513557959     
   42.691262513557959     
   43.691262513557959     
   44.691262513557959     
   45.691262513557959     
   46.691262513557959     
   47.691262513557959     
   48.691262513557959     
   49.691262513557959     
   50.691262513557959     
   51.691262513557959     
   52.691262513557959     
   53.691262513557959     
   54.691262513557959     
   55.691262513557959     
   56.691262513557959     
   57.691262513557959     
   58.691262513557959     
   59.691262513557959     
   60.691262513557959     
   61.691262513557959     
   62.691262513557959     
   63.691262513557959     
   64.691262513557959     
   65.691262513557959     
   66.691262513557959     
   67.691262513557959     
   68.691262513557959     
   69.691262513557959     
   70.691262513557959     
   71.691262513557959     
   72.691262513557959     
   73.691262513557959     
   74.691262513557959     
   75.691262513557959     
   76.691262513557959     
   77.691262513557959     
   78.691262513557959     
   79.691262513557959     
   80.691262513557959     
   81.691262513557959     
   82.691262513557959     
   83.691262513557959     
   84.691262513557959     
   85.691262513557959     
   86.691262513557959     
   87.691262513557959     
   88.691262513557959     
   89.691262513557959     
   90.691262513557959     
   91.691262513557959     
   92.691262513557959     
   93.691262513557959     
   94.691262513557959     
   95.691262513557959     
   96.691262513557959     
   97.691262513557959     
   98.691262513557959     
   99.691262513557959     
   100.69126251355796     
   101.69126251355796     
   102.69126251355796     
   103.69126251355796     
   104.69126251355796     
   105.69126251355796     
   106.69126251355796     
   107.69126251355796     
   108.69126251355796     
   109.69126251355796     
   110.69126251355796     
   111.69126251355796     
   112.69126251355796     
   113.69126251355796     
   114.69126251355796     
   115.69126251355796     
   116.69126251355796     
   117.69126251355796     
   118.69126251355796     
   119.69126251355796     
   120.69126251355796     
   121.69126251355796     
   122.69126251355796     
   123.69126251355796     
   124.69126251355796     
   125.69126251355796     
   126.69126251355796     
   127.69126251355796     
   128.69126251355794     
   129.69126251355794     
   130.69126251355794     
   131.69126251355794     
   132.69126251355794     
   133.69126251355794     
   134.69126251355794     
   135.69126251355794     
   136.69126251355794     
   137.69126251355794     
   138.69126251355794     
   139.69126251355794     
   140.69126251355794     
   141.69126251355794     
   142.69126251355794     
   143.69126251355794     
   144.69126251355794     
   145.69126251355794     
   146.69126251355794     
   147.69126251355794     
   148.69126251355794     
   149.69126251355794     
   150.69126251355794     
   151.69126251355794     
   152.69126251355794     
   153.69126251355794     
   154.69126251355794     
   155.69126251355794     
   156.69126251355794     
   157.69126251355794     
   158.69126251355794     
   159.69126251355794     
   160.69126251355794     
   161.69126251355794     
   162.69126251355794     
   163.69126251355794     
   164.69126251355794     
   165.69126251355794     
   166.69126251355794     
   167.69126251355794     
   168.69126251355794     
   169.69126251355794     
   170.69126251355794     
   171.69126251355794     
   172.69126251355794     
   173.69126251355794     
   174.69126251355794     
   175.69126251355794     
   176.69126251355794     
   177.69126251355794     
   178.69126251355794     
   179.69126251355794     
   180.69126251355794     
   181.69126251355794     
   182.69126251355794     
   183.69126251355794     
   184.69126251355794     
   185.69126251355794     
   186.69126251355794     
   187.69126251355794     
   188.69126251355794     
   189.69126251355794     
   190.69126251355794     
   191.69126251355794     
   192.69126251355794     
   193.69126251355794     
   194.69126251355794     
   195.69126251355794     
   196.69126251355794     
   197.69126251355794     
   198.69126251355794     
   199.69126251355794     
   200.69126251355794     
   201.69126251355794     
   202.69126251355794     
   203.69126251355794     
   204.69126251355794     
   205.69126251355794     
   206.69126251355794     
   207.69126251355794     
   208.69126251355794     
   209.69126251355794     
   210.69126251355794     
   211.69126251355794     
   212.69126251355794     
   213.69126251355794     
   214.69126251355794     
   215.69126251355794     
   216.69126251355794     
   217.69126251355794     
   218.69126251355794     
   219.69126251355794     
   220.69126251355794     
   221.69126251355794     
   222.69126251355794     
   223.69126251355794     
   224.69126251355794     
   225.69126251355794     
   226.69126251355794     
   227.69126251355794     
   228.69126251355794     
   229.69126251355794     
   230.69126251355794     
   231.69126251355794     
   232.69126251355794     
   233.69126251355794     
   234.69126251355794     
   235.69126251355794     
   236.69126251355794     
   237.69126251355794     
   238.69126251355794     
   239.69126251355794     
   240.69126251355794     
   241.69126251355794     
   242.69126251355794     
   243.69126251355794     
   244.69126251355794     
   245.69126251355794     
   246.69126251355794     
   247.69126251355794     
   248.69126251355794     
   249.69126251355794     
   250.69126251355794     
