   44574782345.2099040151986045843705163      
   44574782345.2099040105025290005550573      
   44574782345.2099031863842733508262523      
   44574782345.2098593235340020693796597      
   44574782345.2089364702589287397484404      
   44574782345.1992552301953935098425854      
   44574782345.1372589286542179975465410      
   44574782344.8584669929545640527786492      
   44574782343.8920632764037422211681365      
   44574782341.1415765386312909204667194      
   44574782334.4245777702803307929068259      
   44574782319.8955953601781218864818508      
   44574782291.4014452419257128565193709      
   44574782239.8326075957234528924889615      
   44574782152.5403177470250964635624517      
   44574782012.8873865762205716061021499      
   44574781799.9720125027342625516861722      
   44574781488.6462494883129841877166741      
   44574781049.7589793340019775378954343      
   44574780450.5625731188664350023133087      
   44574779655.3807746414561807935025296      
   44574778626.3421095383415641499769851      
   44574777324.1053484737988949279589751      
   44574775708.4848392650294426431527514      
   44574773738.9048053722791911121160085      
   44574771374.4911780948933134407947416      
   44574768574.2057455578683582009572659      
   44574765296.3254555723308982115828348      
   44574761497.8592344701754517949986240      
   44574757134.0580053719860198018668372      
   44574752157.2006470391592021366892999      
   44574746515.8535276535073133550485392      
   44574740153.8076163959999210319225718      
   44574733009.3777786978260503392144302      
   44574725014.4050073971895405460643374      
   44574716093.5672897581836870012659646      
   44574706163.8142215776031172574834944      
   44574695133.7115827357857206854351314      
   44574682903.9994212275504691444351308      
   44574669366.1088894584395356011276402      
   44574654402.9855804709023235271413825      
   44574637888.3652076486840292673859421      
   44574619687.6582798623392041785347491      
   44574599656.9306775784369587865428868      
   44574577643.7229902292015560443182450      
   44574553487.0377486478217787774153991      
   44574527017.0594147738779552689091623      
   44574498055.3057342380751590252105977      
   44574466414.5971097343943497961404568      
   44574431899.2324690738364969059256901      
   44574394304.3805212181166861950375537      
   44574353416.1399009611894577757420357      
   44574309011.4624716254734505589043072      
   44574260857.5722418801092707033695675      
   44574208711.6517239884763477281969284      
   44574152320.7343523452146739323918303      
   44574091420.9178434977996128633547945      
   44574025737.0177480595579708644355790      
   44573954982.1261394336209033426586183      
   44573878856.8623179163810820220748071      
   44573797048.9430668283947324384677987      
   44573709232.3841734815332487647939339      
   44573615067.0102716996629657354849575      
   44573514197.6295099952500798625279378      
   44573406253.2774832458480025399776851      
   44573290846.5373466687229307313034201      
   44573167572.5450059350919217711540102      
   44573036008.3090040202375242001757198      
   44572895711.6732545817113057511576667      
   44572746220.2642689076984381765780439      
   44572587050.6680137780638675046656725      
   44572417697.1294646804962009868550563      
   44572237630.4153919890465165113934577      
   44572046296.6201818157129091879805049      
   44571843115.7445226183280043732754205      
   44571627480.3004472035723083264105667      
   44571398753.7093181710401840633268082      
   44571156268.7652772964108584053410116      
   44570899325.7704686916834594753867790      
   44570627190.6577789137580934465988389      
   44570339093.0560263462405961971108336      
   44570034224.0738917688167811436376331      
   44569711734.0813426257041560829690487      
   44569370730.2105205217739396214689811      
   44569010271.9420290471646021535439068      
   44568629375.8582659712925935020309321      
   44568227001.5086344715079712580053017      
   44567802055.7563265970929946550595312      
   44567353387.7383608071452919207162166      
   44566879785.3967507505432324382500537      
   44566379971.8111714193625357145463226      
   44565852602.9929407628974602712037646      
   44565296257.9200767480022792889344560      
   44564709442.7888754511510103442281468      
   44564090581.1087645419877929135598051      
   44563438010.3656323652004097219927545      
   44562749977.0969765631829492186450049      
   44562024631.7535725159636950021072695      
   44561260023.2659686571543493398746912      
   44560454093.3905649358225463187372771      
   44559604670.7816955144233070589105146      
   44558709464.7505587320464492674259023      
   44557766058.7127469760091711838780279      
   44556771903.3795947148333679496984826      
   44555724309.5786152467482963234482564      
   44554620440.6496477801585188815980828      
   44553457304.6392554765409814155574266      
   44552231745.9608587022159721966129186      
   44550940436.6387181337800588080946839      
   44549579867.2317349446232100743242502      
   44548146337.1293393630969742562355485      
   44546635944.4357870199164384954876107      
   44545044575.2791303936771404702796782      
   44543367892.5954570481487326477094429      
   44541601324.1670722850146106375078642      
   44539740050.1077565937110060897065774      
   44537778989.5916064554696412559424379      
   44535712786.7881535993917611244057282      
   44533535795.9382238323562779635051299      
   44531242065.6045438692782869624574576      
   44528825321.8691389454160507761013851      
   44526278950.4444086231431259186569697      
   44523595977.7984356644438739769760947      
   44520769050.7977371350595265332679986      
   44517790415.1683140015602251017158571      
   44514651892.5058982222088539542935665      
   44511344855.4782543562143101479682808      
   44507860201.6174900807591163036775595      
   44504188321.5085012608423618131506754      
   44500319083.1950597594433191368952635      
   44496241777.6076122233019102146036722      
   44491945098.7954985655035114011754446      
   44487417102.9515219788213629939298552      
   44482645168.6726665209343714335925922      
   44477615954.2581116509897437004734707      
   44472315366.4054042039657765478527748      
   44466728457.1072600698809042309334325      
   44460839450.4906084425747167327749458      
   44454631637.6013445011023938343261892      
   44448087331.2576900666329969851866697      
   44441187805.0679036996588907777666712      
   44433913230.9594424960765302229034590      
   44426242614.7294462421054422263742376      
   44418153731.3505528456548718588792259      
   44409623058.3888185099272807582755864      
   44400625716.1588498191542637791223727      
   44391135407.3340769637541672605581758      
   44381124365.3485810706560010772161189      
   44370563311.7239683939347553215300182      
   44359421426.0063971544199876502744847      
   44347666331.7944653861320505883967214      
   44335264101.8571620214297604098454124      
   44322179286.3306148670250472086427754      
   44308374965.8359359995046756793023864      
   44293812831.7367542813255894727618148      
   44278453294.0551423591208045200023545      
   44262255615.9784248401827338944436459      
   44245178072.9451186067473663162917355      
   44227178131.9877084593767673570133958      
   44208212646.6569960142798523698717624      
   44188238046.2934794242708588778594548      
   44167210598.5249357941040980114304425      
   44145086576.7922902994187367596396489      
   44121822367.3837344642479135672543331      
   44097374770.5302297820608695454064119      
   44071701218.8970891448332070010170978      
   44044759735.5985223336496374701291914      
   44016509176.3939331445526288560582665      
   43986909297.9997201799154586240222270      
   43955920826.2815876487358203417588537      
   43923505505.7743799996796058245903300      
   43889626118.1637010580262781697290203      
   43854246479.3881854594077188531447255      
   43817331414.7005144815403431737293040      
   43778846712.9180857130238390162610719      
   43738759063.6036623879060891062796376      
   43697035979.2438184005325608068246347      
   43653645706.3500008460861185459730459      
   43608557129.7386662948836250071430998      
   43561739701.0406937209225005716773429      
   43513163217.8691177045856161963586424      
   43462797917.0972594382763647779156015      
   43410614251.4562477422132032197408192      
   43356582839.9585140587745830592075848      
   43300674393.7180071801044842619445786      
   43242859650.8073604506393879869520850      
   43183109321.0730447548839315155330190      
   43121394039.9108474373298880838359856      
   43057684330.9881821386742861358268530      
   42991950576.5497483299616329879208238      
   42924162994.6256843629923173642841824      
   42854291621.3300747674306044498030682      
   42782306297.9235122500545461117459372      
   42708176664.1699229470682953365357254      
   42631872149.4731693783917289210842550      
   42553361971.4116629150932284691601498      
   42472615133.8999977599498609220847370      
   42389600426.6037847954146592174411974      
   42304286424.9246163479719834913308914      
   42216641492.0911489486255677771259013      
   42126633781.0563469045294429715834705      
   42034231236.4346159625873167984528877      
   41939401597.0522771025481719885773694      
   41842112396.9744690295555187928968760      
   41742330967.7370394923819809560873082      
   41640024440.3766384537176017106816611      
   41535159750.5344604503273740320580604      
   41427703635.1055226206008378075131921      
   41317622638.9149476968203446224192942      
   41204883112.6203080268269388031819462      
   41089451216.2649348870728940301875919      
   40971292919.6758596592994941585579840      
   40850374005.0754962251339432538079831      
   40726660066.6309431380611594398606592      
   40600116511.1061321420076991719631932      
   40470708598.0373359254838427699718029      
   40338401285.4943756899825192198570588      
   40203159466.3579066364014861352333639      
   40064947810.2666378749866360045125741      
   39923730801.9149728462339284410577252      
   39779472743.6819526788944519842019233      
   39632137759.4698411894836042373429335      
   39481689780.8880178986654533822326081      
   39328092568.9136458669643868017934575      
   39171309697.2003568493510815996553707      
   39011304556.9608997814789989335921446      
   38848040360.7797990969351290488065954      
   38681480137.4123300247325833709990730      
   38511586738.9259136099079949373422530      
   38338322841.9459739224698453945611057      
   38161650906.2334850584720841940274911      
   37981533263.7232207703289041740180592      
   37797932031.1933448335516768902289826      
   37610809149.7616834329544438660172740      
   37420126381.5615513928651198525291218      
   37225845306.5166933023442286018012939      
   37027927322.0902174889653753477904965      
   36826333645.2817500792113569833112316      
   36621025310.3807347518791722278382274      
   36411963169.4874259514332719469025778      
   36199107891.1561249210620396221129757      
   35982419963.8007117371212133040056051      
   35761859692.4180385135217937448654253      
   35537387198.7563256622071713443353700      
   35308962421.7790993166981848485073616      
   35076545117.1611224446170975338228125      
   34840094856.7338772069225585634588571      
   34599571029.4812056901487312657758114      
   34354932840.5635288836369954385710483      
   34106139309.5255903513596836594699419      
   33853149275.1170952642989081542238089      
   33595921386.1864022435530585345662636      
   33334414111.6752015723053888502054256      
   33068585734.0776251445125581893568167      
   32798394350.5755302848245493975876685      
   32523797873.3234290541152238775702091      
   32244754030.8617264966791118330577347      
   31961220363.5603420402882773717338411      
   31673154226.7524441926793317505694727      
   31380512788.9762941074286157385607819      
   31083253034.4572901548950008284408013      
   30781331757.7780139644662898062999514      
   30474705573.5050808588813973765198609      
   30163330903.6829706182521537954355659      
   29847163985.0936020792755271588021603      
   29526160867.4502348199872731744387424      
   29200277413.1135226635678825602206296      
   28869469297.3677441232800818107703208      
   28533692007.9309611057074232976538764      
   28192900837.8437288138836675653452783      
   27847050910.1035398745233621459268221      
   27496097144.6090062505578178200231505      
   27139994284.0804550989667025789133716      
   26778696860.4923878801489213174361602      
   26412159242.4158256654761220234352731      
   26040335600.6913340860448603407566193      
   25663179917.5887576175110441227556250      
   25280645986.6674858472903728315655946      
   24892687412.6786604118864132960567106      
   24499257611.4225898718022282881814469      
