   47.326235305190330        64.314490044897852     
   47.326235272080588        64.314490028356744     
   47.326235060610202        64.314489922704993     
   47.326234125666836        64.314489455564868     
   47.326230974152566        64.314487880706338     
   47.326222321960771        64.314483556132430     
   47.326202054380410        64.314473422739113     
   47.326160161109975        64.314452468239949     
   47.326081829762572        64.314413267747966     
   47.325946823381848        64.314345662314778     
   47.325729240929519        64.314236627289290     
   47.325397616814229        64.314070303650865     
   47.324915334031715        64.313828179365089     
   47.324241251434827        64.313489365307831     
   47.323330450717869        64.313030913438993     
   47.322135013736499        64.312428128412989     
   47.320604789849867        64.311654854556622     
   47.318688056322657        64.310683688580838     
   47.316332157404609        64.309486179934339     
   47.313484033708804        64.308032978302677     
   47.310090736876703        64.306293998310466     
   47.306099902006956        64.304238595499314     
   47.301460234506919        64.301835798393384     
   47.296121992231633        64.299054586620713     
   47.290037487273416        64.295864235008622     
   47.283161579887363        64.292234701046596     
   47.275452184785934        64.288137062323983     
   47.266870716151487        64.283543952346434     
   47.257382518007837        64.278430010455622     
   47.246957199289163        64.272772288968156     
   47.235568909868661        64.266550627933810     
   47.223196514061705        64.259747962348698     
   47.209823666993650        64.252350558576850     
   47.195438792062262        64.244348170404905     
   47.180034955307235        64.235734110972075     
   47.163609652654394        64.226505244708463     
   47.146164504294653        64.216661896509450     
   47.127704881377525        64.206207692037282     
   47.108239468893828        64.195149333097135     
   47.087779769361546        64.183496313301447     
   47.066339576082413        64.171260591288586     
   47.043934414590318        64.158456228066086     
   47.020580961128715        64.145098988792370     
   46.996296465535210        64.131205936851643     
   46.971098160404658        64.116795006859135     
   46.945002688174100        64.101884578953602     
   46.918025538664125        64.086493053076680     
   46.890180499812644        64.070638426242454     
   46.861479144080540        64.054337888814871     
   46.831930325357099        64.037607424995244     
   46.801539687350015        64.020461425814730     
   46.770309313797156        64.002912364128647     
   46.738237187019095        63.984970401460110     
   46.705316886004248        63.966643097925612     
   46.671537212135469        63.947935102219915     
   46.636881860384804        63.928847868160098     
   46.601329118094071        63.909379391065848     
   46.564851587664513        63.889523962433131     
   46.527415929168491        63.869271939075951     
   46.488982629298022        63.848609532734699     
   46.449505788100751        63.827518612175375     
   46.408932913879568        63.805976518518762     
   46.367204752982047        63.783955895706839     
   46.324255115520309        63.761424529321992     
   46.280010727214041        63.738345203150210     
   46.234391076910946        63.714675549064474     
   46.187308295621051        63.690367926893956     
   46.138667025929792        63.665369296562986     
   46.088364324436618        63.639621110805223     
   46.036289553224428        63.613059206379958     
   45.982324300497694        63.585613709783445     
   45.926342313612167        63.557208957967681     
   45.868209442006240        63.527763414954840     
   45.807783623010039        63.497189631950391     
   45.744914879222485        63.465394197263336     
   45.679445364125108        63.432277726903635     
   45.611209440100701        63.397734869961383     
   45.540033832589515        63.361654364365599     
   45.465737812651774        63.323919102053118     
   45.388133500810483        63.284406279305252     
   45.307026233843089        63.242987578499744     
   45.222215009584268        63.199529396525989     
   45.133493107210128        63.153893193181425     
   45.040648753132139        63.105935856407569     
   44.943465957610208        63.055510189615255     
   44.841725476239766        63.002465474513791     
   44.735205864810126        62.946648099111833     
   44.623684653350630        62.887902272993877     
   44.506939625430512        62.826070821612838     
   44.384749539268419        62.760995678779196     
   44.256897676939175        62.692519977996028     
   44.123169873233337        62.620487091858905     
   43.983357815503417        62.544742612092300     
   43.837259570485735        62.465134803610418     
   43.684681061067138        62.381515600721364     
   43.525433971175410        62.293739576027036     
   43.359340045274678        62.201666546177982     
   43.186228365885242        62.105160183403513     
   43.005935635767308        62.004088326077593     
   42.818305547998648        61.898322745460170     
   42.623187485855205        61.787738520498969     
   42.420437071118798        61.672214469955918     
   42.209911404815607        61.551630462484113     
   41.991471061435121        61.425868657515217     
   41.764977942467674        61.294812314584171     
   41.530290338685965        61.158342912102675     
   41.287266851076566        61.016342504582639     
   41.035761890213429        60.868691082080630     
   40.775625302119643        60.715266363790917     
   40.506701475033573        60.555943277729831     
   40.228828583614892        60.390593526650136     
   39.941838090079543        60.219085306742393     
   39.645554450657627        60.041283156917537     
   39.339795036599732        59.857047946005011     
   39.024370317878216        59.666237031706387     
   38.699084273086115        59.468704570281382     
   38.363735081037674        59.264302012635341     
   38.018116104854251        59.052878795982330     
   37.662017154039710        58.834283236034132     
   37.295226179158007        58.608363675498701     
   36.917531301349975        58.374969886331840     
   36.528723305511818        58.133954757599696     
   36.128598662577858        57.885176327925514     
   35.716963103968645        57.628500168003200     
   35.293635846948895        57.363802169080905     
   34.858454493017639        57.090971746095455     
   34.411280678420475        56.809915490425944     
   33.952006504021377        56.520561284781849     
   33.480561718521201        56.222862841757440     
   32.996921646776315        55.916804650478518     
   32.501115740755765        55.602407235977672     
   31.993236589580796        55.279732605984599     
   31.473449161764989        54.948889727473485     
   30.941999907788759        54.610039780192267     
   30.399225398589678        54.263400962331119     
   29.845559967180179        53.909252506309208     
   29.281542019759886        53.547937714422233     
   28.707817928101445        53.179865207681686     
   28.125144628953155        52.805509442915941     
   27.534388568483880        52.425408630418190     
   26.936522364074815        52.040161297561582     
   26.332618501499770        51.650421035897942     
   25.723840398950767        51.256889736546071     
   25.111431010144930        50.860309530155469     
   24.496699138718615        50.461453686865383     
   23.881004162204121        50.061116914482362     
   23.265736133856784        49.660103189769472     
   22.652311491328277        49.259224181590149     
   22.042134556290613        48.859276068938165     
   21.436593303793888        48.461038879782805     
   20.837038060295558        48.065265116691407     
   20.244764477973984        47.672671323599076     
   19.660997801643184        47.283930527215574     
   19.086878780320017        46.899665657030106     
   18.523451657772164        46.520444093783375     
   17.971654528292163        46.146773453601149     
   17.432312297897365        45.779098670601854     
   16.906132341939930        45.417800416655453     
   16.393702859203472        45.063194834828082     
   15.895493764978236        44.715534506305481     
   15.411859898966318        44.375010538748924     
   14.943046210689234        44.041755605484646     
   14.489194580734463        43.715847775254808     
   14.050351834280320        43.397314909487896     
   13.626478619265558        43.086139467173879     
   13.217458747492135        42.782263517188035     
   12.823108685977008        42.485593808234995     
   12.443186932419508        42.196006753300090     
   12.077403046312716        41.913353211733657     
   11.725426186404427        41.637463022807026     
   11.386893020300029        41.368149185967724     
   11.061414939716459        41.105211670115402     
   10.748584558283936        40.848440849396489     
   10.447981460318704        40.597620533802903     
   10.159177238948443        40.352530627828756     
   9.8817398435659634        40.112949421026940     
   9.6152372890998130        39.878655540201144     
   9.3592407756611138        39.649429592221601     
   9.1133272721344945        39.425055521241362     
   8.8770801154174368        39.205320366643278     
   8.6500969231125140        38.990020666171155     
   8.4319813100670657        38.778954675713834     
   8.2223504347439071        38.571928630882489     
   8.0208340929991575        38.368755701998843     
   7.8270751680371138        38.169256204759861     
   7.6407299130595367        37.973257728008811     
   7.4614681492766008        37.780595291228664     
   7.2889731534995041        37.591111179127367     
   7.1229416126959268        37.404654973976278     
   6.9630834048862171        37.221083410231238     
   6.8091213119245344        37.040260216612872     
   6.6607906946535369        36.862055932016652     
   6.5178391188510929        36.686347698980100     
   6.3800259522520033        36.513019041747306     
   6.2471219421730702        36.341959634216067     
   6.1189087674869977        36.173065046271354     
   5.9951786103830358        36.006236518514505     
   5.8757337020799225        35.841380705560994     
   5.7603858877369660        35.678409445072930     
   5.6489561755262496        35.517239498186086     
   5.5412743282606955        35.357792331098814     
   5.4371784321763474        35.199993881476601     
   5.3365145041379556        35.043774338334096     
   5.2391360938029035        34.889067920814362     
   5.1449039127820901        34.735812676478723     
   5.0536854710402190        34.583950279824784     
   4.9653547364813591        34.433425847195153     
   4.8797917915470963        34.284187734858222     
   4.7968825408609792        34.136187396175359     
   4.7165183849325416        33.989379181195865     
   4.6385959489724558        33.843720197193385     
   4.5630168074840745        33.699170149393098     
   4.4896872257038449        33.555691197743883     
   4.4185179210310865        33.413247832271431     
   4.3494238186758860        33.271806719248218     
   4.2823238420667185        33.131336594811273     
   4.2171406926476056        32.991808132635846     
   4.1538006673936314        32.853193851453845     
   4.0922334634390225        32.715467997739005     
   4.0323720034705604        32.578606446490696     
   3.9741522697443146        32.442586614799694     
   3.9175131480335192        32.307387360581387     
   3.8623962747207861        32.172988905149261     
   3.8087458917966974        32.039372738869680     
   3.7565087236033730        31.906521564382999     
   3.7056338470926180        31.774419215234740     
   3.6560725702852643        31.643050581607120     
   3.6077783240098293        31.512401563156022     
   3.5607065516582113        31.382458983592873     
   3.5148146096596626        31.253210551861162     
   3.4700616764553316        31.124644801910151     
   3.4264086513742766        30.996751014354146     
   3.3838180996646723        30.869519266790686     
   3.3422541250563467        30.742940222848649     
   3.3016823376190096        30.617005246592711     
   3.2620697492101409        30.491706240801108     
   3.2233847295820657        30.367035689181161     
   3.1855969303933134        30.242986587591208     
   3.1486772267174095        30.119552410619441     
   3.1125976571490468        29.996727073161995     
   3.0773313733096881        29.874504910275697     
   3.0428525853450155        29.752880642605234     
   3.0091365083558177        29.631849327994271     
   2.9761593320596815        29.511406399586384     
   2.9438981569508242        29.391547561144932     
   2.9123309671722368        29.272268821998264     
   2.8814365809470215        29.153566442797757     
   2.8511946070187260        29.035436873430996     
   2.8215854311242756        28.917876841601839     
   2.7925901787087564        28.800883299794673     
   2.7641906612845077        28.684453347492813     
   2.7363693532792053        28.568584227049993     
   2.7091093804541426        28.453273378219670     
   2.6823944758960239        28.338518363486088     
   2.6562089574891057        28.224316869007737     
   2.6305377037594142        28.110666693243790     
   2.6053661301230449        27.997565735708310     
   2.5806801659352878        27.885011984420991     
   2.5564662344368001        27.773003510636631     
   2.5327112297793724        27.661538448956680     
   2.5094024938991333        27.550614975996574     
   2.4865278168666958        27.440231374899039     
   2.4640753928664352        27.330385924236573     
   2.4420338194611246        27.221076953550867     
   2.4203920778174721        27.112302822853398     
   2.3991395208748481        27.004061930894817     
   2.3782658441431819        26.896352646094549     
   2.3577610949833958        26.789173402418051     
   2.3376156427590518        26.682522622307868     
   2.3178201707898403        26.576398733702632     
   2.2983656647262931        26.470800167315414     
   2.2792433987833065        26.365725343420159     
   2.2604449265994608        26.261172676612276     
   2.2419620706561454        26.157140572861401     
   2.2237869114698490        26.053627425170113     
   2.2059117782399107        25.950631610552396     
   2.1883292392989495        25.848151487437853     
   2.1710320919419268        25.746185387955599     
   2.1540133589334158        25.644731637920714     
   2.1372662735672079        25.543788526382766     
