   330.00261426312687        568.29611747954675     
   329.90052670492474        568.28447483151092     
   329.79132883460699        568.27139253863913     
   329.67501706183162        568.25684713252394     
   329.55161829956722        568.24083442762947     
   329.42118773842753        568.22336973818301     
   329.28380624244204        568.20448764090543     
   329.13957739675976        568.18424132824168     
   328.98862450808201        568.16270164702280     
   328.83108727961712        568.13995576829473     
   328.66711860814462        568.11610570390224     
   328.49688132523897        568.09126659927551     
   328.32054494814588        568.06556490925709     
   328.13828260671573        568.03913649294725     
   327.95026807600721        568.01212467535981     
   327.75667293748847        567.98467829624099     
   327.55766400043967        567.95694981204736     
   327.35340082808591        567.92909343058852     
   327.14403350806708        567.90126333586534     
   326.92970061139908        567.87361200151281     
   326.71052733869755        567.84628860814030     
   326.48662386041536        567.81943757165254     
   326.25808383081562        567.79319718833040     
   326.02498306188750        567.76769839433507     
   325.78737836179118        567.74306364308006     
   325.54530649538196        567.71940590147108     
   325.29878325954866        567.69682773545310     
   325.04780273343124        567.67542053114869     
   324.79233647896604        567.65526377043534     
   324.53233297863528        567.63642444316349     
   324.26771701886832        567.61895649372275     
   323.99838912887537        567.60290041567043     
   323.72422514888751        567.58828279720558     
   323.44507563608357        567.57511602689783     
   323.16076545479956        567.56339799802629     
   322.87109319616712        567.55311186628228     
   322.57582999811876        567.54422585850409     
   322.27472148996492        567.53669303829577     
   321.96748356874804        567.53045121918683     
   321.65380393754606        567.52542274876737     
   321.33334077296485        567.52151431981895     
   321.00572190338193        567.51861691162765     
   320.67054378256046        567.51660554613670     
   320.32737041349588        567.51533914388369     
   319.97573204388419        567.51466023292357     
   319.61512394651976        567.51439480416400     
   319.24500478139930        567.51435196004411     
   318.86479505218483        567.51432365136861     
   318.47387517933748        567.51408421791916     
   318.07158362861162        567.51339008073251     
   317.65721465998672        567.51197912347084     
   317.23001622313734        567.50957033909276     
   316.78918728190388        567.50586303862030     
   316.33387543886585        567.50053632533911     
   315.86317426460442        567.49324833913738     
   315.37612043703484        567.48363544268216     
   314.87169130524114        567.47131151359565     
   314.34880196785667        567.45586694744736     
   313.80630306939270        567.43686795727388     
   313.24297858312815        567.41385563351173     
   312.65754417830198        567.38634523473922     
   312.04864621325345        567.35382544251104     
   311.41486174923710        567.31575789207761     
   310.75469947894527        567.27157682514712     
   310.06660249936897        567.22068916198907     
   309.34895255784772        567.16247488847955     
   308.60007665047146        567.09628802604607     
   307.81825597952434        567.02145817581413     
   307.00173756979052        566.93729278723526     
   306.14874873271913        566.84308023556537     
   305.25751434790260        566.73809373582719     
   304.32627656112192        566.62159615883161     
   303.35331638421133        566.49284559267642     
   302.33697677093789        566.35110148171282     
   301.27568514979470        566.19563131727830     
   300.16797474230071        566.02571731088005     
   299.01250288912098        565.84066280976560     
   297.80806490489721        565.63979799766582     
   296.55360212722428        565.42248451192734     
   295.24820354181776        565.18811858071376     
   293.89110039301812        564.93613264369674     
   292.48165458664505        564.66599514711822     
   291.01934130729023        564.37720880494669     
   289.50372771093583        564.06930744197791     
   287.93444904544299        563.74185179797007     
   286.31118395203816        563.39442466118339     
   284.63363063539163        563.02662571316489     
   282.90149320612960        562.63806843978512     
   281.11443133576910        562.22836793723889     
   279.27208859887321        561.79714723601876     
   277.37405280075029        561.34402734993284     
   275.41985368929528        560.86862610163166     
   273.40895742711245        560.37055621662466     
   271.34076377033114        559.84942418249602     
   269.21460578435546        559.30482982824969     
   267.02975162148095        558.73636656371616     
   264.78540813121111        558.14362225413629     
   262.48072585948358        557.52618068925540     
   260.11480549545735        556.88362359355881     
   257.68670567519291        556.21553320575390     
   255.19545177475797        555.52149539237723     
   252.64004633953851        554.80110332907861     
   250.01948063821791        554.05396173228223     
   247.33274842525216        553.27969213737003     
   244.57885860632251        552.47793659114643     
   241.75685544940455        551.64836626050226     
   238.86583533774564        550.79068647514873     
   235.90496875465334        549.90464436266564     
   232.87352415866388        548.99003667857687     
   229.77089479826279        548.04671813249854     
   226.59662843438036        547.07461008227108     
   223.35045988831689        546.07370935513165     
   220.03234671122217        545.04409715476140     
   216.64250747344690        543.98594756494617     
   213.18146245643385        542.89953544085370     
   209.65007632722322        541.78524328210358     
   206.04960188472029        540.64356659031762     
   202.38172396536984        539.47511728220366     
   198.64860251429599        538.28062476793446     
   194.85291336208977        537.06093424055314     
   190.99788518907755        535.81700193091433     
   187.08733136894597        534.54988721565815     
   183.12567461647279        533.26074154360947     
   179.11793927021807        531.95078772436091     
   175.06985366315757        530.62133144387144     
   170.98769793126360        529.27370114476139     
   166.87838244470896        527.90925742379238     
   162.74938914688769        526.52936687275258     
   158.60872108298787        525.13538383341358     
   154.46483552151349        523.72863347867280     
   150.32656021199949        522.31039706674449     
   146.20299361148841        520.88189940676705     
   142.10339045477090        519.44429884817589     
   138.03703564013375        517.99867974794915     
   134.01311000220207        516.54604717531129     
   130.04055278124150        515.08732365272806     
   126.12792613384005        513.62334756090684     
   122.28328726738685        512.15487300090490     
   118.51407354853087        510.68257083217287     
   114.82700522023086        509.20703068323479     
   111.22800929587986        507.72876382263792     
   107.72216678337482        506.24820678302666     
   104.31368402528189        504.76572558308169     
   101.00588740691846        503.28162051317321     
   97.801239596159235        501.79613137496085     
   94.701374444829497        500.30944302599556     
   91.707147441262009        498.82169121657677     
   88.818697381751704        497.33296841264553     
   86.035516370681762        495.84332964930934     
   83.356524233238005        494.35279820418145     
   80.780144186872249        492.86137075938296     
   78.304378706612837        491.36902343946321     
   75.926880175319951        489.87571506031418     
   73.645019297445856        488.38139231910367     
   71.455946869438151        486.88599329346965     
   69.356649892517183        485.38945077454025     
   67.344001211024107        483.89169512113182     
   65.414803032980515        482.39265667728006     
   63.565824344925943        480.89226781975918     
   61.793832644637050        479.39046462145046     
   60.095607858632889        477.88717915293256     
   58.468015979949200        476.38237752202173     
   56.907946350286025        474.87600403363786     
   55.412380503071653        473.36802022290323     
   53.978388923997649        471.85839572580454     
   52.603138520404734        470.34710829117961     
   51.283898191882621        468.83414399643891     
   50.018042309747372        467.31949725391155     
   48.803052566912442        465.80317079788705     
   47.636518355371798        464.28517543782800     
   46.516136275971050        462.76552999277277     
   45.439708549988744        461.24426096744293     
   44.405140868738918        459.72140234542360     
   43.410439750917135        458.19699537546012     
   42.453709293532782        456.67108809525922     
   41.533147832130361        455.14373515735639     
   40.647044292757052        453.61499738384072     
   39.793774573456218        452.08494160278173     
   38.971797663937963        450.55364015793572     
   38.179651921730972        449.02117066873461     
   37.415951352515819        447.48761575645699     
   36.679381852188691        445.95306263574815     
   35.968697663495213        444.41760284890478     
   35.282717860494643        442.88133197785987     
   34.620322969669303        441.34434931425341     
   33.980451743854957        439.80675760416108     
   33.362098030991284        438.26866276845988     
   32.764307794477240        436.73017359898404     
   32.186176305813483        435.19140155879307     
   31.626845415194015        433.65246046984817     
   31.085500993209720        432.11346631573275     
   30.561370513027558        430.57453701541493     
   30.053720691321185        429.03579209747090     
   29.561855379320285        427.49735261479759     
   29.085113421165389        425.95934080652091     
   28.622866779711732        424.42187999462487     
   28.174518675715795        422.88509435705663     
   27.739501828967246        421.34910870984129     
   27.317276796637049        419.81404808185368     
   26.907330648842020        418.28003867980726     
   26.509175162292131        416.74720593110669     
   26.122345729993629        415.21567561727227     
   25.746399944093945        413.68557323283017     
   25.380916424812579        412.15702397036165     
   25.025493692847380        410.63015257420636     
   24.679749073946834        409.10508316858699     
   24.343317686235590        407.58193911847229     
   24.015851497902840        406.06084294150401     
   23.697018429542528        404.54191617316877     
   23.386501491192522        403.02527919500392     
   23.083998014551224        401.51105123496632     
   22.789218946714360        399.99935056762024     
   22.501887907745566        398.49029292886786     
   22.221740887637843        396.98399362696262     
   21.948525374124994        395.48056610220823     
   21.681999832801470        393.98012206216299     
   21.421933143306418        392.48277148579388     
   21.168104059662337        390.98862247204789     
   20.920300735736451        389.49778126474780     
   20.678320260431985        388.01035222212494     
   20.441968197832782        386.52643762085688     
   20.211058174016589        385.04613770544717     
   19.985411473160017        383.56955053193752     
   19.764856703596710        382.09677207174957     
   19.549229408495030        380.62789608018755     
   19.338371746040821        379.16301406938851     
   19.132132168416128        377.70221523475504     
   18.930365153625328        376.24558658835218     
   18.732930880802577        374.79321271487356     
   18.539694989773050        373.34517588276532     
   18.350528323633533        371.90155600322680     
   18.165306689956331        370.46243061254336     
   17.983910642306455        369.02787489703422     
   17.806225230706385        367.59796151708252     
   17.632139851469983        366.17276086695995     
   17.461548026556656        364.75234094048204     
   17.294347196897050        363.33676717615481     
   17.130438601665052        361.92610279267313     
   16.969727073813502        360.52040856250744     
   16.812120895492303        359.11974288638470     
   16.657531646944765        357.72416174828095     
   16.505874073343445        356.33371887587697     
   16.357065937952974        354.94846559244769     
   16.211027903402215        353.56845094002801     
   16.067683390310538        352.19372152467230     
   15.926958524769997        350.82432204362419     
   15.788781936592642        349.46029461528440     
   15.653084715405642        348.10167924375344     
   15.519800296407084        346.74851375571029     
   15.388864362798619        345.40083381039284     
   15.260214758348944        344.05867295027093     
   15.133791399525085        342.72206260425190     
   15.009536175369702        341.39103198763058     
   14.887392936569341        340.06560875706384     
   14.767307325533856        338.74581815288479     
   14.649226763660572        337.43168359691475     
   14.533100351541304        336.12322643538118     
   14.418878872884735        334.82046655804226     
   14.306514607771570        333.52342143431042     
   14.195961401832863        332.23210715849126     
   14.087174538116107        330.94653794830981     
   13.980110701318109        329.66672633681560     
   13.874727914077923        328.39268310153506     
   13.770985494310159        327.12441736798769     
   13.668844021741004        325.86193676740783     
   13.568265274035623        324.60524732791293     
   13.469212185532768        323.35435353214740     
   13.371648811422848        322.10925842186487     
   13.275540284874108        320.86996361112926     
   13.180852789981707        319.63646943143374     
   13.087553477433271        318.40877449408646     
   12.995610494473436        317.18687639070828     
   12.904992925947479        315.97077149145622     
   12.815670747997938        314.76045483268683     
   12.727614809873781        313.55592028671754     
   12.640796793687938        312.35716051855121     
   12.555189201417901        311.16416714475179     
   12.470765315275750        309.97693068119196     
   12.387499175438764        308.79544061489702     
   12.305365554477850        307.61968544442868     
