   44574782345.2099040152004232503204560      
   44574782345.2099040152004233093744350      
   44574782345.2099040152004236303347005      
   44574782345.2099040151628517959307739      
   44574782345.2099039860012252571382713      
   44574782345.2099006878775918861788633      
   44574782345.2097732172139480892656919      
   44574782345.2076817875081431808013545      
   44574782345.1893027232696470730395421      
   44574782345.0855318994348271382374774      
   44574782344.6598333474672430914593900      
   44574782343.2825500789350327806932643      
   44574782339.5656332708519466488878232      
   44574782330.8608855082583450543113022      
   44574782312.6549510542626515922488099      
   44574782277.9160231209372021909614024      
   44574782216.4586570782911609040712578      
   44574782114.3966567199617482490048100      
   44574781953.7502602618390719743099967      
   44574781712.2281450835856700781468776      
   44574781363.3862844982543846759760321      
   44574780876.8614379151206914070933980      
   44574780218.9068631217989071235011876      
   44574779353.0928526982848908676366585      
   44574778241.0571101371244774359493648      
   44574776843.2235625705249958119919272      
   44574775119.3951415190797386602996420      
   44574773029.1467627234623680151073207      
   44574770531.9124843375203145254356035      
   44574767586.9737831422398634619008314      
   44574764152.9116772240460125072297342      
   44574760187.1827406368901192304724803      
   44574755645.1503686848626988860355627      
   44574750479.2975650699131606836861050      
   44574744638.0314593990745141159560520      
   44574738065.0589792094913668208619462      
   44574730698.1085855399700170387331300      
   44574722468.0995163837309857037882795      
   44574713298.2248102908611653806273804      
   44574703103.1557632903872080687965321      
   44574691788.4642531361641190540239008      
   44574679250.3021839932532746230115441      
   44574665374.0984726711244971044177440      
   44574650034.7829614070869948909402108      
   44574633095.6220225993672473564795810      
   44574614408.7425529348376744868906462      
   44574593813.5732572677309647101901194      
   44574571137.0335384377233492442190577      
   44574546193.1217853552596163594947620      
   44574518781.9226221163225837857389468      
   44574488689.2803195769318209383372484      
   44574455686.0816220580669499470500853      
   44574419527.8084583869313816784740790      
   44574379953.4555642078928072828081795      
   44574336684.7229738481876233492687353      
   44574289425.5297087488377872644806619      
   44574237860.6337667374602565410041266      
   44574181654.7496254727357642663481192      
   44574120451.7053951931788599097520753      
   44574053873.2728769642946078956762578      
   44573981517.3235477639038027276274567      
   44573902957.6624107204038598245869477      
   44573817741.9401671076364128681772384      
   44573725390.5717801208707128722282373      
   44573625395.1843667481117747869979626      
   44573517217.1177845528635313265189647      
   44573400285.7475113418481017095221151      
   44573273996.8351919080143988100056631      
   44573137710.6303161363873968148278954      
   44572990749.9661157405617899864501554      
   44572832398.1407438870898024561324978      
   44572661896.7735970778506644073254860      
   44572478443.4338877881053624712164882      
   44572281189.0938276568357104262743891      
   44572069235.4074268321917587666357117      
   44571841631.9052590005483677159048144      
   44571597372.8278862734072421479013504      
   44571335393.9704359293625489590397206      
   44571054568.8601597883826146851280993      
   44570753705.2264767514682604255703859      
   44570431540.8589129578751050061518255      
   44570086739.2483324253535391546963753      
   44569717885.0012826835839180625396828      
   44569323478.8823770945012398206340744      
   44568901932.5508848420488043551077945      
   44568451562.9818729940345878916354777      
   44567970586.4924022916877603236576504      
   44567457110.4726150548320393100054566      
   44566909134.2675137019389710703475548      
   44566324530.6941264571742057007693175      
   44565701045.9177305182350441967456099      
   44565036289.6805669915530651500758878      
   44564327726.7843248817802504073413338      
   44563572668.0067479268250022455517853      
   44562768260.7420770161290173714215565      
   44561911478.9341328432271146442086806      
   44560999112.5049828176387989105552238      
   44560027756.1692733902789650180053697      
   44558993797.7719391159158020714710730      
   44557893412.8374023219172982908837018      
   44556722525.0273276235324475369851049      
   44555476830.3689524539308489748257745      
   44554151758.6808454278402817791197346      
   44552742464.1315250455856985311457013      
   44551243809.2459908421107578115000187      
   44549650348.3555859961646659010337755      
   44547956309.7444103105699213100382308      
   44546155577.4100923504135778896480419      
   44544241671.4632289214046297610580458      
   44542207727.7897640575348867620438071      
   44540046476.5654110578840643150247713      
   44537750219.9610510888176466611846611      
   44535310808.1263143482680414507792270      
   44532719614.7041967851186408050502654      
   44529967510.6395811270026028469903001      
   44527044836.4738773635673268653673608      
   44523941373.2908796111647151872859535      
   44520646312.0571500660906933414949207      
   44517148219.0892435123754883765181470      
   44513435001.3867303936967142343351094      
   44509493862.8204640275289309971291695      
   44505311260.3493957485598064830471121      
   44500872860.3911915865715719556415786      
   44496163387.4040437938575369167871017      
   44491166624.3341185312271180274284975      
   44485865188.6459307308555853026070200      
   44480240338.3388549910539837124589208      
   44474271711.4871630720004553725412086      
   44467937079.9330189776059425270281761      
   44461212247.0240696601175074241077932      
   44454071174.8371229022646889723711388      
   44446486426.0814515487801979121721968      
   44438429505.0484902169676522783324627      
   44429871488.8190251078022387637743529      
   44420783589.7797802862833794968774712      
   44411137971.6936316409506010234536793      
   44400908199.6092142493445978954521967      
   44390069612.3697549492898249352672969      
   44378599298.5228202625375196828827377      
   44366475822.7514738092279972471567717      
   44353678806.8285921484457164934480004      
   44340188479.0285498902646526791894984      
   44325985272.4657745946166560934540558      
   44311049530.0492313657870834030093910      
   44295361179.4889531906346316579847889      
   44278899751.3783445662595929840567300      
   44261644181.9107501019804797315637678      
   44243572810.9213817258750511166664141      
   44224663379.1256993966059831717871850      
   44204893043.4433563159773252911957123      
   44184238409.0359290764792240269002142      
   44162675562.3878777344106136611169582      
   44140180109.3096808648268182421794979      
   44116727212.9197632805184509734704867      
   44092291630.4644353754158151139319364      
   44066847748.1348431750395204220673222      
   44040369613.6229745138440517893912507      
   44012830965.9505450614586883042340508      
   43984205262.6507804626545356772316593      
   43954465704.3862421600094391167906553      
   43923585256.6104559646141288131376036      
   43891536669.8296733778793393107195574      
   43858292495.9834701413492970518787301      
   43823825104.4128954299880014265859029      
   43788106693.8051051313429024732758697      
   43751109307.8931796879703721751491605      
   43712804839.2823475855570090198661347      
   43673165041.7223793867598119065932393      
   43632161536.2782964167678145870268258      
   43589765817.3252816435868425870908978      
   43545949257.8497123487322436431142899      
   43500683110.5050717589646412795669127      
   43453938514.5465426810735473523513661      
   43405686496.5089416023102578074963385      
   43355897970.1940255826971920082306952      
   43304543741.3204945754498833608180817      
   43251594502.9456712588442153676226758      
   43197020839.4488722650967672968515284      
   43140793227.3311770345153745115695644      
   43082882026.6671078689871002590516820      
   43023257492.7601783364716188837366862      
   42961889763.5944147160506442998675757      
   42898748864.2022835886254177333588041      
   42833804705.1722818696648746586452788      
   42767027076.0488606464075628862794776      
   42698385654.1683349798404379737747092      
   42627849989.9437318650980737068634604      
   42555389513.9596966907747742344679598      
   42480973535.4700764164167399025186197      
   42404571233.4867999514867270219404144      
   42326151659.2112598033651309082178487      
   42245683739.1380182797687857525160401      
   42163136263.6553596634628029270644506      
   42078477889.3427660667293795123574703      
   41991677142.2522790939622256380265326      
   41902702406.3978198667096942478341259      
   41811521931.2522468933018491795226681      
   41718103825.1426594136332244939329435      
   41622416051.1668033073322951961043317      
   41524426468.0298237129875570730201966      
   41424102685.2942039486082902125388889      
   41321412267.3491923147574364716917421      
   41216322600.2759633390800298556707661      
   41108800916.4209327983104793212596850      
   40998814298.6772293440953967584167027      
   40886329678.2095055693217354021451619      
   40771313831.3884594404601160241297419      
   40653733383.3004641505090789898196496      
   40533554801.3360765602141394634133172      
   40410744396.4207430517156506332371050      
   40285268320.3917805767269299373869567      
   40157092567.5942288575962106523707815      
   40026182971.0930636231466715338507124      
   39892505202.0268497362205004474914695      
   39756024770.8345742798202711434982907      
   39616707023.3704531941599132822761971      
   39474517141.3986178114177059472183622      
   39329420145.4569051349517178260267528      
   39181380884.6318039056851860481927282      
   39030364046.2941314703556359771640624      
   38876334148.8280489976434641231599351      
   38719255538.9075198430681094309784723      
   38559092399.3080507266277573596098767      
   38395808741.0779290134030166100206793      
   38229368404.7038842298460248262853632      
   38059735061.1503697413905600381442519      
   37886872202.3788227285438831391549951      
   37710743162.9409716677760820710682205      
   37531311086.4662056445838457638994093      
   37348538955.8053189154903964025694127      
   37162389575.7826680209350330042310864      
   36972825584.2741867687466154463566888      
   36779809420.6893821521700390790710984      
   36583303372.0148273413930514591204823      
   36383269540.7793414927971122821375094      
   36179669852.1236146575441345894918950      
   35972466048.0727554642647982185311590      
   35761619715.2256138784170825757921289      
   35547092238.9390181809156820701274374      
   35328844833.3584849674389511816149797      
   35106838534.4752060963616278164546514      
   34881034198.0569716966588969480820887      
   34651392500.6675351691011513265079797      
   34417873938.3069809380810173302737813      
   34180438826.7019407273522598077469000      
   33939047300.4603725386738466958724144      
   33693659313.2127077298931354583809430      
   33444234636.1424841068543795416869181      
   33190732860.0182599159486555767754330      
   32933113390.0739215780785908738031622      
