   2.25072087818176392981868317006172735      
   4.25072087818176392981868317006172735      
   6.25072087818176392981868317006172735      
   8.25072087818176392981868317006172735      
   10.2507208781817639298186831700617274      
   12.2507208781817639298186831700617274      
   14.2507208781817639298186831700617274      
   16.2507208781817639298186831700617258      
   18.2507208781817639298186831700617258      
   20.2507208781817639298186831700617258      
   22.2507208781817639298186831700617258      
   24.2507208781817639298186831700617258      
   26.2507208781817639298186831700617258      
   28.2507208781817639298186831700617258      
   30.2507208781817639298186831700617258      
   32.2507208781817639298186831700617258      
   34.2507208781817639298186831700617258      
   36.2507208781817639298186831700617258      
   38.2507208781817639298186831700617258      
   40.2507208781817639298186831700617258      
   42.2507208781817639298186831700617258      
   44.2507208781817639298186831700617258      
   46.2507208781817639298186831700617258      
   48.2507208781817639298186831700617258      
   50.2507208781817639298186831700617258      
   52.2507208781817639298186831700617258      
   54.2507208781817639298186831700617258      
   56.2507208781817639298186831700617258      
   58.2507208781817639298186831700617258      
   60.2507208781817639298186831700617258      
   62.2507208781817639298186831700617258      
   64.2507208781817639298186831700617258      
   66.2507208781817639298186831700617258      
   68.2507208781817639298186831700617258      
   70.2507208781817639298186831700617258      
   72.2507208781817639298186831700617258      
   74.2507208781817639298186831700617258      
   76.2507208781817639298186831700617258      
   78.2507208781817639298186831700617258      
   80.2507208781817639298186831700617258      
   82.2507208781817639298186831700617258      
   84.2507208781817639298186831700617258      
   86.2507208781817639298186831700617258      
   88.2507208781817639298186831700617258      
   90.2507208781817639298186831700617258      
   92.2507208781817639298186831700617258      
   94.2507208781817639298186831700617258      
   96.2507208781817639298186831700617258      
   98.2507208781817639298186831700617258      
   100.250720878181763929818683170061726      
   102.250720878181763929818683170061726      
   104.250720878181763929818683170061726      
   106.250720878181763929818683170061726      
   108.250720878181763929818683170061726      
   110.250720878181763929818683170061726      
   112.250720878181763929818683170061726      
   114.250720878181763929818683170061726      
   116.250720878181763929818683170061726      
   118.250720878181763929818683170061726      
   120.250720878181763929818683170061726      
   122.250720878181763929818683170061726      
   124.250720878181763929818683170061726      
   126.250720878181763929818683170061726      
   128.250720878181763929818683170061738      
   130.250720878181763929818683170061738      
   132.250720878181763929818683170061738      
   134.250720878181763929818683170061738      
   136.250720878181763929818683170061738      
   138.250720878181763929818683170061738      
   140.250720878181763929818683170061738      
   142.250720878181763929818683170061738      
   144.250720878181763929818683170061738      
   146.250720878181763929818683170061738      
   148.250720878181763929818683170061738      
   150.250720878181763929818683170061738      
   152.250720878181763929818683170061738      
   154.250720878181763929818683170061738      
   156.250720878181763929818683170061738      
   158.250720878181763929818683170061738      
   160.250720878181763929818683170061738      
   162.250720878181763929818683170061738      
   164.250720878181763929818683170061738      
   166.250720878181763929818683170061738      
   168.250720878181763929818683170061738      
   170.250720878181763929818683170061738      
   172.250720878181763929818683170061738      
   174.250720878181763929818683170061738      
   176.250720878181763929818683170061738      
   178.250720878181763929818683170061738      
   180.250720878181763929818683170061738      
   182.250720878181763929818683170061738      
   184.250720878181763929818683170061738      
   186.250720878181763929818683170061738      
   188.250720878181763929818683170061738      
   190.250720878181763929818683170061738      
   192.250720878181763929818683170061738      
   194.250720878181763929818683170061738      
   196.250720878181763929818683170061738      
   198.250720878181763929818683170061738      
   200.250720878181763929818683170061738      
   202.250720878181763929818683170061738      
   204.250720878181763929818683170061738      
   206.250720878181763929818683170061738      
   208.250720878181763929818683170061738      
   210.250720878181763929818683170061738      
   212.250720878181763929818683170061738      
   214.250720878181763929818683170061738      
   216.250720878181763929818683170061738      
   218.250720878181763929818683170061738      
   220.250720878181763929818683170061738      
   222.250720878181763929818683170061738      
   224.250720878181763929818683170061738      
   226.250720878181763929818683170061738      
   228.250720878181763929818683170061738      
   230.250720878181763929818683170061738      
   232.250720878181763929818683170061738      
   234.250720878181763929818683170061738      
   236.250720878181763929818683170061738      
   238.250720878181763929818683170061738      
   240.250720878181763929818683170061738      
   242.250720878181763929818683170061738      
   244.250720878181763929818683170061738      
   246.250720878181763929818683170061738      
   248.250720878181763929818683170061738      
   250.250720878181763929818683170061738      
