   330.73746247653889        568.35209665738034     
   330.71170421020918        568.35139032227335     
   330.68158893464715        568.35040155718866     
   330.64676307748641        568.34905005699147     
   330.60688571104140        568.34724454048921     
   330.56163203277498        568.34488439015070     
   330.51069691219720        568.34186192549748     
   330.45379828632446        568.33806519727739     
   330.39068028774449        568.33338113009927     
   330.32111600622392        568.32769883750177     
   330.24490977574862        568.32091294770703     
   330.16189885338247        568.31292678999125     
   330.07195450766551        568.30365529703431     
   329.97498239280355        568.29302752670162     
   329.87092231230923        568.28098873341310     
   329.75974733617863        568.26750194714191     
   329.64146233724762        568.25254904342819     
   329.51610202007646        568.23613130306398     
   329.38372857399258        568.21826950454260     
   329.24442890674516        568.19900357517031     
   329.09831164960951        568.17839184521995     
   328.94550399221470        568.15651000509126     
   328.78614835253268        568.13344971773256     
   328.62039904570634        568.10931706223801     
   328.44841899637407        568.08423082964566     
   328.27037641197643        568.05832063985895     
   328.08644164944542        568.03172504239603     
   327.89678419280261        568.00458957259571     
   327.70156974246288        567.97706480432930     
   327.50095756519676        567.94930446094645     
   327.29509794488445        567.92146356247338     
   327.08412986378619        567.89369666473260     
   326.86817887090274        567.86615618489805     
   326.64735512316611        567.83899083065387     
   326.42175161616058        567.81234413574782     
   326.19144257571060        567.78635310977552     
   325.95648200964462        567.76114699387927     
   325.71690239253758        567.73684612716363     
   325.47271353683055        567.71356095976614     
   325.22390143326083        567.69139104791179     
   324.97042739971312        567.67042431271557     
   324.71222714128982        567.65073625568220     
   324.44920997168174        567.63238930882403     
   324.18125800814323        567.61543229343147     
   323.90822514499553        567.59989986378355     
   323.62993781139784        567.58581201196614     
   323.34619213756588        567.57317375786295     
   323.05675466973759        567.56197472672261     
   322.76136132423534        567.55218882017641     
   322.45971663145809        567.54377392778486     
   322.15149296569490        567.53667162816259     
   321.83632977436201        567.53080695972972     
   321.51383250710671        567.52608808069840     
   321.18357179459906        567.52240601675794     
   320.84508229039307        567.51963445290892     
   320.49786150771757        567.51762938411787     
   320.14136853607118        567.51622879277215     
   319.77502260720479        567.51525233005327     
   319.39820164338067        567.51450095212272     
   319.01024055562567        567.51375650639864     
   318.61042949665926        567.51278126787554     
   318.19801201749470        567.51131747568070     
   317.77218308317333        567.50908681461021     
   317.33208700862690        567.50578979409318     
   316.87681534664688        567.50110516750590     
   316.40540484314448        567.49468927989983     
   315.91683531685823        567.48617541897397     
   315.41002768124207        567.47517304063172     
   314.88384228331194        567.46126715475259     
   314.33707735807900        567.44401761799872     
   313.76846812383656        567.42295853371854     
   313.17668642887213        567.39759774298227     
   312.56034119133489        567.36741648213649     
   311.91797971986824        567.33186908858193     
   311.24809077087497        567.29038325183694     
   310.54910842133040        567.24236032082740     
   309.81941837528871        567.18717622249505     
   309.05736579547602        567.12418278565769     
   308.26126555769667        567.05270970726122     
   307.42941458285742        566.97206710522039     
   306.56010631971270        566.88154883241339     
   305.65164729792070        566.78043635875861     
   304.70237504108337        566.66800341459896     
   303.71067707480569        566.54352108698993     
   302.67500936956782        566.40626339255073     
   301.59391447831302        566.25551280826460     
   300.46603679191048        566.09056585032852     
   299.29013467981719        565.91073810201738     
   298.06508837779205        565.71536853101225     
   296.78990263019813        565.50382275561992     
   295.46370400389867        565.27549513734675     
   294.08573320773485        565.02980947474953     
   292.65533229463705        564.76621853267397     
   291.17192852006804        564.48420223953121     
   289.63501540881566        564.18326498137276     
   288.04413265905544        563.86293214292459     
   286.39884589526974        563.52274622861250     
   284.69873525931763        563.16226460158407     
   282.94334927566928        562.78104893152829     
   281.13223019037798        562.37867080265210     
   279.26487689469002        561.95470286479815     
   277.34074142883861        561.50871754519301     
   275.35922231141086        561.04028507867645     
   273.31966054889602        560.54897216736310     
   271.22133790531689        560.03434128877313     
   269.06347726867870        559.49595061908258     
   266.84524480916224        558.93335458705030     
   264.56575384120760        558.34610498849906     
   262.22407015639965        557.73375270166378     
   259.81921877461343        557.09584997531897     
   257.35019216931704        556.43195328737090     
   254.81595988590956        555.74162680038717     
   252.21547972768420        555.02444643614194     
   249.54771065244654        554.28000454926575     
   246.81162760827999        553.50791529242099     
   244.00623868161145        552.70782108733556     
   241.13060236550263        551.87939746555321     
   238.18385227143122        551.02236313596779     
   235.16521941089707        550.13648610851112     
   232.07406017544136        549.22159266811104     
   228.90988660450626        548.27757632332657     
   225.67240012739035        547.30440701146244     
   222.36152792592492        546.30214031605783     
   218.97746251161678        545.27092653310626     
   215.52070349997908        544.21101904834961     
   211.99210136956671        543.12278180143846     
   208.39290216412888        542.00669519800192     
   204.72479216174810        540.86336008378237     
   200.98994139825925        539.69349930073884     
   197.19104423787471        538.49795629160462     
   193.33135583272346        537.27769052720294     
   189.41472264146097        536.03376959636012     
   185.44560525693936        534.76735779581861     
   181.42909211944510        533.47970180490870     
   177.37087838604884        532.17210657628334     
   173.27735459048998        530.84594467393038     
   169.15543593312970        529.50259348836903     
   165.01262502629592        528.14344387564279     
   160.85693498893289        526.76987360329974     
   156.69682147071796        525.38322964400004     
   152.54109918477977        523.98481261581765     
   148.39884372591862        522.57586386497212     
   144.27927972480018        521.15755532670369     
   140.19165842888737        519.73098195574983     
   136.14512772836164        518.29715690128194     
   132.14859934937095        516.85700851218371     
   128.21061774560209        515.41137940337592     
   124.33923632940605        513.96102682080482     
   120.54190574994846        512.50662423997539     
   116.82537869620555        511.04876380933126     
   113.19563475236579        509.58795957814499     
   109.65782734890378        508.12465134378488     
   106.21625378107878        506.65920896496334     
   102.87434766285742        505.19193716061983     
   99.634692260861456        503.72308064571058     
   96.499052162017463        502.25282958206373     
   93.468419952941076        500.78132511874833     
   90.543074917540366        499.30866516115373     
   87.722649397264050        497.83490990700130     
   85.006200594654175        496.36008743778461     
   82.392283994345362        494.88419896122065     
   79.879026442105669        493.40722379548407     
   77.464196589513648        491.92912395821128     
   75.145271287605979        490.44984815540539     
   72.919497739091597        488.96933645724118     
   70.783948138105600        487.48752221531146     
   68.735570210487268        486.00433593234936     
   66.771230824453284        484.51970746746167     
   64.887753726431441        483.03356814817505     
   63.081951954558164        481.54585248724368     
   61.350654983046780        480.05649962899946     
   59.690719598090993        478.56544585888179     
   58.099095881282160        477.07266057919946     
   56.572768125864322        475.57809337090924     
   55.108816391243280        474.08171060991083     
   53.704412469726122        472.58348688853420     
   52.356825732489177        471.08340506106174     
   51.063427193994023        469.58145625749830     
   49.821691938105637        468.07763988135139     
   48.629200024607634        466.57196350974397     
   47.483636307865567        465.06444267741159     
   46.382789513389703        463.55510084868928     
   45.324550081355774        462.04396886103967     
   44.306908121307330        460.53108500343075     
   43.327950323233985        459.01649448654115     
   42.385857029604658        457.50024939662575     
   41.478898378398725        455.98240785763335     
   40.605431285802212        454.46303425634545     
   39.763895594264824        452.94219872573768     
   38.952810364301868        451.41997670133884     
   38.170770416218680        449.89644883240413     
   37.416442622864309        448.37170054510278     
   36.688562389736902        446.84582169807135     
   35.985930224848495        445.31890631380253     
   35.307408504985460        443.79105233983006     
   34.651918144670724        442.26236127310199     
   34.018435626107582        440.73293797006050     
   33.405989964676039        439.20289029045784     
   32.813659947964410        437.67232888766728     
   32.240571415734813        436.14136694493493     
   31.685894721635158        434.61011992572554     
   31.148842287191837        433.07870532569245     
   30.628666306868347        431.54724247100319     
   30.124656573125453        430.01585230141092     
   29.636138382116354        428.48465709904048     
   29.162470564592912        426.95378024487422     
   28.703043685726747        425.42334616421738     
   28.257278302229903        423.89348004193761     
   27.824623286449643        422.36430766630014     
   27.404554301101154        420.83595525069501     
   26.996572317677231        419.30854925978497     
   26.600202179617327        417.78221593359177     
   26.214991559118481        416.25708234476480     
   25.840509324205183        414.73327436798559     
   25.476344664648423        413.21091782619237     
   25.122105951319373        411.69013804014105     
   24.777419688956211        410.17105966377255     
   24.441929559554143        408.65380657572587     
   24.115295535133971        407.13850179362254     
   23.797192970007274        405.62526727729892     
   23.487311839332744        404.11422384597790     
   23.185355966380495        402.60549112656827     
   22.891042298334515        401.09918739440786     
   22.604100224957282        399.59542946753982     
   22.324270956978822        398.09433267041049     
   22.051306974941767        396.59601111344244     
   21.784971222378186        395.10057600488352     
   21.525036946814193        393.60813806063635     
   21.271286934135720        392.11880571830534     
   21.023513081141914        390.63268544848592     
   20.781515991222928        389.14988187290174     
   20.545104489433307        387.67049755499045     
   20.314095268964671        386.19463292054496     
   20.088312515551515        384.72238646228101     
   19.867587500370611        383.25385436051005     
   19.651758274905831        381.78913062910988     
   19.440669345770988        380.32830707937092     
   19.234171371435913        378.87147326207884     
   19.032120854202681        377.41871634442361     
   18.834379907707287        375.97012129339925     
   18.640815968695023        374.52577068802782     
   18.451301559864071        373.08574476178592     
   18.265714058560981        371.65012138482001     
   18.083935483732091        370.21897603790597     
   17.905852279811494        368.79238183145151     
   17.731355121905516        367.37040947876170     
   17.560338730319639        365.95312732307616     
   17.392701690168028        364.54060130271290     
   17.228346284806328        363.13289498645412     
   17.067178335284346        361.73006957898843     
   16.909107046918056        360.33218391525162     
   16.754044864999042        358.93929447878082     
   16.601907324494046        357.55145532284450     
   16.452612967526338        356.16871846253071     
   16.306083152742502        354.79113335274326     
   16.162241972714956        353.41874724414441     
   16.021016168195512        352.05160532968370     
   15.882334886923186        350.68974987539332     
   15.746129840030584        349.33322206986838     
   15.612334910883293        347.98205992070928     
   15.480886267173627        346.63629980920314     
   15.351722186352770        345.29597585898608     
   15.224782999948701        343.96112019600747     
   15.100010983178002        342.63176276952765     
   14.977350310292380        341.30793158626653     
   14.856746967784803        339.98965270568965     
   14.738148658864212        338.67695001182915     
   14.621504832497088        337.36984608520004     
   14.506766479013075        336.06836105052139     
   14.393886169611335        334.77251345605509     
   14.282817949900329        333.48231991204193     
   14.173517298751817        332.19779526171669     
   14.065941135828071        330.91895309477189     
   13.960047625326242        329.64580461975146     
   13.855796267243107        328.37835984411544     
   13.753147807549148        327.11662731448672     
   13.652064164879443        325.86061381929966     
   13.552508376511097        324.61032440073410     
   13.454444637175088        323.36576307098136     
   13.357838186770357        322.12693221490383     
