   44574768615.6680210564234825814695840      
   44574765359.4275819098512784278732211      
   44574761591.8582001255985713915748585      
   44574757270.9806965920841285239577241      
   44574752352.1695432855868596366483715      
   44574746787.2823120580470186560770400      
   44574740523.3832407407880512504033074      
   44574733501.7721000770341727296415625      
   44574725656.6196586306131126303771261      
   44574716913.8515454572404341255293504      
   44574707190.0900325331656513265264900      
   44574696391.4078636700014988895420345      
   44574684413.1322432095840599576239420      
   44574671137.9042309525771592650474257      
   44574656435.6718333731094433409936962      
   44574640162.2059360599022493916466572      
   44574622159.1484703808287735040478768      
   44574602252.1183264383505617108903859      
   44574580251.1975628082560557006810837      
   44574555949.4667445420985776938841830      
   44574529122.3942235213578407215673866      
   44574499527.0754033984276906868593262      
   44574466901.4655307438085970962271736      
   44574430963.4137845053422716967235425      
   44574391410.2406115653741927324913315      
   44574347916.9369624126852258805681278      
   44574300136.0390410459018491004558424      
   44574247696.2090779360441629233787499      
   44574190201.2046386656525645620345934      
   44574127228.6168836363168753202703748      
   44574058328.8810033374969402615456697      
   44573983023.8554018211496829730327816      
   44573900805.3564050528208667402543014      
   44573811133.8893209496928882674547787      
   44573713437.0187047936792427362038743      
   44573607107.7601156290557382587684528      
   44573491502.8236154009836373987926704      
   44573365940.7533073646470988174702796      
   44573229699.9890571809434849493781164      
   44573082016.7041202081650909363944665      
   44572922082.5220027922032299109219185      
   44572749042.1776341845619977255518395      
   44572561990.8094114897947612308034572      
   44572359971.2533753243832486095425300      
   44572141970.9986879186639037891236238      
   44571906919.0079528404466996402180431      
   44571653682.2372508676249072188023036      
   44571381062.0452968063518812643004672      
   44571087790.1707517198131639373252949      
   44570772524.4491646023563061325683506      
   44570433844.4544947397573714637097849      
   44570070246.5191908141715149780019763      
   44569680138.6192292485384771672067252      
   44569261834.8919371461245517026586500      
   44568813549.7646374215877480478368971      
   44568333391.6673673262641624124470507      
   44567819356.4590562326138997747734267      
   44567269320.3325472585734487508494182      
   44566681030.4668679135043019883057494      
   44566052104.5768354598611302417827243      
   44565380011.3013295053478586407348005      
   44564662068.8236242941553198598597281      
   44563895439.0386956181243034021859583      
   44563077096.9876639635803937799821942      
   44562203849.9755935061540459325961092      
   44561272307.5431003739604501911131215      
   44560278875.0382429782113555062725915      
   44559219740.5209627883482200204393660      
   44558090862.9834060849408186815112905      
   44556887958.4317677605561994168754215      
   44555606485.9809910924192032308767715      
   44554241633.5726774440580198806870424      
   44552788302.5662203887608938499676014      
   44551241092.0259781147889224264418943      
   44549594282.7880059224205848082431806      
   44547841820.5890957295894514464137645      
   44545977299.7085418133676641639833876      
   44543993945.7200437622223603696240527      
   44541884599.2945259798822759748510896      
   44539641701.4264872215481221125586132      
   44537257279.7461048784104521397260058      
   44534722939.9822645792227613761059701      
   44532029880.3332657376147758796958718      
   44529168836.2531871091458687849808725      
   44526130196.2327750580878194638536422      
   44522904000.2400609502516745404774128      
   44519480048.6594434146235037261689100      
   44515848031.3510165222973256382929635      
   44511997565.4327745790916705459829987      
   44507917397.6513418676533169593499884      
   44503590955.1582382634286913489424060      
   44498987274.8876005618627017706138192      
   44494069463.0827908524467348588441278      
   44488812184.8046374618629648951396560      
   44483191347.8719920285684809912283611      
   44477177954.9507946857245559619798195      
   44470740969.1372013344365504195938800      
   44463851318.4724243957772113495401001      
   44456484324.2783996034529736098562754      
   44448620494.4415865826963759340556113      
   44440244554.0700453585039681599010500      
   44431344070.9583477476952071241804624      
   44421907830.7282090760746084615345985      
   44411924750.5870177599224536295100123      
   44401383143.5762475454618211345985963      
   44390270375.5396604676957814303241388      
   44378572617.5046633535555434521332406      
   44366274965.3921070348430673734148776      
   44353361373.2629503323854209842337349      
   44339814760.7418738771413419802568796      
   44325617097.3579638238332860164114606      
   44310749495.8284291437254494438322149      
   44295192237.4549590592909548389901252      
   44278924941.2872070408641644251441963      
   44261926540.7667987821973346871913101      
   44244175362.0278438073599916889972573      
   44225649176.7392036968144927912075521      
   44206325243.7835096004950498242724303      
   44186180349.0071179300445943945982633      
   44165190840.5723942025696785894267667      
   44143332661.9177406077902316455803460      
   44120581351.8047173631651275644452421      
   44096912182.1668542120205072582722251      
   44072300029.1280931763064341738713975      
   44046719492.1114532891758755130148998      
   44020144893.0443923467258959357239902      
   43992550295.7623743632569284698305212      
   43963909524.1047122527518338216530090      
   43934196178.4517223556125779620155366      
   43903383650.1165676500218601604239290      
   43871445134.9633003613233974976901565      
   43838353645.4667780240127614086313305      
   43804082022.1282111779901392534622193      
   43768602941.5139824773768164909935036      
   43731888926.3383125361552494186685393      
   43693912350.9231517134775485484538618      
   43654645452.9881129206591954317015456      
   43614060329.7897221239392886470420255      
   43572128952.4801898894237637086200127      
   43528823164.3301090891034599516343466      
   43484114684.9031446745261605151453383      
   43437975113.8826142972280682776919804      
   43390375932.9316341481700351259836233      
   43341288505.5407431949815824454870917      
   43290684081.9765114077898054482727875      
   43238533795.9613312561917650273653292      
   43184808663.5660348407542346349386347      
   43129479592.5146256689466643582549559      
   43072517367.0541966808376516247318399      
   43013892663.5463539283032814594527018      
   42953576035.4417046597040059086764384      
   42891537922.2401969483458889792580402      
   42827748644.0625826921558128959870995      
   42762178399.7767190085036557297121957      
   42694797265.8951123437124861841315506      
   42625575201.2594952873826431133830686      
   42554482035.5153571399795123873747237      
   42481487471.2997708103595188757753343      
   42406561090.7806199789879682581168999      
   42329672339.5561178645492151446457369      
   42250790535.9055478357345199715745935      
   42169884865.7943977885208108675288328      
   42086924380.8055799036834765517634991      
   42001877998.3080303854193808350428461      
   41914714496.7346154759555418751539499      
   41825402516.9180984679076817528959475      
   41733910556.2842427713944234402999588      
   41640207004.0426691161017307470272361      
   41544260012.3374265981481155328620600      
   41446037680.4668277694853421281321176      
   41345507933.6626815584945305364321946      
   41242638548.2801360694247759947915960      
   41137397149.7906463128432097195067557      
   41029751214.8825055131728083050235612      
   40919668066.7278836678140515832651276      
   40807114878.8125822848981016884617078      
   40692058667.3581533697667897673242316      
   40574466294.7768289816264150782834735      
   40454304466.6269356941946883427510048      
   40331539731.1201465266645143849203141      
   40206138477.1416018048091918982123264      
   40078066934.8951888479909052974165137      
   39947291174.8326747385677066433284287      
   39813777101.6138197281202036616976628      
   39677490462.1332881623637537990997471      
   39538396836.5806171192902530598368256      
   39396461641.7609742345972503321690510      
   39251650128.2918457170281413264938511      
   39103927382.7615644546564443994664842      
   38953258322.2376683287480156568240214      
   38799607698.4575290832698386700380280      
   38642940094.1094859315020894879074179      
   38483219918.2494350781445704423561626      
   38320411420.8379844063671712513760885      
   38154478668.5493616567844221366639115      
   37985385565.3439809627420845935451302      
   37813095840.6162041269019657452223353      
   37637573051.3852004392219140299050710      
   37458780581.6798842899653346286461204      
   37276681641.9200845087663859434167936      
   37091239267.3272502449422679220154565      
   36902416319.4511192896349415353097687      
   36710175496.8938002383935988313633981      
   36514479282.4276331727065056801968631      
   36315290023.9233882296837119203322824      
   36112569877.8871009014185352449078903      
   35906280825.8528018479934460470219658      
   35696384669.5993461479985970881999606      
   35482843027.3446955706372444672151154      
   35265617355.2306132374809456460652521      
   35044668914.2704645415994737253333219      
   34819958791.6890754727958676247413191      
   34591447895.2427242771106489059511175      
   34359096952.2138637266270959152911042      
   34122866509.3514555023291533295964556      
   33882716932.6797180158995446717948700      
   33638608407.1634222291912796475121062      
   33390500936.2012425956525257492815607      
   33138354341.5134354816310309971027490      
   32882128262.6079219044070507481928232      
   32621782156.3293137141605940600054043      
   32357275297.3124152926518722287274628      
   32088566777.9149699713258934445987778      
   31815615504.3979137326862086378051933      
   31538380208.2239086109703439948783386      
   31256819420.0642676252624131659792711      
   30970891501.7297670825597529873118586      
   30680554625.9283833481558081957412865      
   30385766781.0237388816914381739847479      
   30086485770.7189995502719760367838348      
   29782669212.9437691922192399360144811      
   29474274540.9191901276095997910695388      
   29161259003.9496236456000786391015159      
   28843579663.1472500014012350841381837      
   28521193399.6557125449695522823714478      
   28194056901.3997510764057322724282550      
   27862126675.7589646061521875204908657      
   27525359041.1382111604050837132809391      
   27183710130.1371506609440292499056145      
   26837135886.5396113268573245695217682      
   26485592071.4836722695918940635888190      
   26129034257.6341416284155085621958062      
   25767417831.6043811408647928172564303      
   25400697991.8761007628054489053967832      
   25028829748.1729943330983502852819555      
   24651767927.6753822973315103011734524      
   24269467164.4226348126700544935813412      
   23881881908.9946030252538675132081181      
   23488966422.3570926048359993417525241      
   23090674777.1889762708586950841026727      
   22686960859.2923744874670894570043967      
   22277778366.9885713410824628882799369      
   21863080808.2828298326762111550693504      
   21442821506.1960196331914052159707404      
   21016953594.3439536225626838779759092      
   20585430016.1362604705200240896740864      
   20148203529.4712488806394344452943305      
   19705226701.4386818461086045144594788      
   19256451911.9224250189239537631740972      
   18801831350.1302804694269343776772908      
   18341317020.0731227101258974295517273      
   17874860735.2891786127683933805361713      
   17402414120.6776751076555113222496724      
   16923928612.4525332876673808710384662      
   16439355457.7116342990194675105718613      
   15948645715.1616428592847502010693209      
   15451750251.8945311104671788310256535      
   14948619748.7744485711351994242556723      
   14439204697.9759838333011173787008781      
   13923455401.5055142624791827345689493      
   13401321974.2376102334525287860953431      
   12872754340.6192342636079867879839040      
   12337702236.0399223610295762267080968      
   11796115206.2097333042690940531142758      
   11247942601.3659153949292525304132156      
   10693133595.1951072837045610551444695      
   10131637170.0063059612211523215055563      
   9563402114.29624270728153813967391571      
   8988377027.42564781922448799860484190      
   8406510317.97767823316776215924624324      
