   47.326235305190330        64.314490044897852     
   47.326235272080588        64.314490028356744     
   47.326235060610202        64.314489922704993     
   47.326234125666836        64.314489455564868     
   47.326230974152566        64.314487880706338     
   47.326222321960771        64.314483556132430     
   47.326202054380410        64.314473422739113     
   47.326160161109975        64.314452468239949     
   47.326081829762572        64.314413267747966     
   47.325946823381791        64.314345662314722     
   47.325729240929071        64.314236627288864     
   47.325397616811436        64.314070303648293     
   47.324915334017589        64.313828179352271     
   47.324241251374460        64.313489365254014     
   47.323330450493877        64.313030913243836     
   47.322135012999553        64.312428127788564     
   47.320604787662326        64.311654852762260     
   47.318688050380281        64.310683683881479     
   47.316332142458421        64.309486168578516     
   47.313483998563640        64.308032952718364     
   47.310090658992777        64.306293944091934     
   47.306099738258105        64.304238486602074     
   47.301459906042332        64.301835589759847     
   47.296121360649138        64.299054203222980     
   47.290036318455883        64.295863556009920     
   47.283159490895429        64.292233537441604     
   47.275448568226821        64.288135126048545     
   47.266864635428107        64.283540814410216     
   47.257372565934936        64.278425045211435     
   47.246941311751243        64.272764601176235     
   47.235544125622908        64.266538958876183     
   47.223158671237549        64.259730570776057     
   47.209767026918712        64.252325072059307     
   47.195355581027691        64.244311402341339     
   47.179914815332118        64.235681838389283     
   47.163438993071139        64.226431941981758     
   47.145925747065213        64.216560420324285     
   47.127375593889866        64.206068912934100     
   47.107791380024466        64.194961709627975     
   47.087177665161498        64.183245404846531     
   47.065540074819268        64.170928506833036     
   47.042884618193860        64.158021006887608     
   47.019216991110049        64.144533914598711     
   46.994541858126581        64.130478771911754     
   46.968862230810934        64.115867185203484     
   46.942178678487537        64.100710289256611     
   46.914488739759861        64.085018277743927     
   46.885786268285102        64.068799907494366     
   46.856060834312807        64.052062025653413     
   46.825297161929988        64.034809113586704     
   46.793474597813940        64.017042846822093     
   46.760566624984442        63.998761679442175     
   46.726540416273842        63.979960452295444     
   46.691356428195832        63.960630025148653     
   46.654968036325947        63.940756934598561     
   46.617321209934914        63.920323077546669     
   46.578354226201860        63.899305419933128     
   46.537997428027964        63.877675735274984     
   46.496173000280670        63.855400356590174     
   46.452794812840352        63.832439969997075     
   46.407768276198908        63.808749422410479     
   46.360990242555218        63.784277557824112     
   46.312348936535649        63.758967075596729     
   46.261723938605172        63.732754425391917     
   46.208986176448022        63.705569706022274     
   46.153997996631126        63.677336622077625     
   46.096613247317357        63.647972447410098     
   46.036677424771980        63.617388030878978     
   45.974027873316395        63.585487839211538     
   45.908494026809727        63.552170024888170     
   45.839897728738677        63.517326551026983     
   45.768053619218513        63.480843356526876     
   45.692769581920672        63.442600561804156     
   45.613847279884418        63.402472737257547     
   45.531082770810904        63.360329222646527     
   45.444267204466350        63.316034505018379     
   45.353187576785011        63.269448637055199     
   45.257627584189528        63.220427730409945     
   45.157368073019377        63.168824248745871     
   45.052189696399125        63.114488472348995     
   44.941871377367008        63.057267793199919     
   44.826192873773493        62.997008160775522     
   44.704935280094617        62.933554473577402     
   44.577881871103195        62.866751150070563     
   44.444818813148942        62.796442653316539     
   44.305535724096409        62.722473929489517     
   44.159826737359680        62.644691143998315     
   44.007488008203538        62.562940441561054     
   43.848321681787695        62.477070275091663     
   43.682132968692471        62.386929938434569     
   43.508730294569020        62.292369769681279     
   43.327925155629799        62.193241191872055     
   43.139528498521848        62.089394779354762     
   42.943355105532312        61.980682830958465     
   42.739217066930422        61.866955754825554     
   42.526926238956584        61.748063538446146     
   42.306288633014198        61.623852583662305     
   42.077108451264692        61.494168068592195     
   41.839183644343784        61.358851436230232     
   41.592305510583067        61.217740191014784     
   41.336257669570578        61.070667331038599     
   41.070815136498034        60.917460843242495     
   40.795743582006715        60.757943301343673     
   40.510798729638189        60.591931561214395     
   40.215725964607408        60.419236583097415     
   39.910260157918529        60.239663398575587     
   39.594125732359551        60.053011238854509     
   39.267037022223441        59.859073858562944     
   38.928698963829127        59.657640080795680     
   38.578808181675761        59.448494604189676     
   38.217054520583162        59.231419114522858     
   37.843123187914081        59.006193772519026     
   37.456697489661728        58.772599106215971     
   37.057462402390044        58.530418426125053     
   36.645109062280724        58.279440817349332     
   36.219340325000594        58.019464788738162     
   35.779877617243088        57.750302714298236     
   35.326469139632174        57.471786085848812     
   34.858899704171620        57.183771729109480     
   34.377002094922659        56.886148907462839     
   33.880670101875708        56.578847369497190     
   33.369873053058122        56.261846240605735     
   32.844671416692250        55.935183420985496     
   32.305233041454379        55.598965281585350     
   31.751849238714140        55.253376065861666     
   31.184949679861393        54.898686421061974     
   30.605115010983006        54.535260322998226     
   30.013085927853325        54.163559638419002     
   29.409767648201523        53.784145665911247     
   28.796228909936417        53.397677122053651     
   28.173694878784104        53.004904258268446     
   27.543533995216340        52.606659208217515     
   26.907239156337347        52.203842905580018     
   26.266404103184435        51.797409267690128     
   25.622696264005029        51.388347561074333     
   24.977827516376646        50.977663984399967     
   24.333524476134084        50.566363566847478     
   23.691498984259262        50.155432701392392     
   23.053421735999084        49.745824403343072     
   22.420894199583127        49.338442689534475     
   21.795441584805761        48.934140894647356     
   21.178474142694260        48.533699598115000     
   20.571288365060713        48.137830218988313     
   19.975053249676886        47.747168753364448     
   19.390803782073700        47.362273823475512     
   18.819437646681138        46.983626386603717     
   18.261714844625757        46.611630853900500     
   17.718259906723596        46.246617407390481     
   17.189566347736928        45.888845302799211     
   16.676002987076036        45.538506972084555     
   16.177821787087989        45.195732735532957     
   15.695166801395770        44.860595951655306     
   15.228083886031538        44.533118433714584     
   14.776530828992135        44.213275985410093     
   14.340387602571745        43.901003922145932     
   13.919466468689494        43.596202458150657     
   13.513521733960200        43.298741869171430     
   13.122258988496787        43.008467358094805     
   12.745343712545271        42.725203573103961     
   12.382409169516041        42.448758739925466     
   12.033063555462688        42.178928402139285     
   11.696896381733348        41.915498754585613     
   11.373484115271502        41.658249590577910     
   11.062395097399010        41.406956868570177     
   10.763193784513035        41.161394927758622     
   10.475444379791936        40.921338380674321     
   10.198713862530649        40.686563697297807     
   9.9325745371057668        40.456850531626166     
   9.6766060966409775        40.231982802378504     
   9.4303972982955830        40.011749555566247     
   9.1935472787374088        39.795945648937703     
   8.9656652805536634        39.584371108762952     
   8.7463766541675128        39.376836292944724     
   8.5353152978286175        39.173154834422739     
   8.3321294829913128        38.973148760643440     
   8.1364806580569091        38.776647349653274     
   7.9480434503407338        38.583487110321769     
   7.7665056077295782        38.393511739013022     
   7.5915678206962953        38.206572022126878     
   7.4229435030886375        38.022525705842490     
   7.2603584927037357        37.841237326855399     
   7.1035507302101033        37.662578035473722     
   6.9522698840837052        37.486425390700596     
   6.8062769697444603        37.312663141231532     
   6.6653439394004632        37.141181002089127     
   6.5292532658827032        36.971874425597228     
   6.3977975474872046        36.804644383869096     
   6.2707790349312660        36.639397084569701     
   6.1480093016459376        36.476043851897316     
   6.0293087495308493        36.314500770095322     
   5.9145062635186543        36.154688547037487     
   5.8034388082598012        35.996532275371415     
   5.6959510462245930        35.839961218691684     
   5.5918949804562175        35.684908621167253     
   5.4911295925315047        35.531311495996178     
   5.3935205084624336        35.379110442466093     
   5.2989396758713436        35.228249469561796     
   5.2072650500141053        35.078675817560537     
   5.1183802952799837        34.930339790974791     
   5.0321744982321999        34.783194592175825     
   4.9485419029812405        34.637196183376822     
   4.8673816514926704        34.492303133199506     
   4.7885975284441695        34.348476471739978     
   4.7120977396355155        34.205679568340500     
   4.6377946864785802        34.063878003952141     
   4.5656047467754597        33.923039443877670     
   4.4954480878530241        33.783133533780706     
   4.4272484641094456        33.644131781051456     
   4.3609330490672402        33.506007463420964     
   4.2964322476097561        33.368735513011572     
   4.2336795535494689        33.232292441060423     
   4.1726113830196336        33.096656242567590     
   4.1131669311802188        32.961806299556038     
   4.0552880371891478        32.827723329729082     
   3.9989190558831429        32.694389286099906     
   3.9440067299187955        32.561787295852604     
   3.8905000737249251        32.429901588719055     
   3.8383502615297838        32.298717431825871     
   3.7875105245051772        32.168221067589009     
   3.7379360567964244        32.038399658685911     
   3.6895839083915662        31.909241236391058     
   3.6424129060245973        31.780734639440087     
   3.5963835654904686        31.652869467552016     
   3.5514580124250741        31.525636038446532     
   3.5075999044498931        31.399025328647006     
   3.4647743608810448        31.273028953664664     
   3.4229478968128526        31.147639112368196     
   3.3820883521741285        31.022848550851396     
   3.3421648356520497        30.898650529862092     
   3.3031476650241869        30.775038787543078     
   3.2650083119671214        30.652007511558327     
   3.2277193491379133        30.529551296234992     
   3.1912543948646981        30.407665110232003     
   3.1555880920258672        30.286344349969909     
   3.1206960220007587        30.165584664523653     
   3.0865546918447735        30.045382047573252     
   3.0531414846117491        29.925732775864446     
   3.0204346223456739        29.806633383094514     
   2.9884131280261967        29.688080656393787     
   2.9570567923437321        29.570071600093787     
   2.9263461406658604        29.452603428048700     
   2.8962623991008334        29.335673533278882     
   2.8667874694395703        29.219279486720303     
   2.8379038965465284        29.103419019020500     
   2.8095948423980524        28.988089997956635     
   2.7818440611752457        28.873290420803070     
   2.7546358741033243        28.759018400082091     
   2.7279551516172136        28.645272180813954     
   2.7017872690847673        28.532050013738964     
   2.6761181188259058        28.419350317728743     
   2.6509340675648070        28.307171554482721     
   2.6262219427968110        28.195512248448861     
   2.6019690143525640        28.084370979375219     
   2.5781629768215204        27.973746372397283     
   2.5547919328180360        27.863637091627169     
   2.5318443768569314        27.754041832745706     
   2.5093091802407348        27.644959316885576     
   2.4871755764253161        27.536388284878345     
   2.4654331469369408        27.428327490120349     
   2.4440718083279975        27.320775696611211     
   2.4230817991026550        27.213731672131530     
   2.4024536676894108        27.107194183520281     
   2.3821782619726206        27.001161999188295     
   2.3622467153415796        26.895633872634740     
   2.3426504384479272        26.790608549688955     
   2.3233811082214113        26.686084762338535     
   2.3044306580670795        26.582061225408250     
   2.2857912689442146        26.478536637634910     
   2.2674553597435314        26.375509674029697     
   2.2494155788537693        26.272978987810188     
   2.2316647964177898        26.170943208801674     
   2.2141960965844540        26.069400942751756     
   2.1970027692922907        25.968350767749673     
   2.1800783028159239        25.867791231356289     
   2.1634163771718309        25.767720851902446     
   2.1470108577469764        25.668138119000965     
   2.1308557890286619        25.569041494074987     
   2.1149453883912996        25.470429409246627     
   2.0992740393411564        25.372300262988489     
   2.0838362866129505        25.274652422755722     
