   44856485639.3708127401411984205634436      
   44856481012.4191558600058675158445600      
   44856475806.3308177360619191739241042      
   44856469923.0762450364969303407879400      
   44856463239.5567957128036760402220143      
   44856455604.6364402174604429541491964      
   44856446836.4533579320109346534885285      
   44856436719.8817331684673937286990015      
   44856425004.4343116673858417894232374      
   44856411402.0924014382546723127690691      
   44856395585.6866733500107709316071930      
   44856377186.8844337975012735741196831      
   44856355794.5207582088159749737758979      
   44856330952.6175951013316085583343210      
   44856302158.2932203868957864245863651      
   44856268859.4432694087639868312098777      
   44856230452.1011777620200797614332534      
   44856186277.0276363250177898024078086      
   44856135616.4587310063144193859043346      
   44856077689.6958171343349177256670379      
   44856011648.4008790034247398280553142      
   44855936571.2483796068139045637424056      
   44855851457.4912359317094094586246522      
   44855755220.5390350370811168805892334      
   44855646680.1346959325485765209032116      
   44855524554.8018465755628730967192636      
   44855387451.0129373659558155570683078      
   44855233856.5641170329695803024683437      
   44855062129.1646561146694964414685380      
   44854870486.7276961508974639914716279      
   44854656997.2118048929308453692773159      
   44854419568.7122755102938233324216885      
   44854155939.6301096388170533512013245      
   44853863669.6543479298417934754024967      
   44853540131.3917808804548241549187597      
   44853182503.0225403649664620686923913      
   44852787762.2045960972109388543982649      
   44852352679.3542784621662480513026298      
   44851873821.5657420478674305101929594      
   44851347536.3549077616665197679754367      
   44850769969.3925230837482406680069554      
   44850137038.7406486147172601806041053      
   44849444465.9548259012540435426571914      
   44848687756.4462911614738245665418802      
   44847862209.5566336844719198226859658      
   44846962920.2609045247289976289354286      
   44845984781.7414371467228027752555344      
   44844922487.9788629038305604563162396      
   44843770535.8096690216625744977999770      
   44842523226.6772335022455008908133069      
   44841174668.0286489455086829534336250      
   44839718772.7687122101374803840035580      
   44838149260.2535794537718247526857166      
   44836459653.7302976767079104130390479      
   44834643279.1867328643365463033312718      
   44832693261.3211826213223269592344011      
   44830602519.7146823877064106371784268      
   44828363763.8642150557513931291930736      
   44825969480.3739479287256116985000858      
   44823411951.0754040615149473741315721      
   44820683205.6626829338413573701412717      
   44817775036.7664926252742820368453540      
   44814678981.4989293578196702577592693      
   44811386306.1178632166883438461463946      
   44807887987.1713761197980372472040467      
   44804174684.3987246373702907121560210      
   44800236702.8004365956077424705799257      
   44796063932.0377535835682768910899713      
   44791645749.6957998196746571303731345      
   44786970870.7062697116353600141197528      
   44782027136.5802628304447723069014840      
   44776801291.0797687811017569495239422      
   44771278883.6899457106207266832982981      
   44765444479.8766644777613873279806871      
   44759282135.4678478445258880034026357      
   44752775846.1953571801193737272576123      
   44745909858.6957647600322163820737774      
   44738668954.5331210450169460633178621      
   44731038817.7494529454441184598642911      
   44723006392.2140373844364155540850182      
   44714560097.2250606102116104464723071      
   44705689739.0073836881628408057261166      
   44696386392.1370729951418031314614663      
   44686641996.6036586703530992901696767      
   44676449019.9697216850705477018270804      
   44665800135.7774409306665547038730770      
   44654687966.8967219125676610802978994      
   44643104900.2285581388674679238582567      
   44631042982.1520761168902593560401839      
   44618493772.6234767194102990392490623      
   44605448431.8286906029415421301009608      
   44591897620.5960304820616890054162999      
   44577831531.2361870994380788064412942      
   44563239901.9160208576030848919110366      
   44548112035.2319040736378829898810555      
   44532436818.5169662647950392129354254      
   44516202744.0787839336275248930639443      
   44499397928.1320051814520504310452908      
   44482010128.3766677377931326335309219      
   44464026759.6272514872746626859476219      
   44445434907.7695910954997676643230166      
   44426221342.1248065406301315352092562      
   44406372526.2959559319692160162431700      
   44385874627.5803201230174669931759343      
   44364713525.4311162065592968712550344      
   44342874818.6022423932924454116506614      
   44320343831.7969268226698928482862791      
   44297105644.7781445941783623729103737      
   44273145000.8013730115414600523094540      
   44248446458.1035526792277147884307699      
   44222994294.9656994497165420244911896      
   44196772532.6815871012439063796533929      
   44169764955.8463283094285571753044185      
   44141955090.5923724410494562477865863      
   44113326223.1306511373220880224877435      
   44083861398.1772033865363759058287759      
   44053543420.5556602414343154121390141      
   44022354857.4604446223134323381097366      
   43990278039.7723896051635435222424132      
   43957295063.6764578315909772039002869      
   43923387792.0804854263223372785109449      
   43888537855.9932607591612431385861429      
   43852726655.6885237571128218914639681      
   43815935361.9367423926443774287740922      
   43778144917.0708418617370376436075599      
   43739336036.1394147781182172891594000      
   43699489207.7458313543033220974951612      
   43658584695.0165959673781509224211783      
   43616602536.4013938074085465359441474      
   43573522547.5550638184432576046793040      
   43529324320.7764051197381843255738870      
   43483987225.0205122311893385139030326      
   43437490411.1042675757813151222380342      
   43389812808.4485855315693070115776372      
   43340933124.6307451083325250302310224      
   43290829852.2384554210732699203936734      
   43239481261.4970755620493432540812164      
   43186865409.5820827708637274221575634      
   43132960132.3207039913427448907721344      
   43077743054.2921836469590785538525328      
   43021191579.6357853932914791258989040      
   42963282902.6062809233868308656913198      
   42903993999.3195025948476069026202092      
   42843301632.6348655538331301039809357      
   42781182356.8377276759692473408154638      
   42717612507.5357716706678179514832398      
   42652568213.7799124957660185517136499      
   42586025389.2049466184964516331190908      
   42517959740.2477740160192702595717373      
   42448346760.4053100873646322901409817      
   42377161732.0712378201232142375448909      
   42304379735.8553335143252112196111598      
   42229975632.4948337997251495332099365      
   42153924084.9550845437805672227393973      
   42076199541.6330260282992503261288486      
   41996776246.3153727109397815394537658      
   41915628234.0085748830138589282696938      
   41832729336.0471932511610047861670579      
   41748053175.3839543395014097577406853      
   41661573169.5240273915695301534972656      
   41573262531.3052813653071591618047477      
   41483094268.6862860552946025287506060      
   41391041185.7691507000257041543306041      
   41297075882.5055241507770908635225138      
   41201170753.3367279023056506577054750      
   41103297987.8222418050601913005739008      
   41003429575.7157578402277419095916091      
   40901537302.0533335199777411439179608      
   40797592751.0332749637674795371113438      
   40691567302.9925207388353417033475979      
   40583432137.8687452432148836025982236      
   40473158233.3739143332849232107079331      
   40360716364.3473900631159010396434153      
   40246077107.8521552994321496955831031      
   40129210837.9250588533515141819702052      
   40010087728.1364197648006856458219923      
   39888677752.6542060251345834737949518      
   39764950684.5776737432425192459337416      
   39638876098.3161108271224553587979103      
   39510423367.8057241852739605685361540      
   39379561669.3147968358183271835147877      
   39246259978.7558556880550207018709043      
   39110487072.1468697092069356511313794      
   38972211528.9426632216213297193837772      
   38831401729.1851448801091300599206770      
   38688025852.7906096238869673505848824      
   38542051884.7331327993390279016859088      
   38393447610.3144287051239830074483691      
   38242180618.3637948745141336886309723      
   38088218299.9379561995409615322926588      
   37931527846.7508628473054072803468019      
   37772076256.2910113617297215847950690      
   37609830327.1389810570319868428558311      
   37444756662.5075328221797504120427257      
   37276821665.6299395333782041305417175      
   37105991547.1793661346830162746592650      
   36932232321.3900203667714623893168287      
   36755509802.6184178748361356705825725      
   36575789613.1601073980501457260514656      
   36393037177.9832550349786552834950354      
   36207217727.0586316253675168816959491      
   36018296283.3655026370690986760147414      
   35826237697.7871638141344204551548679      
   35631006605.1949250097475787496438112      
   35432567455.2024966657883389317226791      
   35230884499.2402705019601766102372457      
   35025921793.0893104335465895887366575      
   34817643202.5233685717796668447540414      
   34606012402.4136936708558861213883879      
   34390992848.5859764151529065931139034      
   34172547827.7858167496908716461528579      
   33950640407.3681303591188280768417293      
   33725233506.1976032866889612519000124      
   33496289804.1518585502218107712943172      
   33263771806.3225633600223956452389572      
   33027641830.1737301474785819841110705      
   32787861967.4605904507261638476586596      
   32544394140.1066049836903718792669225      
   32297200093.4318541124693981652854464      
   32046241357.6724128415631497487799941      
   31791479253.3721203806257344018282835      
   31532874934.3695682195622055460174755      
   31270389362.2515148180850231883927199      
   31003983295.9495150552798496404713058      
   30733617290.6357419864449681165558896      
   30459251730.3275940607598026242350521      
   30180846792.8919427095361618074343918      
   29898362466.3696564483025394613806242      
   29611758546.6900474790468672343785311      
   29320994636.8230719899770376466704177      
   29026030147.2726913603155087432262495      
   28726824296.0738766131098393243319125      
   28423336108.9066206132327724272740194      
   28115524419.0708623685158857984169070      
   27803347868.0106554281921551648904528      
   27486764904.9532109892358367773528973      
   27165733787.0725524387435965408533333      
   26840212575.4112184836730302173446428      
   26510159143.8793912211019009520973282      
   26175531178.8347870893477558229484038      
   25836286167.6084482077860708008048519      
   25492381400.7331342648044587139629751      
   25143774001.1676759411749603819550493      
   24790420877.4685097870917758797968096      
   24432278753.9353409909535271859301706      
   24069304163.0060140587231158776711682      
   23701453445.8391271029121667223713406      
   23328682752.3570477391767202635083091      
   22950948037.9030033907340853050204452      
   22568205069.6540066599281550351052659      
   22180409422.9538989439200237381135715      
   21787516489.1381614029719371013750637      
   21389481463.3073690111574291553771439      
   20986259348.5433729597896599926785724      
   20577804959.1896076138311317817333970      
   20164072915.8087818818247920113277191      
   19745017650.3350372106746422675443591      
   19320593403.5155016836705855015865980      
   18890754225.8049890226382479695616381      
   18455453978.8688884147696433820711513      
   18014646331.2713727048584358158470176      
   17568284762.6045216041549035407007202      
   17116322566.7618326750382502301427759      
   16658712840.3831941762622844140470452      
   16195408487.5550262620863350263522432      
   15726362233.2862317362739215345211465      
   15251526603.5833284418448462768437395      
   14770853936.1013144789686341580481028      
   14284296379.3699395276770904720939998      
   13791805889.9138937025835311414093860      
   13293334238.8686690502416867985194287      
   12788833005.7095976332494316523158367      
   12278253578.6290864473626725378663687      
   11761547155.5648728063371815783886873      
   11238664746.3092923865050243599849043      
   10709557171.9830889063368405501420435      
   10174175060.6711635684592084581365787      
   9632468850.81541869760714284524540285      
   9084388797.19533662938058713673481529      
   8529884959.15056126877706834533700594      
