   47.326235308428870        64.314490046515729     
   47.326235308428870        64.314490046515729     
   47.326235308428870        64.314490046515729     
   47.326235308428870        64.314490046515729     
   47.326235308428643        64.314490046515616     
   47.326235308398651        64.314490046500637     
   47.326235307396558        64.314490046000017     
   47.326235293486860        64.314490039051037     
   47.326235186835170        64.314489985768347     
   47.326234648728366        64.314489716915858     
   47.326232647573242        64.314488716972519     
   47.326226726210948        64.314485757620844     
   47.326212022657877        64.314478407131375     
   47.326180192548563        64.314462488915723     
   47.326118420789662        64.314431582346714     
   47.326008669938552        64.314376637992112     
   47.325827293917797        64.314285774060579     
   47.325544998876062        64.314144240508114     
   47.325127145397332        64.313934548455549     
   47.324534301558124        64.313636714527490     
   47.323722953619608        64.313228568446419     
   47.322646279187289        64.312686071329267     
   47.321254931298796        64.311983619216747     
   47.319497725477298        64.311094274664654     
   47.317322313731800        64.309989986408610     
   47.314675728215207        64.308641738693467     
   47.311504921371800        64.307019719666201     
   47.307757235198878        64.305093479515776     
   47.303380889060534        64.302832143922686     
   47.298325456139139        64.300204668910439     
   47.292542360482443        64.297180161221107     
   47.285985368455101        64.293728246987271     
   47.278611088102586        64.289819489325509     
   47.270379436469568        64.285425826333537     
   47.261254069055582        64.280521014510711     
   47.251202742559812        64.275081050100766     
   47.240197608399882        64.269084556865650     
   47.228215405967624        64.262513112189225     
   47.215237563708634        64.255351507582333     
   47.201250193438128        64.247587927710612     
   47.186243981900340        64.239214046476150     
   47.170213979591274        64.230225036094282     
   47.153159306430958        64.220619498323060     
   47.135082764550262        64.210399312790358     
   47.115990394582333        64.199569423028947     
   47.095890960326422        64.188137554878622     
   47.074795394663774        64.176113886228009     
   47.052716211856428        64.163510677496021     
   47.029666890681931        64.150341861511023     
   47.005661257016847        64.136622620584063     
   46.980712852095301        64.122368940155255     
   46.954834314647947        64.107597159404122     
   46.928036772307458        64.092323519103104     
   46.900329234825726        64.076563708137698     
   46.871718094162823        64.060332449391126     
   46.842206489777233        64.043643040323730     
   46.811793859138355        64.026506965991530     
   46.780475442020290        64.008933501572727     
   46.748241834582558        63.990929341776464     
   46.715078572362451        63.972498249167032     
   46.680965747472094        63.953640724407798     
   46.645877655208622        63.934353696927609     
   46.609782472072872        63.914630236709705     
   46.572641962454703        63.894459286703032     
   46.534411211139151        63.873825413207619     
   46.495038387791958        63.852708577708995     
   46.454464516452930        63.831083920442623     
   46.412623301439844        63.808921571103639     
   46.369440946466405        63.786186467491838     
   46.324836000529203        63.762838189331362     
   46.278719233309751        63.738830815503512     
   46.230993516584448        63.714112780330396     
   46.181553731846506        63.688626758914786     
   46.130286704220609        63.662309562774119     
   46.077071146351948        63.635092046598231     
   46.021777636760881        63.606899038125086     
   45.964268619991564        63.577649281095006     
   45.904398438795987        63.547255400299093     
   45.842013408334225        63.515623895044030     
   45.776951931289013        63.482655154853994     
   45.709044658004032        63.448243506360406     
   45.638114729517710        63.412277312104706     
   45.563978050800209        63.374639088086127     
   45.486443681323507        63.335205693454597     
   45.405314274490316        63.293848551876827     
   45.320386653792589        63.250433963516876     
   45.231452444666928        63.204823448538164     
   45.138298849228597        63.156874186927965     
   45.040709505219198        63.106439518525377     
   44.938465418094111        63.053369484620255     
   44.831346048541668        62.997511496550644     
   44.719129877723169        62.938710708498583     
   44.601597534008874        62.876811821286957     
   44.478530092665217        62.811658271577741     
   44.349712008374112        62.743093952623695     
   44.214931747054422        62.670963704538373     
   44.073982630582506        62.595113921990041     
   43.926663611290500        62.515393142749794     
   43.772780394837838        62.431652830895196     
   43.612143141257484        62.343746236490873     
   43.444570346086401        62.251530731822470     
   43.269885973586405        62.154866342067898     
   43.087919506457567        62.053615911473116     
   42.898505599403258        61.947645021208558     
   42.701481127884563        61.836820407738280     
   42.496687869577038        61.721011603838974     
   42.283967404881842        61.600088074737847     
   42.063162697589732        61.473920201596144     
   41.834112661944758        61.342376157894741     
   41.596656004316465        61.205324199980943     
   41.350626873824602        61.062630154257285     
   41.095854487750735        60.914157218931095     
   40.832162180720552        60.759765427406570     
   40.559366632852750        60.599311214232628     
   40.277277272974835        60.432647087642330     
   39.985695884004528        60.259621429075459     
   39.684416434582133        60.080078434090332     
   39.373225133075906        59.893858206602104     
   39.051900730989175        59.700797004964585     
   38.720215109477280        59.500727687728109     
   38.377934179578034        59.293480362106862     
   38.024819070553555        59.078883236567187     
   37.660627824970021        58.856763784877238     
   37.285117421487470        58.626950151178562     
   36.898046379130321        58.389272917936964     
   36.499177948904276        58.143567254526779     
   36.088283962213730        57.889675480214564     
   35.665149440947999        57.627450100497761     
   35.229578068074119        57.356757375713649     
   34.781398552998347        57.077481422913444     
   34.320471989124371        56.789528909208279     
   33.846700173563775        56.492834293261737     
   33.360034892641714        56.187365615685621     
   32.860488028313540        55.873130706158854     
   32.348142280056820        55.550183684869673     
   31.823162217094175        55.218631535813870     
   31.285805161047371        54.878640451802625     
   30.736431432057994        54.530441602448910     
   30.175513301741226        54.174335940640745     
   29.603641993527074        53.810697604417001     
   29.021532128777459        53.439975559768840     
   28.430023064427576        53.062693156085956     
   27.830076836947335        52.679445486346303     
   27.222771954349469        52.290894012644408     
   26.609294756117592        51.897759925724031     
   25.990926194311179        51.500814650445271     
   25.369026530314738        51.100869396731362     
   24.745017638192198        50.698763597703362     
   24.120363750095859        50.295352849162015     
   23.496551336441424        49.891496823648062     
   22.875065481046839        49.488045452932617     
   22.257383056569992        49.085836430928715     
   21.644932993853462        48.685671847856625     
   21.039092231709791        48.288318114267327     
   20.441165714748170        47.894495710263328     
   19.852371893951045        47.504872463187596     
   19.273830472245891        47.120058117890920     
   18.706552616562739        46.740600231852220     
   18.151433783260064        46.366981403390263     
   17.609249204827467        45.999617811141007     
   17.080652037476451        45.638859035855504     
   16.566174001779711        45.284989065907197     
   16.066228316430955        44.938228381638652     
   15.581114619294214        44.598736968012830     
   15.111025535050087        44.266618091631564     
   14.656054507868264        43.941922658609151     
   14.216204553539736        43.624653988967175     
   13.791397517049786        43.314772805750451     
   13.381483589549708        43.012202322500045     
   12.986250753055092        42.716833264848475     
   12.605433951528417        42.428528731008882     
   12.238723803123317        42.147128796526516     
   11.885774739479018        41.872454809543683     
   11.546212473601924        41.604313330595232     
   11.219640760853206        41.342499697592125     
   10.905647422356092        41.086801187815432     
   10.603809674231790        40.836999829319460     
   10.313698746612468        40.592874833351594     
   10.034883860589513        40.354204683411254     
   9.7669355961385698        40.120768905081825     
   9.5094287331917471        39.892349557963662     
   9.2619445565006071        39.668732445226567     
   9.0240727622015218        39.449708111334608     
   8.7954116063731238        39.235071401925737     
   8.5755746052809165        39.024627064213028     
   8.3641828923848589        38.818182550286537     
   8.1608716429178489        38.615553521591515     
   7.9652890404155547        38.416562774257692     
   7.7770964734624233        38.221040320176236     
   7.5959686278691079        38.028823427163282     
   7.4215934445285470        37.839756588469292     
   7.2536719848521019        37.653691441029970     
   7.0919181862797966        37.470486610544306     
   6.9360586631233208        37.290007658229214     
   6.7858322560030988        37.112126740676736     
   6.6409897400677407        36.936722506851076     
   6.5012934099352409        36.763679854070787     
   6.3665166681210570        36.592889699937672     
   6.2364435985239153        36.424248749154167     
   6.1108685339811721        36.257659251390031     
   5.9895956223952034        36.093028762615312     
   5.8724384052456289        35.930269917495160     
   5.7592194010312578        35.769300193666076     
   5.6497696779689850        35.610041687212714     
   5.5439284628515075        35.452420880336788     
   5.4415427387563300        35.296368429368350     
   5.3424668843431995        35.141818965568341     
   5.2465623010397193        34.988710886204302     
   5.1536970627420811        34.836986159254472     
   5.0637455867508212        34.686590144718785     
   4.9765883100835770        34.537471410934955     
   4.8921113836555383        34.389581564654968     
   4.8102063823609589        34.242875093628456     
   4.7307700296850834        34.097309206379265     
   4.6537039242673082        33.952843678976450     
   4.5789142974818224        33.809440729423450     
   4.5063117753220086        33.667064873489871     
   4.4358111435566130        33.525682792970315     
   4.3673311489925100        33.385263226043392     
   4.3007942779620061        33.245776845952228     
   4.2361265705418649        33.107196139169396     
   4.1732574423194331        32.969495324792149     
   4.1121195109505750        32.832650247470013     
   4.0526484317623686        32.696638279809953     
   3.9947827395643194        32.561438237776095     
   3.9384637093804615        32.427030299442670     
   3.8836352126818476        32.293395917974060     
   3.8302435848979077        32.160517743260172     
   3.7782375043601153        32.028379562941559     
   3.7275678801657710        31.896966235364374     
   3.6781877341461646        31.766263608848760     
   3.6300520999237595        31.636258472620334     
   3.5831179205353729        31.506938506153748     
   3.5373439603587307        31.378292212495520     
   3.4926907141287362        31.250308876498078     
   3.4491203152431411        31.122978493196104     
   3.4065964696037194        30.996291757707592     
   3.3650843722013484        30.870239997374600     
   3.3245506279464854        30.744815099701082     
   3.2849632181439321        30.620009593498079     
   3.2462913912405043        30.495816460514192     
   3.2085056268232992        30.372229173116075     
   3.1715775805544038        30.249241671425811     
   3.1354800218523464        30.126848309981888     
   3.1001867846272990        30.005043833324184     
   3.0656727191236723        29.883823349334680     
   3.0319136454890954        29.763182302011753     
   2.9988863099049965        29.643116447846182     
   2.9665683422158149        29.523621829438824     
   2.9349382148161438        29.404694742545658     
   2.9039752117357231        29.286331750005925     
   2.8736593853895602        29.168529630288365     
   2.8439715344697567        29.051285398972546     
   2.8148931405646738        28.934596161486720     
   2.7864063819109748        28.818459294916408     
   2.7584940753953222        28.702872300679591     
   2.7311396560477310        28.587832821118909     
   2.7043271507838402        28.473338627370534     
   2.6780411531850405        28.359387605962457     
   2.6522667999503295        28.245977746875099     
   2.6269897483434645        28.133107132728441     
   2.6021961545975287        28.020773929030874     
   2.5778726530364962        27.908976371620703     
   2.5540063367478387        27.797712759717168     
   2.5305847388875531        27.686981446602658     
   2.5075958133071792        27.576780825453067     
   2.4850279234328210        27.467109345561020     
   2.4628698189666727        27.357965476473705     
   2.4411106228679689        27.249347712130184     
   2.4197398179648157        27.141254567983069     
   2.3987472322968015        27.033684576249275     
   2.3781230252860786        26.926636277444583     
   2.3578576749309370        26.820108216513560     
   2.3379419648277526        26.714098934698313     
   2.3183669745838058        26.608606975009994     
   2.2991240670980337        26.503630871982413     
   2.2802048786251818        26.399169152419738     
   2.2616013089238343        26.295220333928192     
   2.2433055094398306        26.191782913746849     
   2.2253098751839588        26.088855371304682     
   2.2076070360399820        25.986436167080853     
   2.1901898480270336        25.884523740763743     
   2.1730513849763500        25.783116508764014     
   2.1561849307280356        25.682212863267257     
   2.1395839715210152        25.581811170468210     
   2.1232421894730180        25.481909773698501     
   2.1071534529100262        25.382506979164820     
   2.0913118143356293        25.283601076994724     
   2.0757115005165905        25.185190323533490     
   2.0603469079217076        25.087272948357615     
   2.0452125963548702        24.989847153720518     
   2.0303032822347804        24.892911106063032     
   2.0156138356268292        24.796462950057204     
   2.0011392732576292        24.700500798931657     
   1.9868747541349361        24.605022737985735     
   1.9728155747329290        24.510026824728698     
   1.9589571641559820        24.415511087765623     
   1.9452950782249410        24.321473518409917     
   1.9318250006383908        24.227912104282566     
   1.9185427327015463        24.134824790364465     
