   46.150028595471944        63.048214097669288     
   46.150011641568966        63.048205642235303     
   46.149976019296126        63.048187872231530     
   46.149908503440024        63.048154182091828     
   46.149790812991426        63.048095432782667     
   46.149599301630523        63.047999788126859     
   46.149304982586010        63.047852711469460     
   46.148873837909399        63.047637092807271     
   46.148267333088818        63.047333461179832     
   46.147443045926337        63.046920230928684     
   46.146355336730899        63.046373943883012     
   46.144955999903146        63.045669479709055     
   46.143194884648004        63.044780238446180     
   46.141020472939061        63.043678301717655     
   46.138380419572826        63.042334590053393     
   46.135222092903682        63.040719053480302     
   46.131493121225816        63.038800909326405     
   46.127141959135749        63.036548943086139     
   46.122118473752131        63.033931874914835     
   46.116374540838336        63.030918784356125     
   46.109864640947343        63.027479581350683     
   46.102546416726263        63.023585491780878     
   46.094381210905439        63.019209559233964     
   46.085334501274382        63.014327102077786     
   46.075376261736217        63.008916131264435     
   46.064481230891808        63.002957709512572     
   46.052629060300930        62.996436226454364     
   46.039804344728907        62.989339582742318     
   46.025996562960010        62.981659299652996     
   46.011199890912472        62.973390522652700     
   45.995412934265140        62.964531951578692     
   45.978638364035383        62.955085682555136     
   45.960882491106098        62.945056987341502     
   45.942154772531339        62.934454026902287     
   45.922467283649311        62.923287521082941     
   45.901834142228005        62.911570370021842     
   45.880270918454528        62.899317250489531     
   45.857794040311042        62.886544194413716     
   45.834420185633938        62.873268149454830     
   45.810165684078228        62.859506536492376     
   45.785045937531329        62.845276812102810     
   45.759074848464628        62.830596030579578     
   45.732264282004159        62.815480427746223     
   45.704623541221423        62.799945008142238     
   45.676158873823667        62.784003153820542     
   45.646872987355067        62.767666245277042     
   45.616764692201748        62.750943338307550     
   45.585828368848937        62.733840779824966     
   45.554053662690976        62.716361926303350     
   45.521425103680649        62.698506838921269     
   45.487921763498193        62.680272000240045     
   45.453516944095654        62.661650056371670     
   45.418177869207000        62.642629562846949     
   45.381865404943980        62.623194752105952     
   45.344533788149334        62.603325311279562     
   45.306130354233737        62.582996158359443     
   45.266595291069912        62.562177241596515     
   45.225861387834293        62.540833338172654     
   45.183853789525536        62.518923855830721     
   45.140489754014553        62.496402640026361     
   45.095678414869809        62.473217787566391     
   45.049320536020886        62.449311450427665     
   45.001308290638697        62.424619663280978     
   44.951525028373915        62.399072158012046     
   44.899845069039451        62.372592196527748     
   44.846133502930591        62.345096404826691     
   44.790246033081374        62.316494633107659     
   44.732028859066581        62.286689839506145     
   44.671318610960149        62.255578000135451     
   44.607942364115232        62.223048067065271     
   44.541717760312842        62.188981988154559     
   44.472453259599909        62.153254805171251     
   44.399948541620766        62.115734838955611     
   44.323995116897208        62.076284003474001     
   44.244377134086136        62.034758240023869     
   44.160872465284754        61.991008121396824     
   44.073254057269700        61.944879627136011     
   43.981291554782480        61.896215091811875     
   43.884753224696517        61.844854356078606     
   43.783408078500990        61.790636046760007     
   43.677028233534713        61.733399044001352     
   43.565391330254400        61.672983995219425     
   43.448282954050036        61.609234877030090     
   43.325498884988740        61.542000483557480     
   43.196847053053659        61.471135770054630     
   43.062149035982074        61.396502952095680     
   42.921240997374660        61.317972290939366     
   42.773973986258902        61.235422504096519     
   42.620213535304110        61.148740762780008     
   42.459838643069190        61.057822303850841     
   42.292740192291120        60.962569686638723     
   42.118818927911683        60.862891759185231     
   41.937983175548013        60.758702433812502     
   41.750146436895342        60.649919354393766     
   41.555225896369436        60.536463080888360     
   41.353136856644767        60.418253794908559     
   41.143795410036674        60.295212919249806     
   40.927113866016398        60.167260380526457     
   40.703000042812413        60.034314168677348     
   40.471356207124963        59.896289680718780     
   40.232078316205779        59.753099241892599     
   39.985055538171366        59.604651795671465     
   39.730169996947097        59.450852734261858     
   39.467296735475635        59.291603867793171     
   39.196303842866705        59.126803500571825     
   38.917052746610871        58.956346620340767     
   38.629398619984826        58.780125167445668     
   38.333190928542102        58.598028400448761     
   38.028274081418225        58.409943339499321     
   37.714488214041950        58.215755301102583     
   37.391670082131654        58.015348516371098     
   37.059654111405493        57.808606851393165     
   36.718273598830216        57.595414636671720     
   36.367362078482905        57.375657605450300     
   36.006754927676106        57.149223988430521     
   35.636291186592672        56.916005749224482     
   35.255815592894216        56.675899938765298     
   34.865181038292306        56.428810341933954     
   34.464251240688796        56.174649218010202     
   34.052903843156891        55.913339312417968     
   33.631033877553037        55.644816065765880     
   33.198557676707253        55.369030078774962     
   32.755417181258302        55.085949778820257     
   32.301584713924413        54.795564330487274     
   31.837068157246755        54.497886732707478     
   31.361916494328568        54.192957066789575     
   30.876225679149226        53.880845861699846     
   30.380144726390164        53.561657498224868     
   29.873881865671212        53.235533541516524     
   29.357710639841077        52.902655922359592     
   28.831975735385829        52.563249837847245     
   28.297098329778677        52.217586236901518     
   27.753580719692035        51.865983764495247     
   27.202009986155520        51.508810032328107     
   26.643060449704510        51.146482101674124     
   26.077494665680366        50.779466065292510     
   25.506162770550372        50.408275674066459     
   24.929996581210730        50.033467756991520     
   24.350018623454464        49.655647444316180     
   23.767314791649280        49.275450382701109     
   23.183039257714782        48.893545938865977     
   22.598400267639114        48.510628629154290     
   22.014646491097942        48.127410138713969     
   21.433052417177105        47.744611280662028     
   20.854901848799685        47.362953007539495     
   20.281470496728470        46.983147145832639     
   19.714008087540901        46.605887025215267     
   19.153720710202311        46.231838362754900     
   18.601753994723758        45.861630679463730     
   18.059177844403180        45.495849623350409     
   17.526972943809255        45.135030165275950     
   17.006020343693965        44.779651641621896     
   16.497093277515454        44.430133762799720     
   16.000852197908259        44.086834409583417     
   15.517842678785644        43.750048894471419     
   15.048496047308600        43.420010634549158     
   14.593132472945983        43.096893085710228     
   14.151966135279507        42.780812740367629     
   13.725112052580045        42.471832969053544     
   13.312594159475820        42.169968493613247     
   12.914354165912100        41.875190236477913     
   12.530260891517621        41.587430404118656     
   12.160119670884688        41.306587578247552     
   11.803681591093973        41.032531691867362     
   11.460652372801734        40.765108817986423     
   11.130700674665773        40.504145618130281     
   10.813465748995899        40.249453440112440     
   10.508564393707916        40.000832034216430     
   10.215597151070344        39.758072858815368     
   9.9341537780446671        39.520961995431250     
   9.6638179856424404        39.289282666359277     
   9.4041715120395182        39.062817396364458     
   9.1547975588284363        38.841349834205687     
   8.9152821006334957        38.624664947052054     
   8.6852226563483494        38.412555670977149     
   8.4642202930228159        38.204815605376950     
   8.2518878671933802        38.001245431808428     
   8.0478495081300707        37.801652132245536     
   7.8517413952603832        37.605849364969757     
   7.6632123665974206        37.413657781564865     
   7.4819242591754849        37.224905163107330     
   7.3075522691260355        37.039426749672309     
   7.1397847381066359        36.857064884244110     
   6.9783232473002634        36.677669204080971     
   6.8228824083766781        36.501096484667862     
   6.6731896045483232        36.327210488391167     
   6.5289846757614640        36.155881787103304     
   6.3900195640641089        35.986987565696701     
   6.2560579031602108        35.820411387735724     
   6.1268746215735952        35.656042983080745     
   6.0022554941230934        35.493777994442176     
   5.8819967093914363        35.333517741974219     
   5.7659044209676358        35.175168974561799     
   5.6537943072856240        35.018643627659522     
   5.5454911340957871        34.863858581122564     
   5.4408283275257237        34.710735425132022     
   5.3396475556410072        34.559200227550413     
   5.2417983249046296        34.409183312582265     
   5.1471375898601615        34.260619045130440     
   5.0555293771315650        34.113445623264781     
   4.9668444205526097        33.967604873298967     
   4.8809598232082019        33.823042068702541     
   4.7977587166596107        33.679705732738618     
   4.7171299557497157        33.537547476794110     
   4.6389678074016816        33.396521816656431     
   4.5631716796515986        33.256586037401512     
   4.4896458355613724        33.117700011806178     
   4.4182991484328147        32.979826084474908     
   4.3490448627700768        32.842928947773245     
   4.2818003226111747        32.706975404172489     
   4.2164868160380538        32.571934408325461     
   4.1530293287917912        32.437776842503716     
   4.0913563492418703        32.304475421095091     
   4.0313996912187955        32.172004591232955     
   3.9730943332448545        32.040340461596806     
   3.9163782165516592        31.909460641498313     
   3.8611921405597860        31.779344243712899     
   3.8074795653645581        31.649971708763097     
   3.7551865101773001        31.521324791340174     
   3.7042614069903950        31.393386458035589     
   3.6546549648837665        31.266140791901567     
   3.6063200782968883        31.139572977443123     
   3.5592117005920700        31.013669195238744     
   3.5132867379972450        30.888416566435474     
   3.4685039633236445        30.763803116943155     
   3.4248239131190852        30.639817701629905     
   3.3822087997513246        30.516449952615218     
   3.3406224331242576        30.393690241060238     
   3.3000301411189072        30.271529629868159     
   3.2603986930111217        30.149959821806572     
   3.2216962311995165        30.028973124469317     
   3.1838922035563413        29.908562406762766     
   3.1469573013440524        29.788721063275521     
   3.1108633982937022        29.669442974110773     
   3.0755835016226030        29.550722494183898     
   3.0410916880057113        29.432554388216388     
   3.0073630594498302        29.314933820467154     
   2.9743736951608604        29.197856323724682     
   2.9421006018531668        29.081317756872430     
   2.9105216855819167        28.965314337416615     
   2.8796156897443366        28.849842532495799     
   2.8493621707140342        28.734899092049691     
   2.8197414579005478        28.620481013927364     
   2.7907346190825564        28.506585523630239     
   2.7623234273385133        28.393210054935938     
   2.7344903303663273        28.280352232233724     
   2.7072184221347118        28.168009859580948     
   2.6804914109272691        28.056180893224333     
   2.6542935957617324        27.944863434076641     
   2.6286098402373383        27.834055712477515     
   2.6034255484704985        27.723756075492073     
   2.5787266418225516        27.613962972812303     
   2.5544995374755777        27.504674946803728     
   2.5307311277980902        27.395890622171102     
   2.5074087598335937        27.287608693002568     
   2.4845202147967411        27.179827906104652     
   2.4620536960071249        27.072547075651585     
   2.4399978079977322        26.965765058630101     
   2.4183415390821277        26.859480746004440     
   2.3970742468355426        26.753693055382634     
   2.3761856422221030        26.648400921927919     
   2.3556657785793940        26.543603303235368     
   2.3355050354225351        26.439299163089792     
   2.3156941065916636        26.335487470775753     
   2.2962239913964893        26.232167209594227     
   2.2770859768527867        26.129337347863235     
   2.2582716301859467        26.026996849732861     
   2.2397727831921648        25.925144645401776     
   2.2215815355470556        25.823779705573376     
   2.2036902260565827        25.722900926454447     
   2.1860914354018313        25.622507198867986     
   2.1687779771414126        25.522597401217588     
   2.1517428843175463        25.423170374338518     
   2.1349794044358394        25.324224935771273     
   2.1184809931210022        25.225759883392339     
   2.1022413017577559        25.127773972034177     
   2.0862541739342246        25.030265928138910     
   2.0705136377101669        24.933234445258705     
   2.0550138989519899        24.836678182420474     
   2.0397493359447583        24.740595768874641     
