   372.446578656305589986454753182480519      
   509.477812201011444836837394293043692      
   674.631590745169485040647107617218144      
   868.054612953145653831822355162041759      
   1089.09223707503614714887876171115257      
   1336.55748792229246208031323550201674      
   1609.16319108347253106632332592323590      
   1906.17230533057101403040268530898467      
   2228.03305132395477457600449473344959      
   2577.08969155196659437749716937191439      
   2958.25015320442567621801231883842109      
   3379.52373709018657963365839450298321      
   3852.51843302949052130941894253130385      
   4392.66611487930885719434533572423400      
   5019.41376213461667203233879117086881      
   5756.11771299306465932284011983716137      
   6629.95999582142204471095788378981950      
   7671.67407714232957741704255255798361      
   8915.28726202404605856082593517338713      
   10397.7566374518793903557507236531816      
   12158.7842287986800433571036975386417      
   14240.4728450991083936403170437879718      
   16687.2289865899493648842651797649587      
   19545.6659699872820216299162752933655      
   22864.5679855674024091809633115711725      
   26695.0824941416455414476845248021231      
   31090.8659480595023606098309587993035      
   36108.4289293588981580272763553643842      
   41807.5425506556706653294048800215580      
   48251.7947609344210017961468381767807      
   55509.2312259241846402920841162763972      
   63652.7099490047415301760991618237146      
   72760.9063250524894487609800086270596      
   82919.3040685111251462402531702136944      
   94220.3861283913605359850203957714156      
   106764.823355962307388719650317964881      
   120661.662310996151797326205259533873      
   136029.481295409758393104941321904469      
   152996.431143048293994767797750359357      
   171700.181871250118466748328403292512      
   192288.730873493956706855768579740066      
   214919.434750833584308152304762572023      
   239758.574457862569182210083020378569      
   266980.884578413379448384637325297911      
   296768.926559114513477570449441352941      
   329310.796571952681921109640398064501      
   364799.760517085154490119527817195398      
   403433.155496802328673923157706464115      
   445409.448151310133757640590035831833      
   490928.660040951665574506901471741590      
   540190.366895386187497994903026618194      
   593392.816827890226680070042147753054      
   650732.324356392834662660637901946641      
   712401.761665452398740095229073326231      
   778592.141156358209403573983574577551      
   849490.706207726916330249720571326931      
   925282.657386724820992837340249324713      
   1006151.66990372518742532768846228167      
   1092284.81200931137915941784982620065      
   1183875.41601312654316648705607612754      
   1281106.04500571766764951370270918519      
   1384082.12156666969281986412767156430      
   1492831.63513321159451579731130030794      
   1607505.09668168367516485952530280514      
   1728470.66064008553087998262911766428      
   1856182.41369282740263933577713409439      
   1990993.02469270904587042384017213900      
   2133078.99184060761900720605986333702      
   2282496.26623238573017431540033199749      
   2439171.23944185712548612220397646423      
   2602968.49921909822368434456952281326      
   2773842.47932182320242520105483429664      
   2951821.37757812790686568567425296064      
   3137070.46441043039189491628960936699      
   3330145.01665499397199695069356250570      
   3532060.98041383935745255437968949204      
   3744064.09334877039344351512735522775      
   3967751.34189893512868458469802492286      
   4205111.81923475466148667461594513908      
   4458003.31818684678093183945235116350      
   4727920.18978538338158880607254973147      
   5016018.18008507099570725426650652927      
   5322889.43134364587871896515187688511      
   5648226.08839358732078757041336890199      
   5990865.57894621000263140593116453264      
   6349180.17621076222877207857015672363      
   6721033.94399279182252858021579417628      
   7103885.62885245618311013038137596190      
   7495333.08018014008816279436955778627      
   7893352.30829027869431104235977332412      
   8296334.10456277364547478916842863913      
   8703276.59541371036314002070794552845      
   9113877.08262868260454576991540138109      
   9528337.74552346696916560619927043901      
   9947207.44472363592327865612044794206      
   10371250.3515893806176430787219207084      
   10801271.3551540691723611712170686701      
   11238070.9641190382024335629213762641      
   11682487.0949271110566786410833215799      
   12135362.5887918406896433518407945560      
   12597379.2273537631300321542931231973      
   13068956.9699098302448227368384360487      
   13550392.0039217315020894794053287592      
   14042004.5952306857469816634152155667      
   14544164.8000209834965757282856683389      
   15057254.4341195996158840549620146501      
   15581649.2690817202913128838306308311      
   16117699.2729451817510755733123098173      
   16665732.1592561814218119617824066099      
   17226060.8687967695750744640730332761      
   17798978.3608457256577821645437871120      
   18384768.8926921206751843027250161350      
   18983707.2793457451789311976278465143      
   19596063.5370981728803465393003509385      
   20222101.9025346563992089439969695767      
   20862078.4420193654324732037310928609      
   21516249.6237571184164547051224714310      
   22184866.8631124381034030206647481934      
   22868174.7306256762323248953530072078      
   23566420.2406398653383387893586875167      
   24279844.9575179235053429706834474094      
   25008689.2996650093821766011229357271      
   25753191.1139884785729106083003991208      
   26513587.9689437034890516455289013315      
   27290114.0285567028380319679715376619      
   28083003.3439186363343355663326857202      
   28892488.6431056458926182703696178572      
   29718799.8704866351573276657748629013      
   30562167.6515452192334715668512674842      
   31422820.8320001398903556494844852002      
   32300988.4928671467970195596635890931      
   33196897.6872212699630992176141333032      
   34110774.6028634368211626001881793051      
   35042845.3545094308314748973679980998      
   35993334.7118373048224298418483506777      
   36962466.6893662752015795766197393103      
   37950465.2750132467326760015392439648      
   38957552.9736487650842299989347648489      
   39983952.1129302035287029872803109206      
   41029884.3110602242874424034192166179      
   42095570.0372337276753806329650689337      
   43181230.3199182655181709234603794632      
   44287084.2228064758122898756032249758      
   45413350.8762671353858161511574964698      
   46560249.4539955887846680098799167872      
   47727996.9293870907154107066675112120      
   48916811.1398654070833555893428809806      
   50126908.7364081546927011773284341162      
   51358505.8763261548703351235119346827      
   52611818.4014296775807476965774679834      
   53887061.0521838430021706193173185319      
   55184448.8357879568119348664602568843      
   56504195.7251642602748088569554175025      
   57846514.8780879096894876935587553225      
   59211619.7611434827196323816922194230      
   60599723.1118233853451327323277930893      
   62011036.2636834061642111637434262510      
   63445771.2610261139686680073466098292      
   64904139.1318441295770283685053866954      
   66386350.4362022100445118763159053028      
   67892615.5113705910813974691152988066      
   69423144.0101345414402763801636523692      
   70978145.2358139922480015028700069361      
   72557828.1143078396241058650207167002      
   74162400.7580098034486301118843274520      
   75792071.3287151901150417122121287059      
   77447047.6148434057915899056590181212      
   79127536.4972794220243791422094837142      
   80833745.1291605934231924692103243854      
   82565879.7893967969183472376491919115      
   84324146.4557927443994160362346413294      
   86108751.1654864574171131155977334668      
   87919899.2626443583434205127432748260      
   89757795.5535452515778728213185321176      
   91622645.2009097462910651832072874109      
   93514652.1738545659636094980621276405      
   95434020.6510834952968567843402203336      
   97380954.6365942046393954558727270694      
   99355657.2289388229431024035547446835      
   101358331.347162845521617653763656316      
   103389180.201274594606501960754317495      
   105448406.120156156736294992415609808      
   107536211.327222180856042942672569195      
   109652797.849933709096047990976411943      
   111798367.477272213049104134676685133      
   113973121.703127761598586470262069234      
   116177261.743912773599189040047841243      
   118410988.596260380625422550638074429      
   120674502.913917287434111083199814199      
   122968005.400652335751742465121773361      
   125291696.024420327023551402146673662      
   127645775.058868479009780678317486304      
   130030442.435170752799025114014352268      
   132445897.194153518313181649016434735      
   134892339.409790944017717261222373707      
   137369968.048396300344400548075696948      
   139878982.010473888325701164383879489      
   142419580.686133954529238329190799572      
   144991961.954670641410756790348931106      
   147596324.350509022976416041845636768      
   150232866.923661336658998716530041581      
   152901786.737702385555949375847351844      
   155603282.049495035664897695125096961      
   158337551.431234853315256796560358711      
   161104790.709040171076878795790604527      
   163905197.855460001193945871517737791      
   166738970.935584424867258971333594868      
   169606306.745763031130183872887650480      
   172507401.517475043312902068765168282      
   175442451.815026622229034854889972392      
   178411655.648817847164524389523199089      
   181415208.617758973318315107317601789      
   184453305.744081128224815478709586381      
   187526145.323823275464341892817264545      
   190633922.650320280449070793424963375      
   193776832.569363127478698006422576018      
   196955072.088461835439456956738315818      
   200168837.863178198774000196106609784      
   203418322.837144948507612756626991901      
   206703722.548987414761404386025333849      
   210025234.768691103020763130994052947      
   213383052.471582583300493330464467642      
   216777370.593958127637250058230884936      
   220208384.109905374739629706694227424      
   223676287.870551837742778658480460564      
   227181277.216704955056052579461156389      
   230723544.406431757976364235123551410      
   234303286.449866196775895904253309370      
   237920697.322307742382469244661645199      
   241575969.117630644827146221785839518      
   245269297.851015417479969582966408629      
   249000877.065573408297226977641553771      
   252770899.440646306312299705979116919      
   256579559.445894458498504791595705043      
   260427051.136573504960912364949273698      
   264313567.642562366105065356772582420      
   268239300.820142444221737941602679128      
   272204445.681589538309247236286256496      
   276209194.814441022751049473508644041      
   280253741.433561703646678297572867836      
   284338277.622310831056492136759447876      
   288462997.892079931349044476083052651      
   292628094.967917368521910721394835039      
   296833759.371422892083028322710686451      
   301080185.980845188711250668006747222      
   305367567.122529460049734656924091820      
   309696094.185309200698190648959462188      
   314065960.636234313806611400764327872      
   318477358.392252560022154646022918073      
   322930479.506150528276769622104533902      
   327425516.900049293478329449728478552      
   331962660.539888057357521619327804368      
   336542103.359996352554611475527985963      
   341164037.612231232991424149343167317      
   345828653.863320890505803624216292109      
   350536144.244718801459143822588482127      
   355286700.270883665123355363001230034      
   360080513.853471299828091573784426644      
   364917776.564919835840368321095392562      
   369798679.065396946362531331999703322      
   374723413.760533623867169509708527256      
   379692171.937447196210288505887741723      
   384705144.110660278137430020565912403      
   389762522.012023966032916865587408119      
   394864496.738688626224609173065905809      
   400011258.752350920812306356639620413      
   405202999.255926882294553636588924084      
   410439908.549863874472329559799570589      
   415722177.403960131393631465060930622      
   421049997.143453046642341244633553207      
   426423557.375631224214910752434733787      
   431843049.321324162402312349214353857      
   437308663.478623792244397872810677544      
   442820590.480895265442445315745467399      
   448379021.198909080946375747769479191      
   453984145.246727383606824536018068450      
   459636153.382296906535365662393641490      
   465335236.125652658734146812789216415      
   471081582.539718162914428161690909195      
   476875383.459952001153443327730121114      
