   5.07567585748677293034428141577413713E-0003
   1.03340737377252335398599247553727263E-0003
  -3.46491956157387013843081554435551424E-0003
  -7.91022474889213280151817858634953030E-0003
  -1.17964104341827951718095137195581624E-0002
  -1.46642977801536972729401711595248005E-0002
  -1.61759677547527922476931814157407567E-0002
  -1.61517488975248006616235986378665592E-0002
  -1.45891709905062588244512874574746781E-0002
  -1.16651158828042559402257328950506176E-0002
  -7.69909127272018353007465282316402153E-0003
  -3.10698974712110982297660808629412148E-0003
   1.64827037493491350595698426537214556E-0003
   6.12960914704769100769724273400089805E-0003
   9.95530354646836524885352380332554569E-0003
   1.28530668525442863458565616065337992E-0002
   1.46766565892951107055265307936433819E-0002
   1.53790645771378354722126386558852557E-0002
   1.50061697005026901358757070273578595E-0002
   1.36862194997294088428126359225413017E-0002
   1.15794252003164129281407363272630316E-0002
   8.86662985511577904771394713764154792E-0003
   5.71001270811251501119480440860415290E-0003
   2.26705279537178642478732520099810370E-0003
  -1.34270398708321958274444249709325097E-0003
  -5.00251414281886450767119699096288893E-0003
  -8.60554757561089187528692362933608588E-0003
  -1.20395084756187368758019769438216266E-0002
  -1.52447929938860308825799141372802779E-0002
  -1.79906359536016612830705661466362997E-0002
  -2.01336860758007068509286623891917769E-0002
  -2.15044574688789014918377617823508290E-0002
  -2.20461111268697293508866134560550081E-0002
  -2.14691423142518877264678426267799931E-0002
  -1.97303255973433504884711333246813292E-0002
  -1.67378146075068355390187038588105975E-0002
  -1.25690865370464924298101679507856789E-0002
  -7.28751041004210090181797165238010029E-0003
  -1.24961160256313818724395048811999111E-0003
   5.32078158430003284761675611300425376E-0003
   1.19896066435600056193993945232458321E-0002
   1.82963006702750184798426891804517574E-0002
   2.38412499348496494593945488666702756E-0002
   2.81555504697301866803535297158780056E-0002
   3.08702205205257103425693920407023628E-0002
   3.19190449904986770335879625376223578E-0002
   3.12353455749723012603870656850891305E-0002
   2.89706477482841574024760919466902493E-0002
   2.51049083684489497427444749456570284E-0002
   2.01254689898984332097798759690552613E-0002
   1.42425293090371435752141704688916395E-0002
   7.80064597618013250243691459154894393E-0003
   1.10405024081128379900122333610377043E-0003
  -5.61171078406677964979947973217281743E-0003
  -1.22522114346122035720017991877720737E-0002
  -1.83847222879618574163298731803921009E-0002
  -2.30599440710141242949610454029410302E-0002
  -2.19212160263983504742139211104988148E-0002
  -1.92179291995574789681134540446118425E-0003
   7.09502083621843962692439389890541016E-0002
  0.249627966471812234459531024578423757      
  0.530361986604740934295986011856820660      
  0.765824843746217799280934451996703534      
  0.762980387497906484532244650110505120      
  0.439074136032603244528628530152599331      
 -0.156734435377663785398937749714274397      
 -0.912504065755611039859030215238888919      
  -1.68666681131770665621516792448846337      
  -2.33399792656303003865051364021096362      
  -2.71924946305456759437149098709626825      
  -2.70309393558890754812742303709480711      
  -2.19162538892910355434001815293797910      
  -1.19215383182585934256358356916487654      
  0.211410557517586750846194853788591010      
   1.85116645239346103911152296370209911      
   3.45389292440639188879447193828135421      
   4.72764679683236986889855508835956421      
   5.44064386254733719237462836285846176      
   5.42876367813210437690172724596099954      
   4.61593622787585425765786213973036199      
   3.07793676672054768359103626937382363      
   1.04427503449223709711195550534997806      
  -1.20192669936602222259881056579002681      
  -3.34639977082201890719388341495713373      
  -5.05365264954235489494014080274507135      
  -6.05335508690386648632271629889539471      
  -6.21615897101152310322670201335492318      
  -5.54933883149281948336061460658270618      
  -4.16689552961812885571914175170825104      
  -2.31463674885729005373430688448041283      
 -0.327714059734903318571815212471809570      
   1.47596347661906093110391547783895769      
   2.83774108047727547774724663215833751      
   3.59095242309907836895685476284208371      
   3.72301768133682886531260625301343787      
   3.35444191585852204548219263972017386      
   2.66969090664430173178876581955009594      
   1.85353772244745091260014209073950503      
   1.01343828521243469474338004037355980      
  0.198216453449294236377678964732010324      
 -0.500234093583340969875544711672483520      
 -0.944975807116083360680254378216397501      
  -1.08621449613420659804790371197250265      
 -0.996473501813987416734720610638270034      
 -0.787677209138887217265200444635940859      
 -0.554910284511745442041127611444479104      
 -0.352736125229645422221344536656672957      
 -0.200976529330436821549574781456833923      
  -9.83487069313777606168253976583639084E-0002
  -3.54564528469593262013519729094413045E-0002
   7.01334257057815742816141455273740505E-0004
   1.83635104722626720838774351490568976E-0002
   2.60101391874835248047424636059429493E-0002
   2.76513346045109056359852534495231529E-0002
   2.61514614462888416576988692246776222E-0002
   2.31208729241875988954599179557509829E-0002
   1.94453970972844794676920760857540254E-0002
   1.64365041793460432318818732311864771E-0002
   1.35641794232602530353001106638473318E-0002
   1.14868974046559737559487723269356307E-0002
   9.46079896908451519786014311450200760E-0003
   7.83869548954271018880305623757323820E-0003
   6.53314804975503654699619883740451591E-0003
   5.44622350500247046470025837247277894E-0003
   4.21998324593128871260432126161556533E-0003
   3.65898476234704952066146792456217440E-0003
   2.85398132030805281653989386289371109E-0003
   2.39964774078931354042260101752645873E-0003
   2.25738159384224808753738184198767350E-0003
   2.34514825339881956526958974496941312E-0003
   2.09157074771740729186643249815352860E-0003
   1.41484266006963193785314023476569776E-0003
   1.22731535441150188801050645966538455E-0003
   1.01884910326153966678695190932114589E-0003
   8.27035178614115217046944045714524485E-0004
   6.62838812547683119200684979284297312E-0004
   5.56073089124174857548177362641175362E-0004
   4.64578026835114881382356154296461957E-0004
   3.79742147950707092665843910682175949E-0004
   3.66128917804372206297510821046814920E-0004
   3.36588265904667229983557991019169033E-0004
   3.35637484302627976264977042072813101E-0004
   3.09813347758109072759412024553300031E-0004
   1.55454622828030407855622880896224998E-0004
   1.13709933773726751489931587305643352E-0004
   1.72123003816769311895688906399056332E-0004
   3.32845986163994107416559607858245322E-0005
   8.10112490066963588797779797391867135E-0005
   4.63156310501837798866393774551211508E-0005
   5.20002136808805678518076097870840779E-0005
   1.53812774284705414856899526884784358E-0005
   6.80590127006331559521769637440574926E-0005
  -2.66674211463590617980895841419480802E-0005
  -1.19928171427352080889084223562338579E-0005
   2.25098099115475913461926174190701605E-0005
   6.28332380418689849132270992378481982E-0005
   3.41031300178287996211455502647127538E-0005
   9.57207819099256828952502656696777547E-0005
   3.99888267271984006384223960217854620E-0005
   2.62228186454177117824632452013402292E-0005
  -2.38413028217864228258473135254106762E-0005
  -5.87270962204700969650299502041630775E-0005
  -1.27078780750746066007006554709809932E-0004
  -9.76228307299703597434114291448155808E-0005
  -1.15934144075879961307538431133024853E-0004
  -5.56753896866556382503399890182898174E-0005
  -5.52691767846275362121305649236216600E-0005
  -1.03586378161833233899827862752916617E-0005
   1.79591244630116682003636371545280931E-0005
   6.13128339168335502974218285606441641E-0005
   1.04550814928870287637479497385954727E-0004
   1.23648392351933549383311921905547293E-0004
   1.20041301006269003948397739946019430E-0004
   6.47843481081057157019842335287414108E-0005
   3.53291273156836024787452289095864708E-0005
  -2.41829943373920685276773494052409683E-0005
  -9.31404640740365195770417019843475466E-0005
  -1.14770395745680358452929247456125906E-0004
  -7.24465153387776750678308834990164668E-0005
  -1.06773192777014606849374760374551172E-0004
  -3.65793212581872410167224016809019473E-0005
   8.18541102885923807192539836298048369E-0006
  -1.59557266037242520095662697344384155E-0005
   5.33163417433408443041047565863592789E-0005
   5.27454557888119195493389521685079720E-0005
   1.41740732030018761161556221540785045E-0005
   2.80755805935558052532671433440902432E-0005
   5.34051225181416704965064405232798476E-0005
  -8.74830130158027452610859193948597787E-0005
  -9.03841747972561862357984320342105913E-0005
  -3.65884398593695980855970776994442868E-0005
  -1.30676627233651355070579152479527205E-0006
   3.29171498442114988182654801846378926E-0005
   1.54024843565715533758616347689328240E-0004
   8.67566420099928586683533871177273107E-0005
  -3.07093954412688692975938283907000207E-0005
   4.71563426456334850884889470039500196E-0005
   1.17960523669248592781885408847531748E-0004
   1.35335864693452762201939229138127958E-0005
  -3.85293179570590867712918210004103208E-0006
  -1.78388413525376546332431648545202053E-0005
  -1.81362651584964580713305230427261670E-0004
  -7.37818312815291557174848537810737225E-0005
   1.44855935088041543774768303674798569E-0004
   2.73348550145832954489812736716944264E-0005
  -1.26018148319074752922462861767734062E-0004
  -5.27770626586778461679144007740488550E-0005
  -4.53949565908014324182451802936399758E-0005
  -1.68694888786937537252511406992202151E-0004
   7.30053303318582831516856653294712870E-0005
  -1.34693677323844120800206725711405990E-0005
   1.37717568901174028912372049722085725E-0004
   2.34037145684112447262917273028355170E-0004
   3.00060364026405156068561910918645175E-0004
   1.36734298159275772588902798607981537E-0004
   5.37301992540378590990962846735053815E-0005
  -4.53045928452488822448263584685278757E-0005
   1.21676882285775691822632839774544301E-0005
  -3.45865291214402879061822003861420127E-0005
  -4.50693906903849997739900974079113220E-0004
  -3.20232889527148002255920237404550316E-0004
  -2.28651469018691218411895997136197827E-0004
  -2.15076275067426817821141878544929920E-0005
   1.73528382963619429306569996870283285E-0004
   3.57227682300590471268946382189389809E-0004
   1.88060833963569440884541260155214742E-0004
   1.75798819941857110392721378996401451E-0004
   1.64603380133578368547224712971691407E-0004
   2.33484157092662441560204091533229658E-0004
  -7.53003572919650763387191259764759912E-0005
  -1.67616058370494592331274379630169670E-0004
  -2.16509395310998485492743817231025927E-0004
  -1.26850449420305958290462045842715967E-0004
   8.92108229021866997844557771364128854E-0006
  -8.07564183702222286072247092405694351E-0006
  -2.29942233406657394687933195000928348E-0004
  -1.08688494597217047920157737964094831E-0004
  -1.10671617742176046908778026019786438E-0004
   1.06586760306092896462626741065568051E-0004
   3.70089040720379205403767608338383512E-0005
   2.61021309460080350931359159353140605E-0004
   2.28275378455497006610389309099034893E-0004
   1.69235821585373717729066668768864962E-0004
   2.71943528340353491054368079019379417E-0004
   3.66103176331634547646545087528627111E-0004
   3.50851732905816543359844208954483490E-0004
   5.98578743486140423640942495421622795E-0005
  -1.83994617413135847545755982507329940E-0004
  -2.65186800773387370009348580358324073E-0004
  -4.43236692684614520976472135856149764E-0004
  -6.04145302795696082397576657243919939E-0004
  -4.07903434035756811498026357108069863E-0004
  -2.31042768434886579999449747634994426E-0004
  -6.50461303147762067610814627844555042E-0005
   1.88757959554357887725921820948696122E-0004
   1.66654771245064178899949715117285688E-0005
   1.31850198549814633617658260697095933E-0004
   2.99035540778565422077862889020221758E-0004
   4.59285696274702356672533122538946716E-0004
   4.33715959286777178532247346411728269E-0004
   4.18408422681803279236717145964520282E-0004
   2.49907401034090998145800750357008302E-0004
  -3.79314216573498465081571066945373459E-0005
  -2.38831372322386140498895256016517295E-0004
  -2.81046340916691731643019282827010078E-0004
  -5.54574946807353756190943920000713453E-0004
  -4.95986060994876699251155855658251798E-0004
  -3.44671219901474436011227719032742149E-0004
  -1.17302699631546600633903333728758023E-0004
   1.00680809977764804208924568560264127E-0004
   3.64621507083411511471343705511629474E-0004
   2.71847383183737103374232529525274563E-0004
   4.16699526649073209938350604603248393E-0004
   2.58028176462547268526894930074897122E-0004
   3.66325863952941412284501502233489147E-0005
  -2.24622012084305261002507218567832003E-0004
  -2.31508765607021864288548845767587166E-0004
  -2.03062244714767199628173009320555802E-0004
  -1.08640882548645072642045323302155170E-0004
  -6.26830600283421701166699026329994853E-0005
