   44683916750.1944037185771843437186293      
   44683914837.2272447703765171406786100      
   44683912599.2217819639606181534959858      
   44683910024.6821886630139488435414043      
   44683907106.9916865777864803979646393      
   44683903843.3254508301998306322512170      
   44683900232.9292100727417617544806669      
   44683896274.8659892170073020123756811      
   44683891965.4583440166801027524244370      
   44683887295.6016791027813170266356655      
   44683882247.8062445555533570676137346      
   44683876793.4529463590953731195245980      
   44683870889.9920441881388019799663405      
   44683864478.5971580370734879489920614      
   44683857481.8724078814657042235067252      
   44683849801.8906829071702669671583226      
   44683841318.6725582707842632944440468      
   44683831888.8311805630402467415738289      
   44683821344.4193623378699307598288228      
   44683809492.1720025055697493333738110      
   44683796112.6837671179283646871232193      
   44683780960.2812957416557939516311858      
   44683763761.9450136964969000540301751      
   44683744217.5664402500200529245871015      
   44683721999.1040358887877569129379290      
   44683696750.3785732775705818937365628      
   44683668086.3453216087132676301440753      
   44683635592.4947115980107653185930789      
   44683598823.9658731347658610575425089      
   44683557304.4771292272184621529358478      
   44683510525.0419986380649288525309537      
   44683457942.4448674652253392845178446      
   44683398977.2930302900239294277323867      
   44683333011.8221656495741320721232211      
   44683259387.4890561369786342973274123      
   44683177401.8550750561314545817258478      
   44683086305.4420084375964477118043064      
   44682985297.7043022354647140972848988      
   44682873523.0276505502716076289374759      
   44682750065.7766670684769824338924001      
   44682613944.9880069311953653821243195      
   44682464108.4076243603066481903124809      
   44682299426.0030578885175571438177965      
   44682118682.6040141712249377807938153      
   44681920569.9077116462217882126931908      
   44681703677.8388379802097731043650277      
   44681466484.7566354613381988709745077      
   44681207347.0798038733970755704840144      
   44680924487.8065084502722961759932216      
   44680615984.1216947976126657252936279      
   44680279756.1778199310243897814599277      
   44679913544.0598060315680941266861989      
   44679514904.0662606280593834014511194      
   44679081184.4059167009331119919024541      
   44678609508.9394329083660802475376146      
   44678096757.8710674848132824648552069      
   44677539547.6207428562554210423552019      
   44676934209.2137823039606351997723046      
   44676276765.6745459857432469779260262      
   44675562908.7511920785413922755655193      
   44674787974.5038070596719576104941866      
   44673946918.5526617339831115611456156      
   44673034290.9515673986185261113609424      
   44672044211.0402451810428538089282731      
   44670970342.8484560162974814375985771      
   44669805871.1459746178206540667837965      
   44668543478.9410734678072679135367956      
   44667175326.7506406291165935804712128      
   44665693034.2682061329143389973117390      
   44664087664.7583336711137565147881742      
   44662349713.0375541395764370976347606      
   44660469096.5761466117981534861820511      
   44658435151.0598012309789687200099207      
   44656236628.8954897762807373083076227      
   44653861703.1009821352414298549496200      
   44651297973.8304992983218823894398728      
   44648532477.7263556247325783424841640      
   44645551700.1669873409133739358894726      
   44642341589.2679189773707092391897954      
   44638887570.1381562526576314953889276      
   44635174557.1720721754703865659562657      
   44631186991.5463959864291468141715108      
   44626908771.4174605071194138973676473      
   44622323383.4123658298209465284112393      
   44617413772.4059099012084349754558184      
   44612162329.7911944986032103017065286      
   44606550708.2552928913505748856581271      
   44600559381.5977008509019796466617321      
   44594166678.4490005500150795658463644      
   44587347428.1832160489459756408368152      
   44580072255.8528793832538402308230922      
   44572309758.7388126927372002528768484      
   44564029211.7967286776307573396233741      
   44555200627.9916274467177666570633633      
   44545794379.3961924979856747903440107      
   44535782502.1914300045014982299421273      
   44525140637.0029931172430116389846025      
   44513849131.9076760163729458827068717      
   44501892893.7010411740452066153315648      
   44489260347.7620077389031003582721598      
   44475942020.9489670213432060410250525      
   44461929422.8712870580512140838567649      
   44447214059.1621108943228839650236155      
   44431786880.7477277470678386497870983      
   44415637976.8594173710846368924420715      
   44398756448.1738180266673990248705644      
   44381130411.0482413781963047369725079      
   44362746969.2594341709367607112559466      
   44343592410.1353061383770226563331417      
   44323652197.8602087367676024801965639      
   44302911078.0312407190213541614978822      
   44281353150.3540918434177199539256447      
   44258961931.8499098359579106211803124      
   44235720411.6247734695508347127397271      
   44211611096.9596519112225518784609881      
   44186616052.6617418129763979972446960      
   44160716934.3052826840816098421308098      
   44133895016.2848317651008696474534085      
   44106131215.8976005402815287265199142      
   44077406113.5314794200335481998990835      
   44047699970.2648647688210378568844507      
   44016992742.8059380741609133586673054      
   43985264095.8768607785393295373230017      
   43952493413.9305027881009068457845484      
   43918659810.0547832616858445440676264      
   43883742134.2257573943460266808482191      
   43847718980.8515782959262131443422402      
   43810568694.2970907569595570168566599      
   43772269374.9984072694448117060481382      
   43732798883.2567120778754084479342451      
   43692134844.3358980454487168069439847      
   43650254651.9776877931857041894113043      
   43607135471.4508268509700933638289706      
   43562754242.9592398215727264613919670      
   43517087683.8310827418181816141204749      
   43470112291.3819229736786189413539706      
   43421804344.6097536978533104200514166      
   43372139906.7768739752133142721657022      
   43321094826.8697329570505575508506050      
   43268644741.4072405073157171705995902      
   43214765075.9830884639870026393778015      
   43159431046.7938356057394267162066185      
   43102617661.9000394598525434108829855      
   43044299753.6020064044201080143610206      
   42984451853.6589379346937444647507324      
   42923048385.5530904210997448318515799      
   42860063536.8757107566953776314760494      
   42795471292.0095642603723199570124542      
   42729245433.8637274223343284622687200      
   42661359544.9898201248612616972158543      
   42591787009.0213258823035025594972268      
   42520501005.0853990531144923917010781      
   42447474521.3831513597027631514726095      
   42372680340.7732901885842463116478593      
   42296091055.0253238409879419405234614      
   42217679054.3286535606220492473015896      
   42137416533.4327857491135673400605815      
   42055275495.8785116845810896675002360      
   41971227744.6209624115766113601663086      
   41885244888.1290824661996972590261158      
   41797298344.0166849738768298121630919      
   41707359335.7093862164967926426015322      
   41615398890.6824010770547644291341391      
   41521387840.9050929718173248887206746      
   41425296832.2225179565049334287995813      
   41327096309.4573862532260677264443204      
   41226756535.0146914765970896496400857      
   41124247570.8424475915046671642399266      
   41019539290.5105274627273027890013753      
   40912601377.5164637907838839000658768      
   40803403320.6920807283957659123615535      
   40691914420.4472221077835004332850423      
   40578103783.3791036746941904893687634      
   40461940321.7432724068643097734390039      
   40343392774.0142605306248170462176989      
   40222429670.5133760013923065093180825      
   40099019356.8141690200239816490576880      
   39973129988.3757664653130138669218821      
   39844729530.2701086950866406872161210      
   39713785758.0916895555856356262208084      
   39580266257.3729153450950060340318860      
   39444138421.9728839723323452720129559      
   39305369458.1450340410979345790167088      
   39163926381.2595429912221876991225567      
   39019776018.2408814019899350423417664      
   38872885003.6077720493085606881008718      
   38723219785.1252555647199880001284659      
   38570746619.3264110751609224142469693      
   38415431573.7525028122383427052872554      
   38257240524.4032357932143509389233561      
   38096139160.6990118812423063437516192      
   37932092981.8424777947082445346746825      
   37765067295.8736601820337309779548355      
   37595027224.0399527674097815620911130      
   37421937691.9735628156463015845364758      
   37245763445.6417876991559588101325359      
   37066469035.4138572262252734931257225      
   36884018817.2096269638693568757325579      
   36698376970.5913356409375888507196207      
   36509507476.1315512133970380807346513      
   36317374127.4427980383694617654640860      
   36121940526.9192004584017886554899114      
   35923170086.1708368503122188522341803      
   35721026032.7470344442037538755310576      
   35515471401.7732653339321595504157408      
   35306469038.5814271664478395535608012      
   35093981599.1310888649958019763099699      
   34877971549.6534421481341953120762067      
   34658401167.1850771040477553966486599      
   34435232539.1236036575679177833441953      
   34208427563.1864128470191702835580044      
   33977947947.1207668540046342659562128      
   33743755209.6734355530684532261388252      
   33505810679.4246880630370865932547206      
   33264075495.5325484953914717833235721      
   33018510607.6521224808563233308305230      
   32769076771.8764789802334732814489535      
   32515734564.5260469766089517723709042      
   32258444363.3458536537854843938004108      
   31997166362.4440465407678791977209530      
   31731860555.5805600313249254226370306      
   31462486759.8969881925407568880881831      
   31189004595.2705756052716211426370500      
   30911373496.4647538534603848705317564      
   30629552701.2964504589337854171639396      
   30343501265.0732865499675880786298323      
   30053178050.4582889180293643100184739      
   29758541732.4932597068498245457105702      
   29459550793.1485336328413187910097551      
   29156163526.1423623359264489448270898      
   28848338038.9827905115190222235208750      
   28536032242.5617376260555825126066025      
   28219203863.5506525930720422735397720      
   27897810436.5903610673504780072604492      
   27571809308.6406792824119525136598183      
   27241157635.4300468133805602027977313      
   26905812384.1476539103990989872349133      
   26565730332.3048075529855924872863852      
   26220868068.7880706472206726043712828      
   25871181986.1837690012259050334456590      
   25516628298.9961872613500716039463293      
   25157163021.7620311092228470944574025      
   24792741990.2058740310200364206197943      
   24423320843.9809102871500650520629946      
   24048855034.2161697557799234552912018      
   23669299824.3802182701147401779178242      
   23284610278.1006858200426569974339436      
   22894741282.6675371076884074864150406      
   22499647527.7452089883294287622751540      
   22099283524.4832451987733045774869879      
   21693603587.5654877371276037771067655      
   21282561841.3376582488873417686430044      
   20866112224.4384832613097134110618795      
   20444208484.8900813341277249617917014      
   20016804188.2022990681449329250773421      
   19583852689.4927393137484435030480350      
   19145307175.5017498286454214801184814      
   18701120646.5062710043140442188111197      
   18251245901.1806425425624443771051229      
   17795635556.1819517628049472454157796      
   17334242037.0800091564603678488792626      
   16867017582.3344128149949512773030220      
   16393914240.9047238971036341366763762      
   15914883873.2766615126042782502464729      
   15429878156.0670348220587909742254185      
   14938848559.2763483524608189826448924      
   14441746382.2474423024195994469408181      
   13938522742.2675853875427598259212853      
   13429128553.9895416328721589208894373      
   12913514548.3987593385684859177688378      
   12391631267.1795898015012663596960060      
   11863429065.9839526137265759250755549      
   11328858111.7790258891354481714360346      
   10787868383.6999956846277016573938811      
   10240409673.3354269606064511329013662      
   9686431577.52718708060882535999692913      
   9125883511.59466880640029043582770792      
   8558714713.39652634114321871269089330      
   7984874221.31277700458872543525440072      
   7404310888.31591928075935514156602676      
