   44856440791.5661856594711586177733820      
   44856428622.7269880785156314848151562      
   44856414370.7468701935200792426962367      
   44856397670.4836655544549875227124999      
   44856378110.2643238947447945378730279      
   44856355229.6230876017327895957546069      
   44856328516.9914821871765994928656018      
   44856297407.1545865675456919605275159      
   44856261278.2935106092752831555058796      
   44856219448.8136495043593089846351712      
   44856171173.5088421421528272390842511      
   44856115639.1572581936160128436045504      
   44856051959.5141618319266649039908729      
   44855979169.4319386416917695414315649      
   44855896218.5202087358605474704050014      
   44855801964.1501131232911980586052985      
   44855695162.0675707222784699818128012      
   44855574459.7644190549416298065222140      
   44855438386.0224212451949706624817237      
   44855285341.6122879605020518728335044      
   44855113589.4621491686064824157872373      
   44854921244.8434341059725343616274373      
   44854706265.7742983613206513103367839      
   44854466443.8627231175765824795944654      
   44854199395.8860401138750858833471152      
   44853902556.5187479324044242747665012      
   44853573172.0102831787089181337351101      
   44853208293.8201768956562748064544913      
   44852804781.5271137076464920579210858      
   44852359290.3070159624936857345161256      
   44851868277.2227128183308580644361556      
   44851327996.5509803981886720287540557      
   44850734512.2367769631093916162753407      
   44850083685.9579933013123103056613614      
   44849371187.7535009098905653998841637      
   44848592497.5737816122800808598331994      
   44847742907.9116694451156209441092899      
   44846817527.2994150411292718190796154      
   44845811282.5762095044335929226651665      
   44844718921.5327946735422116934798495      
   44843535013.6214273490901978030891811      
   44842253951.3269841995403463064282105      
   44840869951.4946393890050214501118373      
   44839377047.6494112625915949741183518      
   44837769108.9487319252554235286837575      
   44836039809.6491785840940188460362309      
   44834182645.0285472570463952206130267      
   44832190921.7480671406572548218043862      
   44830057754.6773779180089866613900789      
   44827776063.0101802264388249014678899      
   44825338565.4872137141398934239424219      
   44822737778.0119884452023513979203091      
   44819966012.0383828874177421003238124      
   44817015376.5302433402951217107585815      
   44813877779.0652110732425143029981473      
   44810544929.4872032006955843914780494      
   44807008317.8868937787018812480370037      
   44803259107.7957985944533463003594838      
   44799287740.5700383248056978825139897      
   44795082792.8913433468699283537768889      
   44790628782.8050289157544646886789484      
   44785905300.8677291884339650772973988      
   44780891373.9825232493686071611206962      
   44775569096.4236950176157461752662421      
   44769921618.5147536651997154995093703      
   44763931752.0354817837251556900697284      
   44757583045.5781159109565565889186973      
   44750861343.0417898923074016078102554      
   44743755609.6921625959485677797806843      
   44736257833.1355922199165244297252752      
   44728362321.7883092574535492088927572      
   44720064736.7815639913938608276001213      
   44711361360.0000299615431928172240537      
   44702248418.1153164170409238347481234      
   44692721717.0231901964488000345074936      
   44682776429.7260990864548514943862790      
   44672407025.9403003483251709609093644      
   44661607187.1667642365099770973608425      
   44650369948.8620796675155767731269328      
   44638687661.3695468177172840231827691      
   44626552067.0827022553866976091882364      
   44613954352.4177840036665203108410448      
   44600885196.1375202895411274093599737      
   44587334811.2276101752570471057239626      
   44573292981.5327950844962238103500730      
   44558749092.3598179144860664210513942      
   44543692156.8998086285831575412363642      
   44528110837.3377555043921522386377549      
   44511993463.6037852600488431113643059      
   44495328048.3363419072441874954305594      
   44478102299.6421321043277693338254322      
   44460303652.6689102090781815075394412      
   44441919195.0876534821301782836871499      
   44422935803.3062245481624708964415168      
   44403340062.1477985070729338923145075      
   44383118291.9384607360830099766040228      
   44362256553.8646454281729360189274278      
   44340740654.9600054990325697741306301      
   44318556150.9462375072919634528441081      
   44295688349.9892910103184689650197639      
   44272122315.4195269112536810547456484      
   44247842868.1159123642729406733056934      
   44222834588.9178062425617486988779218      
   44197081820.3432878155338597542471262      
   44170568668.4600928653698523970591713      
   44143279004.1666947945019151810912298      
   44115196460.3153999747133214873002976      
   44086304450.4035667874379883659101555      
   44056586144.1019280066140958068492213      
   44026024485.1874534760586815273740734      
   43994602188.6557135884726924100146693      
   43962301739.0729515058836120423359531      
   43929105397.1953052204169592525301344      
   43894995195.1925520399059513926861169      
   43859952939.6829552422287473364675922      
   43823960211.6806034230148575508341622      
   43786998369.0386307587080204928173909      
   43749048546.7464805063228675521749474      
   43710091654.6228148733201808149281438      
   43670108382.5005599085348758215775705      
   43629079198.7706071393521474294703590      
   43586984345.8421599130993898341838236      
   43543803853.9312882769422766227509017      
   43499517528.9534115691436064597791115      
   43454104956.0511709585406468598686966      
   43407545507.6883783001943660530167505      
   43359818330.5899469632883472582088053      
   43310902362.3110388794019930695778342      
   43260776317.6520984977912153693671490      
   43209418699.0634920276546300028081351      
   43156807788.8080512177324022067133940      
   43102921660.2170192337235552370560898      
   43047738165.6329586328890483023916547      
   42991234949.1076450333204311057976772      
   42933389436.5187379049363348782936711      
   42874178842.2247409959065475293529574      
   42813580170.0482294687640827502527635      
   42751570209.9737920643019779494959962      
   42688125539.1266695092133527201456590      
   42623222526.0342796259820610505847964      
   42556837328.3033384170974160992221156      
   42488945890.1005893203987551495892024      
   42419523950.3388526281274857061338556      
   42348547036.9514375173031365651605991      
   42275990468.0189564150084411091372465      
   42201829351.8698929543011802253932376      
   42126038594.4762549561177043438510939      
   42048592888.0240533898686324626203029      
   41969466721.6784711861749749838290143      
   41888634374.5928045064289988098924062      
   41806069921.1988712496709431520122033      
   41721747230.6222778790513325755230130      
   41635639965.9965994772721582845195028      
   41547721582.9749810373140322165916989      
   41457965333.7502644753436024737785962      
   41366344266.1178944380825801721898103      
   41272831221.1579356377813761925963227      
   41177398838.7462806315281628929960023      
   41080019553.6527234328105708911190098      
   40980665598.3148494538160473740017033      
   40879309000.2941638632845873836771830      
   40775921585.9398681850326046152336918      
   40670474979.1863078137492207651492870      
   40562940599.3485105730223983579406065      
   40453289666.3100188329605208821778197      
   40341493196.5213948781816226325365577      
   40227522006.9834560066022039971563481      
   40111346711.6729537633413550716244167      
   39992937723.9056163123693304906311807      
   39872265256.9438623637634234549708021      
   39749299322.2824334795712898594544919      
   39624009731.5072499511645476660910672      
   39496366098.0605627439496625968601746      
   39366337832.9674359984693670406859989      
   39233894148.9378323376881022895377751      
   39099004059.3349179597970523419724279      
   38961636378.7991008903385604562394677      
   38821759721.3005954516428045236505159      
   38679342501.8578535550379170268500303      
   38534352939.5387877220591119653557730      
   38386759052.3493352550236940459981155      
   38236528660.7202170665949600166532209      
   38083629388.3799807691671993405404557      
   37928028657.9270058095189692103758348      
   37769693698.9323463444530549986184344      
   37608591540.3889956603144240737572051      
   37444689015.0703585716430696385309203      
   37277952752.5193898524248173717599756      
   37108349197.6111600189241180041138409      
   36935844590.1998038919440507339816142      
   36760404970.6943892825022744388974601      
   36581996190.2436946543864043173085722      
   36400583899.9979956698309708340523126      
   36216133547.7902807044831939930863327      
   36028610401.6286252817831227942621762      
   35837979525.4706436888800542195460994      
   35644205775.4724910831818233096804832      
   35447253828.9158242557081122906585562      
   35247088161.2241596683404508808522110      
   35043673052.4875269358113972294363465      
   34836972587.4263112347680188926550585      
   34626950660.1786591886854969573789391      
   34413570957.4067125901464197606260759      
   34196796971.4487913106534012233786472      
   33976592022.6772715447084196233972591      
   33752919215.4025918038262122843160623      
   33525741466.4580305362436031307039716      
   33295021493.2310033346583202207704012      
   33060721824.5560664808735801505804020      
   32822804792.2144308097901386795204231      
   32581232542.6784776333395985915322064      
   32335967001.7039833118696364043694205      
   32086969929.8378827714778937813924468      
   31834202883.3595804494537559256408157      
   31577627223.8166708107228898408992244      
   31317204121.5455845647109618695726749      
   31052894550.1260773177547891081996369      
   30784659302.1384625963797242661307771      
   30512458940.0580739035363997009232049      
   30236253889.9710969109351022915021498      
   29956004350.5314060529203053412357555      
   29671670316.8775098700217237862674220      
   29383211612.1673336898410870492150201      
   29090587860.3696911472717992205441306      
   28793758493.9670157479541958222805242      
   28492682751.7733783060092183823321368      
   28187319680.1287821005298480643782757      
   27877628132.9485797468072000532709057      
   27563566772.0547421615802169168824073      
   27245094066.5190932444449581879695797      
   26922168293.4519446191495872110168541      
   26594747535.0113184516615283642229624      
   26262789685.6523405089702071145825225      
   25926252443.0364228636593434284497767      
   25585093320.4737654305292407808222819      
   25239269636.8116110484193952590603484      
   24888738515.8251693032811350340252645      
   24533456887.0921594862050149336498094      
   24173381506.1422567227968762151512976      
   23808468918.1411189525062080270073224      
   23438675482.8498181872216056861574580      
   23063957368.7015403607452089009809454      
   22684270552.8466738571110596107649436      
   22299570819.6804995808892927038509212      
   21909813764.1954426236283378304511411      
   21514954783.4050304472276689626252746      
   21114949099.9919364020563544709504341      
   20709751735.4612171985706133379450616      
   20299317520.2112496059003146288509673      
   19883601093.9078763380590734001415272      
   19462556908.0297376151486194349561411      
   19036139219.7870805086749451735532081      
   18604302097.0165620657646583789613667      
   18166999416.4356019551533763145482557      
   17724184865.5629167912710162339129946      
   17275811942.5582739105161297667768858      
   16821833958.4567047396693874772554605      
   16362204027.2102614397152670110187737      
   15896875074.7464065946565638012162092      
   15425799836.4693504538730699338164751      
   14948930852.1858041323675321664616186      
   14466220488.8601134271575752914815288      
   13977620905.1937170617400440359288475      
   13483084075.6522037522601215396722950      
   12982561788.0571355142603197705788751      
   12476005639.5969596397230001864359853      
   11963367037.4579647440364659921543323      
   11444597195.0324704829905273778966559      
   10919647139.3614668465313477662648561      
   10388467707.7338309324777899355406441      
   9851009545.10120379996074511887011183      
   9307223109.52975839116600520014665901      
   8757058670.85473610690005232260365929      
   8200466305.45640382684624543182108407      
   7637395903.18238500315370450186652544      
   7067797163.29457418147922541436257088      
   6491619596.16509582306439347226649643      
   5908812522.55269928790523989507913243      
   5319325070.04143034704961219517886763      
   4723106185.74965398490991859413315799      
