   47.326235308428870        64.314490046515729     
   47.326235308428870        64.314490046515729     
   47.326235308428870        64.314490046515729     
   47.326235308428870        64.314490046515729     
   47.326235308428643        64.314490046515616     
   47.326235308398651        64.314490046500637     
   47.326235307396558        64.314490046000017     
   47.326235293486860        64.314490039051037     
   47.326235186835170        64.314489985768347     
   47.326234648728366        64.314489716915858     
   47.326232647573242        64.314488716972519     
   47.326226726210948        64.314485757620844     
   47.326212022657856        64.314478407131347     
   47.326180192548300        64.314462488915481     
   47.326118420787019        64.314431582344284     
   47.326008669919283        64.314376637974291     
   47.325827293808580        64.314285773959753     
   47.325544998372330        64.314144240045962     
   47.325127143437278        64.313934546676109     
   47.324534294938630        64.313636708606083     
   47.323722933772736        64.313228551023997     
   47.322646225391608        64.312686025161085     
   47.321254797529299        64.311983507358462     
   47.319497416663516        64.311094023780470     
   47.317321645392582        64.309989460114139     
   47.314674361305350        64.308640697168926     
   47.311502261822675        64.307017761132272     
   47.307752285169279        64.305089958553552     
   47.303372034542775        64.302826061073830     
   47.298310173468629        64.300194525529150     
   47.292516822648217        64.297163773157735     
   47.285943931006898        64.293702510390034     
   47.278545633962558        64.289780091569398     
   47.270278559748263        64.285366895278855     
   47.261102078076966        64.280434698695828     
   47.250978465686991        64.274957023885662     
   47.239872987364016        64.268909443086258     
   47.227753861114685        64.262269814913935     
   47.214592132467992        64.255018454389301     
   47.200361424031236        64.247138209422673     
   47.185037590534840        64.238614454965614     
   47.168598252860015        64.229434989540877     
   47.151022337392845        64.219589877206147     
   47.132289376616086        64.209071155673328     
   47.112378917043017        64.197872529115457     
   47.091269797257624        64.185988969690584     
   47.068939425185768        64.173416281261950     
   47.045363033790949        64.160150615081108     
   47.020512939311097        64.146187962104747     
   46.994357814522601        64.131523626416623     
   46.966861977514057        64.116151685360592     
   46.937984714362976        64.100064450253825     
   46.907679636302021        64.083251931809571     
   46.875894080073579        64.065701317548331     
   46.842568550219184        64.047396464516098     
   46.807636212291541        64.028317414503135     
   46.771022432949259        64.008439932493658     
   46.732644370898200        63.987735071456143     
   46.692410606658434        63.966168765203456     
   46.650220841297276        63.943701453510869     
   46.605965621637885        63.920287736637576     
   46.559526098909274        63.895876044516861     
   46.510773867211618        63.870408367724131     
   46.459570805268157        63.843819990349722     
   46.405768961586006        63.816039258573021     
   46.349210488021122        63.786987384630855     
   46.289727589244777        63.756578270737243     
   46.227142497083591        63.724718349994809     
   46.161267487964942        63.691306470025580     
   46.091904915998434        63.656233789516129     
   46.018847260835436        63.619383692151622     
   45.941877190842064        63.580631720684444     
   45.860767261018033        63.539845348051053     
   45.775281514604949        63.496884658847677     
   45.685173422328454        63.451601311736468     
   45.590187342236618        63.403839164599773     
   45.490058291904226        63.353434121482429     
   45.384512002257225        63.300214108435860     
   45.273264971435189        63.243999067781765     
   45.156024443852353        63.184600904536509     
   45.032488352918143        63.121823430427824     
   44.902345170410932        63.055462255446052     
   44.765273659527004        62.985304634801615     
   44.620942520961577        62.911129259264946     
   44.469009867104106        62.832705953622025     
   44.309122546879877        62.749795292415179     
   44.140915259219696        62.662148102063412     
   43.964009440142711        62.569504831444959     
   43.778011908976062        62.471594788999148     
   43.582513179482810        62.368135190726996     
   43.377085533172192        62.258830059413455     
   43.161280757593438        62.143368955316383     
   42.934628387956145        62.021425949479642     
   42.696628541042855        61.892655634371863     
   42.446755341895020        61.756694938151497     
   42.184447865285946        61.613158091748637     
   41.909107993672393        61.461635397209648     
   41.620096903817846        61.301691288182738     
   41.316722899780807        61.132857496422034     
   40.998245670414626        60.954635576663819     
   40.663864418328188        60.766490373279780     
   40.312712805868898        60.567847429268369     
   39.943852393317613        60.358089661371842     
   39.556266097692287        60.136554198145340     
   39.148852116649010        59.902529669591701     
   38.720418885390103        59.655254310779632     
   38.269682625313344        59.393915793955102     
   37.795268916590608        59.117653644153535     
   37.295721698236925        58.825566186782140     
   36.769524635622865        58.516724749239934     
   36.215141606508922        58.190198926759408     
   35.631086672254270        57.845098538154772     
   35.016033738486996        57.480637770263080     
   34.368979141915240        57.096228722835249     
   33.689434457813405        56.691590463122928     
   32.977672037892610        56.266888086315248     
   32.234909822123228        55.822836159825009     
   31.463419928064894        55.360760829488299     
   30.666519833207460        54.882597365516624     
   29.848475423736634        54.390838365475787     
   29.014359239937633        53.888453764670643     
   28.169868847347399        53.378782250970673     
   27.321076963368395        52.865378161788385     
   26.474133037428413        52.351829649762259     
   25.634897660266365        51.841538917993191     
   24.808655812911837        51.337554236897176     
   23.999896628733630        50.842444245861024     
   23.212206496291500        50.358241105417768     
   22.448261853404119        49.886442573172751     
   21.709896660436794        49.428056940820859     
   20.998214097399913        48.983672330153389     
   20.313716161188555        48.553534837789904     
   19.656432079405317        48.137624618797794     
   19.026031433071655        47.735721835708745     
   18.421933355916284        47.347470744552837     
   17.843367229785851        46.972412922541849     
   17.289447554638475        46.610030946320059     
   16.759217065803181        46.259772301610980     
   16.251681508751403        45.921068720850840     
   15.765835052689376        45.593350131644193     
   15.300678531781989        45.276054492595748     
   14.855232306527004        44.968634563323960     
   14.428545052711437        44.670562371904836     
   14.019699585444320        44.381332015352918     
   13.627816473511519        44.100461265804462     
   13.252055716029062        43.827491966458268     
   12.891617909938825        43.561990472084872     
   12.545743796418501        43.303546929875061     
   12.213713601104311        43.051774628451533     
   11.894845857508935        42.806309075500671     
   11.588495969433524        42.566806964395944     
   11.294054589099609        42.332945084183415     
   11.010945902579961        42.104419211015959     
   10.738625894575163        41.880943018149111     
   10.476580613101534        41.662247014878453     
   10.224324475857859        41.448077530971410     
   9.9813986272106199        41.238195750175748     
   9.7473693679808537        41.032376798895243     
   9.5218266588629881        40.830408889354345     
   9.3043826987237015        40.632092515165624     
   9.0946705901931146        40.437239701114031     
   8.8923430748079042        40.245673300748358     
   8.6970713519768896        40.057226341425086     
   8.5085429988814436        39.871740409105811     
   8.3264648731208819        39.689069147444151     
   8.1505561276804830        39.509071549813974     
   7.9805513530745058        39.331615604548816     
   7.8161987308511218        39.156576821044851     
   7.6572592145456353        38.983837772611516     
   7.5035057723643410        38.813287681290987     
   7.3547227239528024        38.644822064638454     
   7.2107050546391651        38.478342353014291     
   7.0712578227407503        38.313755569748004     
   6.9361955952223138        38.150974026198305     
   6.8053418882792540        37.989915002280156     
   6.6785286985575913        37.830500503642298     
   6.5555960063515020        37.672656973539134     
   6.4363913657407572        37.516315079187230     
   6.3207694614009444        37.361409452227299     
   6.2085917362139673        37.207878486601686     
   6.0997260490023759        37.055664155268737     
   5.9940462865534698        36.904711772226008     
   5.8914320917784959        36.754969859769240     
   5.7917685330307673        36.606389946846235     
   5.6949458298517497        36.458926417628007     
   5.6008590780808181        36.312536349871046     
   5.5094080238877758        36.167179395867748     
   5.4204968005101088        36.022817618658763     
   5.3340337157664095        35.879415371029189     
   5.2499310482049975        35.736939183300088     
   5.1681048356196904        35.595357628650049     
   5.0884746984002041        35.454641224368025     
   5.0109636668137369        35.314762335093697     
   4.9354979962335968        35.175695047493591     
   4.8620070324422526        35.037415106608357     
   4.7904230504461811        34.899899809723195     
   4.7206811035785519        34.763127899409618     
   4.6527189295888540        34.627079566231508     
   4.5864767741346215        34.491736259138641     
   4.5218973022566580        34.357080682515452     
   4.4589254808562764        34.223096711957965     
   4.3975084646225238        34.089769322198485     
   4.3375955091293932        33.957084537637222     
   4.2791378579521551        33.825029355159181     
   4.2220886625908545        33.693591702367918     
   4.1664028908679223        33.562760371951541     
   4.1120372466699511        33.432524972218310     
   4.0589500974835984        33.302875887466975     
   4.0071013899234584        33.173804220432999     
   3.9564525869859812        33.045301752465072     
   3.9069666013498376        32.917360903559292     
   3.8586077297686368        32.789974688591478     
   3.8113415931893369        32.663136679791016     
   3.7651350835343820        32.536840975071108     
   3.7199563013416972        32.411082153795768     
   3.6757745078588155        32.285855247243020     
   3.6325600801487683        32.161155718856598     
   3.5902844605196664        32.036979422666029     
   3.5489201059171984        31.913322569508757     
   3.5084404528912740        31.790181710689197     
   3.4688198841915030        31.667553728936269     
   3.4300336714072919        31.545435778323718     
   3.3920579512445048        31.423825283875562     
   3.3548696872137489        31.302719918254464     
   3.3184466336778788        31.182117571625461     
   3.2827673129180943        31.062016357075979     
   3.2478109735570251        30.942414564311282     
   3.2135575662932148        30.823310649827089     
   3.1799877149363001        30.704703232873701     
   3.1470826931795974        30.586591068464337     
   3.1148243948379171        30.468973034872310     
   3.0831953158954408        30.351848129017259     
   3.0521785226815950        30.235215439149140     
   3.0217576355324476        30.119074141571918     
   2.9919168079734781        30.003423492841993     
   2.9626407038137321        29.888262811414680     
   2.9339144779136692        29.773591467985867     
   2.9057237600744514        29.659408883307997     
   2.8780546365738502        29.545714517724427     
   2.8508936320387068        29.432507859597571     
   2.8242276909166630        29.319788401122008     
   2.7980441742396525        29.207555707424174     
   2.7723308250313798        29.095809292985649     
   2.7470757664596839        28.984548695039958     
   2.7222674927745230        28.873773458977379     
   2.6978948426024960        28.763483112282035     
   2.6739469953349850        28.653677173923079     
   2.6504134571863784        28.544355147479514     
   2.6272840495132690        28.435516517104084     
   2.6045488966898103        28.327160739579313     
   2.5821984197663563        28.219287259731114     
   2.5602233195894200        28.111895479919809     
   2.5386145720931670        28.004984774658816     
   2.5173634166329943        27.898554485926340     
   2.4964613482942091        27.792603923608397     
   2.4759001141258521        27.687132387544509     
   2.4556716808970744        27.582139049941578     
   2.4357682637064908        27.477623130388480     
   2.4161822935152468        27.373583780379004     
   2.3969064163578087        27.270020109294759     
   2.3779334858100767        27.166931183409986     
   2.3592565564962964        27.064316026867171     
   2.3408688774156095        26.962173620934841     
   2.3227638854061756        26.860502903097281     
   2.3049351991216147        26.759302767262021     
   2.2873766131808777        26.658572063936717     
   2.2700820925363372        26.558309600492006     
   2.2530457671200543        26.458514141816849     
   2.2362619266233952        26.359184411028636     
   2.2197250154280175        26.260319089989906     
   2.2034296260833472        26.161916811404485     
   2.1873704973957504        26.063976173316988     
   2.1715425096736567        25.966495737590343     
   2.1559406785464987        25.869474023349856     
   2.1405601496299633        25.772909501354121     
   2.1253961989579491        25.676800617572248     
   2.1104442261605758        25.581145778900890     
   2.0956997506450912        25.485943354550184     
   2.0811584083795287        25.391191678825557     
   2.0668159484372834        25.296889052179637     
   2.0526682302809989        25.203033747102495     
   2.0387112176607705        25.109623993129087     
   2.0249409794862046        25.016657998210380     
   2.0113536844412208        24.924133939407476     
   1.9979455982497729        24.832049964549121     
   1.9847130811576905        24.740404194941444     
   1.9716525850676108        24.649194725914803     
   1.9587606507675694        24.558419627379465     
   1.9460339056926172        24.468076946929745     
   1.9334690607612532        24.378164705950319     
   1.9210629089365310        24.288680909580741     
   1.9088123225741149        24.199623543005895     
   1.8967142498359946        24.110990564660717     
   1.8847657148655887        24.022779921985997     
   1.8729638141961991        23.934989544447035     
   1.8613057146683631        23.847617342969659     
   1.8497886517734092        23.760661213826108     
   1.8384099284785060        23.674119044884247     
   1.8271669119245426        23.587988705220933     
   1.8160570327615588        23.502268055768376     
