   1.13528946060050733137992168276205031      
   8.72333376138897978791981032818172474E-0002
  -1.00040097538116170641777313135381908      
  -2.01215726984423440478183288779300144      
  -2.82976293687272846728089861241552162      
  -3.34212296616384145452961411992113214      
  -3.45921805992998435827348927500406272      
  -3.12097638466115615935033645287888697      
  -2.30281228341372855302050979623025786      
  -1.01947102726519593245169022221107787      
  0.679043076032444403418916182456807377      
   2.71275355770444493595552483080737654      
   4.97990902468421781022020373381445909      
   7.36913937824286442283783493508962687      
   9.76823697439874613831086610874371233      
   12.0766363137921272048374080225754796      
   14.2099998575037154157710354603455408      
   16.1088415019403794059330601686268792      
   17.7364228079862554062094000853853449      
   19.0817083822506045997344746715024465      
   20.1545934877475495324095347023799656      
   20.9848417564799553689426284991547895      
   21.6126653077895991777839437160224625      
   22.0902468293379822447784611477986362      
   22.4725698027000637861580516381019903      
   22.8184660273831770123427926295472221      
   23.1834033810369402404234975047681813      
   23.6221222532761877450830212082211919      
   24.1834521530974833347707236613587308      
   24.9124507104106719865104318588917982      
   25.8481375821701941260674377001637967      
   27.0264345722906151594698968153306520      
   28.4774134348570179376804917156344494      
   30.2289532923171438124540785729262801      
   32.3046471130890992718552690080436901      
   34.7266734378475903310787944010631257      
   37.5157378488479502560845350186191564      
   40.6901747089073464926078947950914328      
   44.2757739961587068982125068946667318      
   48.2856997718833218216539144391928149      
   52.7447473250651821772905166846122358      
   57.6704339758136195364369441240454349      
   63.0928829846963913328154744689779067      
   69.0308574128300124469439831383430987      
   75.5161653828472037928137092494381093      
   82.5718614085416618304986394519995207      
   90.2236857104377042077508715225131080      
   98.4932103297025833164467743059208270      
   107.392127284529420428481672411671567      
   116.932477438834315340607763553195166      
   127.110161297577680754400175589039167      
   137.914081579965038496049733258263671      
   149.278557624889366349939454361406995      
   161.157725622172359015361816224031163      
   173.446447196636058958229549037076035      
   186.009564908353920973259386559325350      
   198.713101494834624195333861964195597      
   211.354708757072893721309130422943614      
   223.742744415491409164657741660255779      
   235.644226499271799018214860646319339      
   246.831384802917374765047857243093470      
   257.050763175256401984296714769260123      
   266.101974685377928291267208972397899      
   273.789600492373214171528751422571390      
   279.969340006466372419405425023374749      
   284.520283424332887133610645386567709      
   287.438058550921947767726780624033503      
   288.735311011036960748113788567635200      
   288.472527411832414217447554369967955      
   286.820817711824908262089147549835295      
   283.966675832769475560821620141159652      
   280.140038123955078918868583806247708      
   275.587855192108352987083752330620359      
   270.590735191991097566211397684007233      
   265.429986010813089477006978645804071      
   260.310889876175758635069002203612032      
   255.490890915761152650811552755689520      
   251.145944083597521368156512527150704      
   247.415600548338829464001756888247584      
   244.418037003354204003594399352381810      
   242.217088032126677057040807541744114      
   240.850222580752147292396790941883369      
   240.326201078010064244380188273735098      
   240.589574574225641361649207081410192      
   241.634888759920823716356563452102910      
   243.399753964971317690782027014292327      
   245.842237315726644074258581971028210      
   248.913102559523352713124913136151607      
   252.565832797416672677587963914082913      
   256.789977195433246571647288023401371      
   261.550260688150818072355505117842242      
   266.822232438645143023771613498248686      
   272.556523396407856914245565113221364      
   278.638075281265073213754486272504665      
   284.856754087901055144969281220673009      
   290.814663716654573577278386577771933      
   295.946796390631449138891720317574808      
   299.478678509464518284310039349586345      
   300.447516757428734135337861504088408      
   297.752909679230836011935854688322105      
   290.244108889591912443212676225581635      
   276.974011581228131424257526412206669      
   257.076523956260464516022154112590653      
   230.267819911022331536781537869755629      
   196.687370912137565143584388196326034      
   157.279025585723401096258830351859648      
   113.448674820876997759887313192935839      
   67.3386027732283401252911338208298793      
   21.3856839074558940615608651469715943      
  -21.7212837073437553107251503833083784      
  -59.3384550226680958809488165912260814      
  -89.0581579407589167959103737266590718      
  -109.173302559526679308983318095700438      
  -118.496811372169984687437841895069112      
  -116.685210445634011516366875951068446      
  -104.335859482333819148894222591441246      
  -82.6240956812777184965081265319544378      
  -53.4187024367522456165067071335348863      
  -18.8282158550398454026217945336445938      
   18.7817719619753898359354398754248259      
   57.1196906101063138591885154255090118      
   94.3593091836879062421701480272692780      
   128.888600093055399058446634256398693      
   159.626428550565117769112031207178062      
   186.019784009680970710541373642600898      
   207.888465897889377231996228515195980      
   225.444273526218259149373587283509018      
   239.000708491573910482861137119325646      
   249.141147259876469116154596234308087      
   256.444008621281736816358589795924634      
   261.518229709114138750379174808330768      
   264.727979286641371261301025550427933      
   266.535326538900210456705175148889591      
   267.224771240538882951037730562533590      
   267.126834548542401950693487358067507      
   266.401319273835254417318542022674778      
   265.242655531553919903661849460177339      
   263.796391518095315392734189466725142      
   262.084463601702708363998215719664520      
   260.224288644217679349998839853135319      
   258.223839154042574636228349345146466      
   256.083566919576361294612207427093402      
   253.890401605384813179297830504172347      
   251.744867233185753958534874907874637      
   249.544991181732602486976589820580502      
   247.369443851176472292601549141779575      
   245.191747739010190051800806204517736      
   243.104065656868055642455170624547580      
   241.072903113767487297260159214785138      
   239.010246815012493832482661292584363      
   237.109645361930127241507378189137174      
   235.272734783846120752623106109570638      
   233.461829229954875242251181379821329      
   231.759538591058606973836930534150050      
   230.122534171903273620374343875466014      
   228.599734104897369352381032928159918      
   227.088774080372509890661571543941181      
   225.634791857403720929333798014980012      
   224.317635131683710976197777474189598      
   222.971510906697633952025549667960374      
   221.702720198738087894804274872030137      
   220.463289395244764760402432703062119      
   219.280420782624230133911772966280897      
   218.089456836297275585238060214885274      
   217.004666472758177752748560992394667      
   215.910083381655646086483408505909832      
   214.935491960733147412784816933677772      
   213.974321449176561045928172758678051      
   213.107254045976862999062359952107904      
   212.196413726196842304937001974286564      
   211.353291967447431931543123954576211      
   210.532398968976044330082205909831730      
   209.749159456080012608394609728578821      
   209.001007387108214684000834371874932      
   208.272562466482844300663423160442593      
   207.571014717736366740039725080703807      
   206.905896388226456993078945466996601      
   206.273077679009023752188279102928580      
   205.662552208598081885647626571520044      
   205.071863530639457242519207136688784      
   204.510990092384405714471793389177985      
   203.968963960413980746598066391497294      
   203.439568359549357240779722692358739      
   202.940696203746377895007556775923916      
   202.462412130187674318571585512646870      
   201.992730208415586565072167976241452      
   201.545119057815704065558430416398955      
   201.115347970197926417470352266361209      
   200.701730174553177409028962187023845      
   200.314317252633207757217105452180929      
   199.946130864145348636943005942877480      
   199.579363945941993187842364416816368      
   199.222034077527239742476921638404287      
   198.902752120372685957105780218579930      
   198.577847666865942514505260163866195      
   198.254343687176365858167062132425280      
   197.950453217748990364546207421640639      
   197.685460779732292545870785623438097      
   197.398501401266025585189139046870971      
   197.146267730315240817975788851464460      
   196.906978493345985825891246272749140      
   196.670156668804903586081155864477595      
   196.430884171477871109977424049283223      
   196.190041923054525599803847648090176      
   195.973489160294467149577810608265919      
   195.747558418725151209091238686546832      
   195.551077404269605956783153512330290      
   195.360946220537079553965927685471934      
   195.179973018987494844112735799269873      
   195.001109054551767995341909305630778      
   194.861606029605569110365978960927484      
   194.696597988910738517925512733012314      
   194.532152819228617925274966395540692      
   194.401899326418646124743704092652202      
   194.282014663103550509617757165240665      
   194.128157508722243643915388231140233      
   193.990446893972215822540621764144240      
   193.865242451155976440646134425927926      
   193.748616048556753634467788216935335      
   193.605471725846572613424074781602379      
   193.483971713204219670788706128543056      
   193.375004567096364795879316303162503      
   193.227293353156508408403083863142142      
   193.113896559443579109579607705394222      
   193.015892444581959082423896880694996      
   192.924680253913651903433677176558710      
   192.835114518075175264034583521445886      
   192.760120342194846412930048544685894      
   192.678349088857625400353557504098759      
   192.605169883434566353061437858254797      
   192.521349070731384471645413071453744      
   192.451035631363601932913700530567862      
   192.350120480138297530232643228555446      
   192.263830118454826168400537996061782      
   192.196238475923345827971269066882007      
   192.112233244608127939523699355416754      
   192.047056995664799641411543747933304      
   191.980565195713804337958593073608773      
   191.936413008122718160357269116524623      
   191.858967842588619398340597547062979      
   191.783974152254246743818811764635951      
   191.713377335406092761167931874450956      
   191.642084059852007901862805152634952      
   191.564335406166707176795268046855987      
   191.504417015110143886121211689301524      
   191.441165756996011512584246568422221      
   191.394587799923941152573775246926708      
   191.342759863508047794769814887238054      
   191.302170283533893201713651906659142      
   191.257890976201286062978556735739993      
   191.218942628259961326581678702868315      
   191.162060770890977732870724152104278      
   191.106229614056787889834409796923578      
   191.050196627674389954922584603768389      
   190.996591652041267588085082938628789      
   190.931213083940943518985012008589695      
   190.874510829470721011658570296085910      
   190.820450278486616003574740127807153      
   190.761717878818155467201705341712550      
   190.711537865472992345288513754059190      
   190.685415351388221074017623191314949      
   190.642439970005758770272875706159250      
   190.607540264871512089250126395031749      
   190.572896579440463450708173070462486      
   190.528109308392321939375396594273701      
   190.479234654848977340168673531739602      
   190.438550960956189352127360292705714      
   190.394122257639832845504978545114170      
   190.339398272820102108670406983544815      
   190.287615546173037696099298171281213      
   190.252444107505282115091818995331639      
   190.206891162381436820372104810880131      
   190.162961131778221022234573972038566      
   190.129664220224488971488494729870945      
   190.085274515340519243725689269095910      
   190.050897245525669895553775528164559      
   190.015725630064417738030252302286753      
   189.981307070748132645972503789119845      
   189.933417712552887155003498072315987      
   189.893382598109423776100122482812409      
