   330.83792827168043        568.35350354919342     
   330.83792827168043        568.35350354919342     
   330.83792827168043        568.35350354919342     
   330.83792827168037        568.35350354919342     
   330.83792827165757        568.35350354919342     
   330.83792827026468        568.35350354919467     
   330.83792824163999        568.35350354921911     
   330.83792795449943        568.35350354945706     
   330.83792620016800        568.35350355083040     
   330.83791869081068        568.35350355607079     
   330.83789398387853        568.35350356969388     
   330.83782740100088        568.35350359124243     
   330.83767368065833        568.35350359132383     
   330.83735959115654        568.35350345785787     
   330.83677777189791        568.35350290536098     
   330.83578263439853        568.35350132729980     
   330.83418896013637        568.35349762414376     
   330.83177284228930        568.35348993677940     
   330.82827476343522        568.35347527933311     
   330.82340409954708        568.35344898946664     
   330.81684439274181        568.35340392543969     
   330.80825878095050        568.35332935625388     
   330.79729532350774        568.35320958100078     
   330.78359156727322        568.35302226937131     
   330.76677895207143        568.35273679354077     
   330.74648648581052        568.35231261425429     
   330.72234430828553        568.35169802586552     
   330.69398699696274        568.35082937737275     
   330.66105698392852        568.34963098658386     
   330.62320793994525        568.34801573399136     
   330.58010830057657        568.34588644013672     
   330.53144475929651        568.34313789352746     
   330.47692580333876        568.33965946869944     
   330.41628489334909        568.33533814324596     
   330.34928343212204        568.33006176720903     
   330.27571322566274        568.32372240436405     
   330.19539842909961        568.31621959313168     
   330.10819687289489        568.30746336599259     
   330.01400073162375        568.29737693860091     
   329.91273651361297        568.28589895823620     
   329.80436446295295        568.27298527835899     
   329.68887732207554        568.25861022829247     
   329.56629857278557        568.24276736490845     
   329.43668025234592        568.22546974374666     
   329.30010038918499        568.20674973217660     
   329.15666009598147        568.18665841391305     
   329.00648053041886        568.16526462778279     
   328.84969968420012        568.14265374463980     
   328.68646908346705        568.11892613177724     
   328.51695057362537        568.09419550238840     
   328.34131305620252        568.06858709533390     
   328.15972939845267        568.04223577812411     
   327.97237344763761        568.01528410929359     
   327.77941717550920        567.98788038684404     
   327.58102807698072        567.96017674489974     
   327.37736667324214        567.93232728046803     
   327.16858426077670        567.90448626890736     
   326.95482084390846        567.87680646514696     
   326.73620326480011        567.84943750983246     
   326.51284351685933        567.82252444363553     
   326.28483724192341        567.79620633828119     
   326.05226238375803        567.77061504380879     
   325.81517801412997        567.74587405206989     
   325.57362326841496        567.72209747824240     
   325.32761642338619        567.69938913963711     
   325.07715411404354        567.67784175572774     
   324.82221054731122        567.65753622278794     
   324.56273691996262        567.63854100933963     
   324.29866079330390        567.62091159666033     
   324.02988553355004        567.60469006409812     
   323.75628987237525        567.58990462195425     
   323.47772733731284        567.57656933938335     
   323.19402579714085        567.56468378919965     
   322.90498689956854        567.55423285296320     
   322.61038495084676        567.54518650150260     
   322.30996875871267        567.53749956244121     
   322.00345751404654        567.53111163067911     
   321.69054228016569        567.52594683614689     
   321.37088474655968        567.52191375453140     
   321.04411626624147        567.51890513810247     
   320.70983699289354        567.51679788669128     
   320.36761477771222        567.51545280768551     
   320.01698383003691        567.51471433306710     
   319.65744357043786        567.51441039198937     
   319.28845698025305        567.51435205877590     
   318.90944909048284        567.51433329943472     
   318.51980505496357        567.51413050944518     
   318.11886833067388        567.51350221847417     
   317.70593841177163        567.51218848323299     
   317.28026873023379        567.50991051764913     
   316.84106409672188        567.50636995202569     
   316.38747818721811        567.50124826902174     
   315.91861097466114        567.49420608261460     
   315.43350589830766        567.48488232683428     
   314.93114730037797        567.47289351163613     
   314.41045765361162        567.45783282043840     
   313.87029516967993        567.43926930062014     
   313.30945169096236        567.41674701595116     
   312.72665089137172        567.38978426557856     
   312.12054713073707        567.35787281711509     
   311.48972552296834        567.32047748057926     
   310.83270257272733        567.27703567918081     
   310.14792882716631        567.22695749793513     
   309.43379283455050        567.16962599941905     
   308.68862754439652        567.10439815515360     
   307.91071894405013        567.03060629696222     
   307.09831728808933        566.94756030479300     
   306.24965139210457        566.85455058134301     
   305.36294543109051        566.75085186926356     
   304.43643847952484        566.63572797057816     
   303.46840584398996        566.50843722396189     
   302.45718214778236        566.36823857590264     
   301.40118388347145        566.21439824058564     
   300.29893094406015        566.04619638784447     
   299.14906552735852        565.86293359510637     
   297.95036636607364        565.66393667732041     
   296.70175764049350        565.44856342949299     
   295.40231134800968        565.21620595055140     
   294.05124273365601        564.96629245652548     
   292.64789930626029        564.69828727774495     
   291.19174415657625        564.41168928828370     
   289.68233495779361        564.10602890086284     
   288.11930031121244        563.78086397452705     
   286.50231508090775        563.43577500015294     
   284.83107637165142        563.07035996465413     
   283.10528939670218        562.68423117722568     
   281.32461762622148        562.27700324806301     
   279.48870939956828        561.84829900504531     
   277.59715877279422        561.39773967129213     
   275.64950261973860        560.92494355094198     
   273.64521461781067        560.42952403689640     
   271.58370230537037        559.91108837337333     
   269.46430642453470        559.36923716286287     
   267.28630251224547        558.80356452595765     
   265.04890430275861        558.21365890758864     
   262.75126856909139        557.59910447745608     
   260.39250141115480        556.95948307806395     
   257.97166590108947        556.29437673743939     
   255.48779079406580        555.60337072786547     
   252.93988069833915        554.88605716956511     
   250.32692754291398        554.14203919438160     
   247.64792415058568        553.37093618300730     
   244.90187662352810        552.57238734182317     
   242.08782439436800        551.74606028391065     
   239.20485673669236        550.89165596843543     
   236.25213425606515        550.00891626510315     
   233.22891280285347        549.09763176766717     
   230.13456967210709        548.15765002417015     
   226.96863306029780        547.18888419601035     
   223.73081431022041        546.19132189918673     
   220.42104323913503        545.16503410461621     
   217.03950603621954        544.11018368635325     
   213.58668586924972        543.02703344669840     
   210.06340520762254        541.91595308433170     
   206.47086953523663        540.77742476716548     
   202.81071133576160        539.61204680217872     
   199.08503326532480        538.42053499821452     
   195.29644931485453        537.20372129583461     
   191.44812226999193        535.96254938510549     
   187.54379626660878        534.69806719063774     
   183.58782227924888        533.41141613194179     
   179.58515145755931        532.10381070185610     
   175.54143915689647        530.77655035902376     
   171.46289360473637        529.43095939017223     
   167.35635635848675        528.06839643388582     
   163.22924531292946        526.69022838132776     
   159.08950615793765        525.29781187634273     
   154.94554743227172        523.89247628644182     
   150.80615872146348        522.47550865077028     
   146.68041268388799        521.04814088372598     
   142.57755219132883        519.61153948819788     
   138.50686540895148        518.16679770650853     
   134.47755228559774        516.71493002413013     
   130.49858713157789        515.25686864746592     
   126.57858261013320        513.79346175166290     
   122.72566070457781        512.32547318510410     
   118.94733606402066        510.85358337959417     
   115.25041647799453        509.37839126099885     
   111.64092415070135        507.90041700252556     
   108.12404021481044        506.42010563167918     
   104.70407318718490        504.93783109224177     
   101.38445110093896        503.45390104026194     
   98.167735403231262        501.96856202514181     
   95.055653788296851        500.48200497297455     
   92.049149051922313        498.99437105000072     
   89.148439713347017        497.50575742490537     
   86.353089167962381        496.01622319959210     
   83.662079706654353        494.52579502872544     
   81.073888316834584        493.03447241365359     
   78.586562570958193        491.54223367554596     
   76.197791860404095        490.04903934883953     
   73.904976288465065        488.55483735036239     
   71.705289183443440        487.05956658095533     
   69.595733886844911        485.56316029488386     
   67.573194131457200        484.06554899581954     
   65.634478297371160        482.56666292184275     
   63.776357490043736        481.06643411785836     
   61.995597925525679        479.56479815559811     
   60.288975232391799        478.06168636492100     
   58.653349411086054        476.55706429137308     
   57.085601372022460        475.05087532531979     
   55.582702949909468        473.54308007348777     
   54.141713907216499        472.03364724878026     
   52.759789604299073        470.52255362793517     
   51.434186929085215        469.00978434585954     
   50.162267902153332        467.49533285482306     
   48.941501691838951        465.97920091145761     
   47.769465195168024        464.46139838798342     
   46.643842627212486        462.94194317389173     
   45.562424078818481        461.42086092060271     
   44.523103422751994        459.89818481556119     
   43.523875452307927        458.37395509364143     
   42.562833302665496        456.84821921985088     
   41.638164523950444        455.32103106731967     
   40.748147635383376        453.79245066869566     
   39.891148689795031        452.26254421275996     
   39.065617210711643        450.73138341722790     
   38.270082555940334        449.19904532049048     
   37.503150133492419        447.66561196459742     
   36.763497688809451        446.13117004929950     
   36.049871710742494        444.59581063901572     
   35.361083933428610        443.05962885688712     
   34.696007918107505        441.52272357999294     
   34.053575824527783        439.98519716764997     
   33.432775260418921        438.44715518295413     
   32.832646291681989        436.90870610118435     
   32.252278613288560        435.36996108796166     
   31.690808796090138        433.83103370628231     
   31.147417737997678        432.29203969765132     
   30.621328202166882        430.75309676756586     
   30.111802468251735        429.21432427469881     
   29.618140187181826        427.67584310607560     
   29.139676240617320        426.13777536695858     
   28.675778847034554        424.60024426820786     
   28.225847692180135        423.06337389761961     
   27.789312156412148        421.52728900425399     
   27.365629642707564        419.99211457104968     
   26.954284240701309        418.45797677958240     
   26.554784911193945        416.92500105007082     
   26.166664380196639        415.39331316433885     
   25.789477732354808        413.86303866859225     
   25.422801202017066        412.33430278683386     
   25.066231058680220        410.80723032050628     
   24.719382500794570        409.28194548153908     
   24.381888631080088        407.75857172670050     
   24.053399509063205        406.23723167572382     
   23.733581248882142        404.71804698552182     
   23.422115152006310        403.20113817854030     
   23.118696927075543        401.68662462123558     
   22.823035924141184        400.17462436340901     
   22.534854489463171        398.66525445654304     
   22.253887050322042        397.15862924941490     
   21.979879842918677        395.65486274240550     
   21.712590089445253        394.15406684527477     
   21.451785486064946        392.65635173061656     
   21.197243675005861        391.16182575619092     
   20.948751735339389        389.67059534418740     
   20.706105746265454        388.18276509445491     
   20.469110309214905        386.69843751962929     
   20.237578136449240        385.21771311184216     
   20.011329640725620        383.74069017349024     
   19.790192601733612        382.26746492516787     
   19.574001774012174        380.79813138149882     
   19.362598565256690        379.33278131586502     
   19.155830717956331        377.87150423277717     
   18.953552008260615        376.41438728378080     
   18.755621985868952        374.96151545153890     
   18.561905663932599        373.51297123519339     
   18.372273294318553        372.06883482016991     
   18.186600120520513        370.62918402032102     
   18.004766157531208        369.19409429886832     
   17.826655941250610        367.76363859545609     
   17.652158376806682        366.33788758130481     
   17.481166517196908        364.91690953242374     
   17.313577354128373        363.50077016017502     
   17.149291698309924        362.08953296361295     
   16.988213972572321        360.68325898851936     
   16.830252066782290        359.28200691766574     
   16.675317185300365        357.88583300282539     
   16.523323714294850        356.49479124697581     
