   318.69819484770846        554.99494439064381     
   318.69819484770846        554.99494439064381     
   318.69819484770846        554.99494439064381     
   318.69819484770846        554.99494439064381     
   318.69819484770727        554.99494439064381     
   318.69819484754544        554.99494439064392     
   318.69819484192880        554.99494439064915     
   318.69819476171921        554.99494439072350     
   318.69819413306561        554.99494439128887     
   318.69819090560475        554.99494439397915     
   318.69817873360290        554.99494440258536     
   318.69814230105743        554.99494442078742     
   318.69805096818754        554.99494443875051     
   318.69785166554976        554.99494439715636     
   318.69746224405304        554.99494411785156     
   318.69676636450293        554.99494319569203     
   318.69561059577546        554.99494084447008     
   318.69380391813019        554.99493568017829     
   318.69111942996699        554.99492540597612     
   318.68729772566741        554.99490632555933     
   318.68205130381500        554.99487260186629     
   318.67506945161500        554.99481520805762     
   318.66602310756849        554.99472055221315     
   318.65456942256736        554.99456883729226     
   318.64035591849432        554.99433229301758     
   318.62302429569746        554.99397347213426     
   318.60221399974387        554.99344383521384     
   318.57756573209576        554.99268282452317     
   318.54872495820575        554.99161758527737     
   318.51534565428591        554.99016346883400     
   318.47709407962662        554.98822527948812     
   318.43365262692407        554.98569925141931     
   318.38472368055852        554.98247564826238     
   318.33003322978277        554.97844181323944     
   318.26933431340592        554.97348551006723     
   318.20240976534120        554.96749834256025     
   318.12907462194460        554.96037911665780     
   318.04917775916698        554.95203697439126     
   317.96260289949242        554.94239417438428     
   317.86926888537340        554.93138844049361     
   317.76912930811847        554.91897480973932     
   317.66217151182150        554.90512696235817     
   317.54841499418285        554.88983801702807     
   317.42790938462161        554.87312082780750     
   317.30073198074098        554.85500780812424     
   317.16698497887688        554.83555033905338     
   317.02679254910367        554.81481780742581     
   316.88029767056958        554.79289635080727     
   316.72765898773832        554.76988735588247     
   316.56904760467273        554.74590577468473     
   316.40464394864142        554.72107831287974     
   316.23463478259833        554.69554155456944     
   316.05921024423236        554.66944002759806     
   315.87856114672894        554.64292430917340     
   315.69287641954230        554.61614915266557     
   315.50234070656768        554.58927167846321     
   315.30713222853785        554.56244966406302     
   315.10742078690060        554.53583992720462     
   314.90336598095178        554.50959682218263     
   314.69511561341056        554.48387086173182     
   314.48280426255337        554.45880745455338     
   314.26655204482421        554.43454579117633     
   314.04646344371889        554.41121777013473     
   313.82262641740539        554.38894717014182     
   313.59511151551123        554.36784881775429     
   313.36397112448822        554.34802796292081     
   313.12923885143647        554.32957961493003     
   312.89092893160148        554.31258809804865     
   312.64903576852447        554.29712665307295     
   312.40353337844834        554.28325701294796     
   312.15437510075867        554.27102921262474     
   311.90149315749829        554.26048131362359     
   311.64479827119675        554.25163924099547     
   311.38417930460167        554.24451662760657     
   311.11950291782432        554.23911472400800     
   310.85061308275459        554.23542225760866     
   310.57733077120668        554.23341542380149     
   310.29945345072343        554.23305779965722     
   310.01675457526460        554.23430027768268     
   309.72898225779846        554.23708098778263     
   309.43586155456399        554.24132527694951     
   309.13708963962529        554.24694558694239     
   308.83233770342713        554.25384138395157     
   308.52124937330728        554.26189900875215     
   308.20343979553064        554.27099154885332     
   307.87849455174864        554.28097864002666     
   307.54596851215956        554.29170629688724     
   307.20538440790017        554.30300658080387     
   306.85623143184574        554.31469734921973     
   306.49796362941635        554.32658190822303     
   306.12999804373936        554.33844855686448     
   305.75171278161827        554.35007016407224     
   305.36244480033383        554.36120358587777     
   304.96148757666884        554.37158910858579     
   304.54808841042677        554.38094972111867     
   304.12144553750409        554.38899034332871     
   303.68070502342090        554.39539694379516     
   303.22495725121018        554.39983560929466     
   302.75323314183589        554.40195141849017     
   302.26450007768079        554.40136727571814     
   301.75765730750754        554.39768251282612     
   301.23153100832462        554.39047144959727     
   300.68486912369235        554.37928177414074     
   300.11633540791456        554.36363272998256     
   299.52450332335684        554.34301315956463     
   298.90784920799729        554.31687935292541     
   298.26474513019332        554.28465270168476     
   297.59345122553174        554.24571716406035     
   296.89210750338736        554.19941653329488     
   296.15872541638055        554.14505150468256     
   295.39117900392614        554.08187655397592     
   294.58719581522769        554.00909672434682     
   293.74434802646374        553.92586416459949     
   292.86004363283615        553.83127472705007     
   291.93151828294276        553.72436453737862     
   290.95582823857194        553.60410671682655     
   289.92983738420730        553.46940684133438     
   288.85024213389880        553.31910603885433     
   287.71353159518770        553.15197133643630     
   286.51601704488155        552.96669984077266     
   285.25383551596116        552.76191821189161     
   283.92296582887690        552.53618508858335     
   282.51925245907404        552.28799573362255     
   281.03843816479935        552.01578934445172     
   279.47620638050637        551.71795937176796     
   277.82823295418228        551.39286716108279     
   276.09024754556810        551.03885891795301     
   274.25810210074656        550.65428586091105     
   272.32784418799554        550.23752698588680     
   270.29579087509461        549.78701353006409     
   268.15859834586587        549.30125389525188     
   265.91332157107860        548.77885753058604     
   263.55745937179762        548.21855618476854     
   261.08898049515705        547.61922119981648     
   258.50632870925739        546.97987585485714     
   255.80840808913464        546.29970229344576     
   252.99456304112780        545.57804684547955     
   250.06447301470598        544.81440189600232     
   247.01821049788185        544.00842952464609     
   243.85613646455684        543.15994128301611     
   240.57880239237923        542.26887746744057     
   237.18702829966625        541.33533216890385     
   233.68184121435468        540.35953923686554     
   230.06449954133282        539.34187932912994     
   226.33652750561654        538.28288756130382     
   222.49976857925958        537.18326367305417     
   218.55645619465341        536.04388379749275     
   214.50929835405330        534.86581253837664     
   210.36156867359017        533.65031108460573     
   206.11720754559542        532.39884591567920     
   201.78091591079786        531.11308753735761     
   197.35824484439689        529.79490392836192     
   192.85567095368705        528.44634516504595     
   188.28065296267792        527.06961897747408     
   183.64166428761396        525.66705774285390     
   178.94819801461824        524.24107820656820     
   174.21074073793130        522.79413659155500     
   169.44071422057183        521.32868160710939     
   164.65038315489514        519.84710894099442     
   159.85272923419944        518.35172005456104     
   155.06129206016917        516.84468770490503     
   150.28997928414242        515.32802959296509     
   145.55284953346330        513.80359054314488     
   140.86387461383589        512.27303273915243     
   136.23668976616426        510.73783285903363     
   131.68431863956451        509.19927719130982     
   127.21903479318806        507.65849912654409     
   122.85198817298489        506.11643982974897     
   118.59313504761116        504.57389247760085     
   114.45107299394343        503.03150502837661     
   110.43295371639758        501.48979223971179     
   106.54444630253906        499.94914778528130     
   102.78974859963495        498.40985664912910     
   99.171641131113915        496.87210734750977     
   95.691576183280461        495.33600416608272     
   92.349793132275011        493.80157907220411     
   89.145451530954233        492.26880325629008     
   86.076773160429894        490.73759804951652     
   83.141186588303668        489.20784517820903     
   80.335467780263002        487.67939607132473     
   77.655872866390595        486.15208028688102     
   75.098259901162308        484.62571292589280     
   72.658197884169667        483.10010104908872     
   70.331062293252174        481.57504907086735     
   68.112117184895737        480.05036338729047     
   65.996584264394627        478.52585599178224     
   63.979699991887856        477.00134742221695     
   62.056761792428830        475.47666904591443     
   60.223164644207991        473.95166475020875     
   58.474429325739123        472.42619214384752     
   56.806223319502578        470.90012335905874     
   55.214375864314128        469.37334550687820     
   53.694887868208447        467.84576086887654     
   52.243937768144846        466.31728690529133     
   50.857883863345386        464.78785591342330     
   49.533264183127784        463.25741474818142     
   48.266794271262526        461.72592443824612     
   47.055355702062023        460.19335125505165     
   45.896022164047835        458.65970015269579     
   44.786005372585237        457.12496214328957     
   43.722681648610653        455.58914898485500     
   42.703576590611220        454.05228367407494     
   41.726357947808410        452.51439976373416     
   40.788828205511969        450.97554044893383     
   39.888917848246024        449.43575835386417     
   39.024678068068766        447.89511460890088     
   38.194274124560870        446.35367844894665     
   37.395978692372296        444.81152655565523     
   36.628165561671864        443.26874254061852     
   35.889303556673880        441.72541637757240     
   35.177950786337803        440.18164387091571     
   34.492749202388971        438.63752624704097     
   33.832419391711106        437.09316959288572     
   33.195755721996726        435.54868445063460     
   32.581621766092859        434.00418539964841     
   31.988945939022916        432.45979061747255     
   31.416717450806328        430.91562151823433     
   30.863982535395291        429.37180237087108     
   30.329840868724617        427.82845996824381     
   29.813442178219393        426.28572314922462     
   29.313983152438087        424.74372257264827     
   28.830704558179313        423.20259047974014     
   28.362888476105425        421.66246030670180     
   27.909855759693560        420.12346646885686     
   27.470963648697534        418.58574401694716     
   27.045603538974728        417.04942847554270     
   26.633198920933442        415.51465553647949     
   26.233203360549819        413.98156074787732     
   25.845098790073536        412.45027945180902     
   25.468393751617342        410.92094654825792     
   25.102621836434754        409.39369624110986     
   24.747340186851776        407.86866186589430     
   24.402128122821907        406.34597575999453     
   24.066585846824733        404.82576906575741     
   23.740333237594562        403.30817158613746     
   23.423008703917866        401.79331161507139     
   23.114268136452129        400.28131581578083     
   22.813783911601099        398.77230908452015     
   22.521243978559635        397.26641448850756     
   22.236350966848864        395.76375307166177     
   21.958821335695450        394.26444351892161     
   21.688384792964960        392.76860314783380     
   21.424783294862980        391.27634612439880     
   21.167770592852971        389.78778469293798     
   20.917111495478331        388.30302843824182     
   20.672581332036124        386.82218458339139     
   20.433965381703789        385.34535781556986     
   20.201058322262519        383.87265011359392     
   19.973663777228253        382.40416086362387     
   19.751593846870357        380.93998675199958     
   19.534668622659357        379.48022167335523     
   19.322715869499831        378.02495679647780     
   19.115570553473820        376.57428044519105     
   18.913074548845806        375.12827819555167     
   18.715076217084501        373.68703265803327     
   18.521430171003978        372.25062373810664     
   18.331996937607354        370.81912867586880     
   18.146642618469354        369.39262122561138     
   17.965238654063377        367.97117261836308     
   17.787661666743297        366.55485164091755     
   17.613793056390328        365.14372380654930     
   17.443518864999429        363.73785192778138     
   17.276729560344531        362.33729613861397     
   17.113319749086067        360.94211340306862     
   16.953188093730052        359.55235817531110     
   16.796237125475091        358.16808246731154     
   16.642372960369087        356.78933515848405     
   16.491505243651837        355.41616272919634     
   16.343546899310812        354.04860864143660     
   16.198414095882249        352.68671416220599     
   16.056026025937634        351.33051784170607     
   15.916304793193650        349.98005569800756     
   15.779175292713289        348.63536130355527     
   15.644565086129809        347.29646577273030     
   15.512404278307530        345.96339774368471     
   15.382625449416565        344.63618373363437     
   15.255163492232761        343.31484774045316     
   15.129955555843264        341.99941159597529     
   15.006940941595191        340.68989492397532     
   14.886061014532435        339.38631518227635     
   14.767259121053977        338.08868773325850     
   14.650480505844310        336.79702588806896     
   14.535672237002366        335.51134094897225     
   14.422783126244973        334.23164220411564     
   14.311763676308431        332.95793713677062     
   14.202566012339057        331.69023143845681     
   14.095143801000898        330.42852892118924     
   13.989452202450671        329.17283167488301     
   13.885447811101647        327.92314009307864     
   13.783088601815818        326.67945293826926     
   13.682333876656825        325.44176739033998     
   13.583144216854977        324.21007911245215     
   13.485481423004053        322.98438219291040     
   13.389308487568224        321.76466937011708     
   13.294589544530099        320.55093200865502     
   13.201289829641290        319.34316017384123     
   13.109375627279261        318.14134256224526     
   13.018814246963897        316.94546670373239     
   12.929573977884427        315.75551889120396     
   12.841624056563997        314.57148427832055     
