3.513746782553079568801163799425559
3.1643715230400165196164034755644811
2.9280632153999228202734015910794238
2.7767231070828340513153917927541079
2.6923364018230814282676918434149875
2.6633137813112730694863212199764302
2.68169209420080613396643027265621884
2.74137086226898880491395131900115914
2.83641912197130051222476362822371982
2.95929647773365312649242603026546861
3.09921787122264133078733637212182638
3.2407808598585423830579870066647648
3.3637316973434508213473521221915856
3.4453965080874162701089784645329851
3.46549733962179641276293566496396176
3.41269258528203382608242123300590399
3.28850725234563560337939501851887739
3.1068311495466280907485103080382353
2.888441210543719944524643702082528
2.65473637460266672696253624773025331
2.42299035145905634713845472988879016
2.20476833294163643704817695282829995
2.00626569258535302319384059065339999
1.8298009065073248953900835515078096
1.6751849439260697967553260470803606
1.5408847871598157225403330473407617
1.4247587726489078344670686416184792
1.3245323663453994331866845837804166
1.23800922024043426977086043651725097
1.16320765701297999478911161771814404
1.09838574367497352745083904999492317
1.04204566853724568300743513505161354
0.99290892255242580434224952025990201
0.94989434206584774176963570514213907
0.91208535619069241690445880608853958
0.87870757114476921102237851046614385
0.8491034698687800725862965830070853
0.82271445591342737963611875333098329
0.79906260062956938154719486431676351
0.77773785720935291469131557674760265
0.75838688754506584628870569342609675
0.74070356696312467073289064166218946
0.72442113506556725645758750586868283
0.70930603615585462938599163902535442
0.69515540021497471394287379423614075
0.681789112220796969862343719579376
0.66904768707083951792607711332624395
0.656792316666336767752037590341858629
0.644899846410724197167706605972044798
0.633264094155684745740787133303588591
0.621790681213829342447636652403483388
0.610399555837342629240557332560178595
0.59902195328279781311491216612360778
0.587599271217046167765330750079350144
0.576085002292154790319766662079036679
0.56444309148253959742488313280015411
0.55264411135763910483280436855182403
0.54067074227898315793485179044464631
0.52851242384176229381965872887627794
0.51616660999784516095171738098565422
0.50363807388014690949453249494688423
0.49093861452851927924649033640531655
0.47808465702373423818295475206319067
0.46509732290059723711328186242048599
0.45200351727398130308643880177082845
0.43883175747502216177849338800762015
0.4256131005948284715544456690625772
0.41238099463584046423565821265808479
0.39916915502232361574455398136547251
0.38601152539648215879786376661094806
0.37294128381146580251693462337759556
0.35999088096775057398938641361255312
0.34719123258106041519382512415385064
0.33457065051608026208622088744529065
0.32215576457130606366422953893455868
0.3099705345296032071409091689692641
0.298036017141327008448637466016197112
0.286370615214190919381062414295422809
0.274990150932611933295971773753320098
0.263907320289035817015666800917703387
0.253132498541332781902066174092872159
0.242673294394942788765946591830347072
0.232535002922292503051331463987354154
0.222720443375179508458114084494879838
0.213231493313403713443633555834987578
0.204066435233830630519201450535854588
0.195223162829061624666704653481186922
0.186697560444768923421757662308999713
0.17848519729999640579886040770723177
0.170579450149380302187298326155089795
0.162973751698495796134684623766782448
0.155660401735203756977874471630700368
0.148630886303299262229881270725703224
0.141876757476000993476202704116821407
0.135389451797413716979132324118149866
0.12915938890591219994056512438875502
0.12317778341711723644859009759927964
0.1174357183103706757729127708464259
0.111924056218019002996212307510418073
0.10663414826117273384014623473961063
0.101557460952205099798000242033423143
0.096685818816095540944344863971590484
0.092011530015764420013135829060677296
0.087527416087197850920447295719388405
0.083227422336998302737650126753883487
0.079106091074463585949503055039975349
0.075158769315930201058288010216427818
0.071382841751004500420435606169537371
0.067776294698760668550252788428287037
0.064338563677562212426536787869500021
0.061069812448468260704586694819513726
0.057970946183756726746525564510690074
0.055042760115688295778769486600756766
0.052286179627065149297661972775399495
0.04970123199145033875716354534424602
0.047287006888280286557384687852084939
0.045041242182112200817767617276846028
0.0429605844923572079468506658770927228
0.0410399496285559049498942491212105173
0.0392731583518588676764843605458166429
0.0376529303196126257458409577509225167
0.0361709383661363419407804543296814192
0.0348182992114080112102064008021335021
0.0335856608744028790629221966424630865
0.0324634927894418721372083844854196101
0.0314423481427466932898961840802053845
0.0305129026474032269997888923876377114
0.0296662984971727745724735641970875414
0.0288941444696220931892830191683545868
0.0281885910167920379256973440120651211
0.0275425106327434875680137828456930844
0.0269494079816178630435229304223049606
0.0264034659120444307456790372674629208
0.0258995669838732419686636883948810466
0.0254332253442394738335149135860175385
0.0250005057359932406175329677538102159
0.024598053230011445812874616177566584
0.024222969038851212623335061164999411
0.023872804864033710559685070848968116
0.023545422073531770323069361770029097
0.02323903607260207201147352311334092
0.022952064389861708391187852116511257
0.022683129582708448787456284640779013
0.022431033583410604956975738934741453
0.022194700742576326144683853390123866
0.021973116747708052280072790476344194
0.021765364199648749185947659321839226
0.021570548431353961329000024177339825
0.021387822536196515908368454996365194
0.021216344687294384371024331216292375
0.021055309878016685042598742040351179
0.020903897563807307851572340550321261
0.020761293559469652593852518981796081
0.020626736369891719717864521206220957
0.020499439371037918477109947958143953
0.020378646197093047702890034172098396
0.020263650704552604721428801700438613
0.020153761415817436313335238200934835
0.020048341871281129943456827989106609
0.019946790719838917806998072040479381
0.019848575572377473694790933457401774
0.019753223182368799729759840132305052
0.019660296867199685251829150928733627
0.01956944480795423741425434425917168
0.019480367067295276863739329282892712
0.019392807146725025127407437460446296
0.019306577468921642563797142203307086
0.019221530980551580250897808305979991
0.019137542891419942746534844270722066
0.019054545062941760696384811316941907
0.0189724794158142011608041672037541434
0.0188913262036271159781036180632233053
0.0188110563122737425043210669745731641
0.0187316797013831934413853289142267668
0.0186532003139859055121485242653212985
0.0185756212851338219421160856526326219
0.0184989600721828236668122019193512887
0.0184232376933729687224707074189630974
0.0183484548499245387597970935287982453
0.0182746360605139261482487690879842134
0.0182017861277338954088643119892525006
0.0181299191233615549280536512003876966
0.0180590390709247854456061740511040256
0.0179891610204713141723324463238253729
0.0179202839677420357136302756056230398
0.0178524010903531265116775824093057115
0.0177855298967402375342473246510558692
0.0177196583692697197364830845019539743
0.0176547778002810190132909130545911774
0.0175908919858276527553852980058447501
0.0175279889217388583748494954948274983
0.0174660624691909587576841748677775098
0.017405097327000509527259217354071036
0.0173450861457649160539572367401079634
0.0172860223478551782289357155934232059
0.017227882751619186613700523202335251
0.017170660698599539830672674796234011
0.0171143450916048263589101264875141438
0.0170589176096391981159062953620288826
0.0170043641057398668692234609466701284
0.0169506746939472419104763779352899687
0.016897828936276084972579365054051143
0.0168458184910687781502684332137248224
0.0167946250886219240803824147732524752
0.0167442358241917900352951136398805782
0.0166946305150179423741638252714161276
0.0166457989066607494213023534752740035
0.016597724823322534596918795680048566
0.0165503942434223040984539009608418232
0.0165037921801961445374040968408439961
0.0164579047771079192962289290027542479
0.0164127176202428426212822578185049803
0.016368216243642717584798024202170911
0.016324387072602622934200257428914187
0.0162812168393152163259847495327737002
0.0162386924359891963636386268149037027
0.0161967998668825811531181831967098717
0.0161555262675870928562717659162448822
0.0161148600938929945910387477901190867
0.0160747876668742322531548817271573182
0.0160352969350615733323022807856188685
0.0159963765384095707720608424513410167
0.0159580144269697538442554323416863079
0.0159201997590970019584659066533239642
0.0158829208514019275644445838395591354
0.0158461664136775652886567832245316053
0.0158099274291523207732761593094667674
0.015774191484343322220981038984682202
0.0157389497652332205231799603275070911
0.0157041911225301009797357943680349105
0.0156699057775929925317906739324034762
0.0156360847966271353423003445522884096
0.0156027177027567648323638489249736449
0.0155697963549523042797024208192602776
0.0155373128811993299510868940722896033
0.0155052562593236547051014877066652927
0.0154736199645659350631590659384906959
0.0154423946457517491410132569775669054
0.0154115727216021385869467377401137442
0.0153811469373843315015996847496172886
0.0153511077554610159840047856144290732
0.0153214494470904260775757087327091558
0.0152921643124844995464673104333014821
0.0152632445998647170614337218992255107
0.0152346832547815152439575210122081402
0.0152064745974928946709382207275265222
0.0151786112444160501002774652163456136
0.0151510860911981062299093732864506283
0.0151238938591569974727996306542177031
0.0150970284184894180507762754050847786
0.0150704829039076675817607569823150688
0.0150442521134615838411141262937339837
0.015018330390820638444020834436242812
0.014992711631389944185059322850948652
0.0149673913257384796330454129216924693
0.0149423630595375426930208174484847122
0.0149176229117566388433243251409458084
0.0148931639909456821491088015866135762
0.0148689832446917275889612393207773053
0.0148450746354257162469452046703259413
0.014821433953596655331291776683288578
0.0147980566269364787461037921501644911
0.0147749380816136710207176290933504412
0.0147520730556557487465016534065350308
0.0147294594329876558447839098029360474
0.0147070908042760408737798248322925228
0.0146849638259991208282519313042005067
0.0146630748022687689792712893147344268
0.0146414198817625435866036663418645658
0.0146199957903685859775070220371930752
0.0145987974566799895562230286045819331
0.0145778224851627396506049110985245846
0.0145570677269630269749658748813426838
0.0145365272880566076113094655378625642
0.0145161997879319586520786235399694572
0.0144960818859371152795949825833435226
0.0144761685840716849730544675628272101
0.0144564582613919762739939335577803668
0.0144369479023865914814848481951740003
0.014417634125665285424455785859874478