   47.326235305190330        64.314490044897852     
   47.326235272080588        64.314490028356744     
   47.326235060610202        64.314489922704993     
   47.326234125666829        64.314489455564868     
   47.326230974152537        64.314487880706309     
   47.326222321960174        64.314483556131890     
   47.326202054372182        64.314473422731581     
   47.326160161034224        64.314452468169947     
   47.326081829255905        64.314413267277089     
   47.325946820757068        64.314345659872771     
   47.325729229876671        64.314236617041260     
   47.325397577541132        64.314070267532230     
   47.324915212775032        64.313828069290039     
   47.324240917361735        64.313489067451911     
   47.323329620076152        64.313030189728792     
   47.322133112306247        64.312426517383543     
   47.320600733202781        64.311651527348033     
   47.318679908576215        64.310677245972684     
   47.316316623924429        64.309474379541584     
   47.313455732924403        64.308012379352505     
   47.310041187271374        64.306259509322217     
   47.306016152255125        64.304182906796967     
   47.301323058979264        64.301748677170465     
   47.295903571961709        64.298922008084006     
   47.289698497530978        64.295667318795239     
   47.282647608082065        64.291948417373703     
   47.274689413245227        64.287728671899259     
   47.265760827622508        64.282971147583723     
   47.255796756384484        64.277638708070810     
   47.244729593086277        64.271694055613295     
   47.232488635134963        64.265099698063125     
   47.218999419270922        64.257817831346543     
   47.204182987787419        64.249810127023324     
   47.187955110591581        64.241037435354514     
   47.170225481417674        64.231459405270968     
   47.150896900053795        64.221034026010202     
   47.129864476516573        64.209717110912621     
   47.107014878976742        64.197461738104479     
   47.082225644880971        64.184217660950850     
   47.055364574097297        64.169930710339287     
   47.026289232731550        64.154542206610998     
   46.994846575775796        64.137988396240601     
   46.960872698321715        64.120199931083576     
   46.924192752791946        64.101101409122691     
   46.884620993197039        64.080610979385852     
   46.841960992378240        64.058640034668443     
   46.796006001182349        64.035092987113387     
   46.746539460855054        64.009867142451327     
   46.693335658015158        63.982852675581924     
   46.636160282747284        63.953932602338881     
   46.574772024737392        63.922983237771390     
   46.508922487666744        63.889874010245201     
   46.438357780103424        63.854468011175712     
   46.362819314346950        63.816622271294804     
   46.282044694033452        63.776188115543775     
   46.195768478998048        63.733011501969287     
   46.103722805065949        63.686933334767041     
   46.005637757249353        63.637789684964623     
   45.901241481357275        63.585411917053293     
   45.790259985482464        63.529626669846067     
   45.672416575672237        63.470255670828799     
   45.547431322744295        63.407115549282018     
   45.415017878426710        63.340016372298109     
   45.274884703378895        63.268762221961474     
   45.126730829052285        63.193149157403518     
   44.970244682546010        63.112964572909796     
   44.805098154246132        63.027984176490769     
   44.630946979584806        62.937972002725722     
   44.447424880709306        62.842677298637881     
   44.254139780180438        62.741832353184179     
   44.050669155112097        62.635149839203244     
   43.836554858841552        62.522319808592698     
   43.611297377349473        62.403006341309762     
   43.374349367616858        62.276843753069883     
   43.125108351585460        62.143432323071266     
   42.862908436109173        62.002333432915748     
   42.587010768536913        61.853064020440740     
   42.296592435053761        61.695090162797001     
   41.990734718116443        61.527820312200269     
   41.668402437120044        61.350593680287453     
   41.328433010824469        61.162673997404397     
   40.969508805295447        60.963234204324515     
   40.590130909940086        60.751342067990556     
   40.188584770302846        60.525941517197104     
   39.762897300422601        60.285829613967813     
   39.310782917149531        60.029627851116707     
   38.829575441337632        59.755746283076313     
   38.316143163471075        59.462339261591971     
   37.766786483582969        59.147252791952425     
   37.177127286138052        58.807969055353610     
   36.542027322793963        58.441569256033958     
   35.855651770745084        58.044779263474197     
   35.111983468021506        57.614265447894809     
   34.306409598763956        57.147516553205143     
   33.438872398349524        56.644561607671911     
   32.516554871208378        56.109383133297214     
   31.550976202398850        55.548262348519991     
   30.551944686282066        54.966531412197703     
   29.527565696011518        54.368716004746844     
   28.487829575006717        53.760536885042725     
   27.445621544075660        53.149401092981805     
   26.415112034134879        52.543435016605535     
   25.409511286622063        51.950186678783837     
   24.439426769415096        51.375691277664217     
   23.512176096649895        50.824091840443316     
   22.631906238200308        50.297722504860474     
   21.800120688261845        49.797419354916642     
   21.016391566652580        49.322932551180131     
   20.279005440634283        48.873294836887169     
   19.585488649057528        48.447118463514116     
   18.932992571386791        48.042810892296089     
   18.318551593544719        47.658717796173569     
   17.739255195195526        47.293218473665227     
   17.192329212446317        46.944768573156260     
   16.675193740208481        46.611932295786943     
   16.185478426997957        46.293390041554566     
   15.721022894101752        45.987938398533338     
   15.279867264958011        45.694484915765912     
   14.860237864126598        45.412040380180102     
   14.460531044755198        45.139710149568877     
   14.079296937838716        44.876685463212901     
   13.715223936524145        44.622235125150610     
   13.367124293145562        44.375697749502528     
   13.033921140058979        44.136474708258177     
   12.714636641691335        43.904023640327885     
   12.408381504495903        43.677852639107655     
   12.114344204849589        43.457513886907115     
   11.831788038251990        43.242603346607950     
   11.560035194365787        43.032749655440867     
   11.298465891104820        42.827614978073655     
   11.046511054629512        42.626890470395914     
   10.803647022581339        42.430293203903190     
   10.569390906447145        42.237563474282751     
   10.343296507554145        42.048462436801508     
   10.124950667931353        41.862769990568296     
   9.9139700599800946        41.680282921400284     
   9.7099983329062063        41.500813255153133     
   9.5127035979979357        41.324186811572616     
   9.3217761719152321        41.150241911744189     
   9.1369266583655211        40.978828310606211     
   8.9578839654013205        40.809805963478851     
   8.7843940209607982        40.643044465405822     
   8.6162181434889291        40.478422022471626     
   8.4531318716742394        40.315824829654467     
   8.2949238060227763        40.155146420744778     
   8.1413945800657626        39.996287100793481     
   7.9923559448798347        39.839153437746653     
   7.8476299418086954        39.683657806333741     
   7.7070481506947326        39.529717975228223     
   7.5704510141302022        39.377256737841613     
   7.4376871887183871        39.226201551609734     
   7.3086130198565211        39.076484256465122     
   7.1830919829669000        38.928040760456298     
   7.0609942403687613        38.780810803381833     
   6.9421962165349935        38.634737723398835     
   6.8265801488731475        38.489768197453799     
   6.7140338131162229        38.345852113363385     
   6.6044500699900874        38.202942285938263     
   6.4977266731222558        38.060994380153069     
   6.3937659172227237        37.919966700479740     
   6.2924743634154368        37.779820028370963     
   6.1937626538216177        37.640517537740550     
   6.0975452120736398        37.502024601043864     
   6.0037401038969209        37.364308730528279     
   5.9122687741186102        37.227339406777439     
   5.8230559248290117        37.091088024906149     
   5.7360292938901267        36.955527749395991     
   5.6511195347199914        36.820633453769318     
   5.5682600533829305        36.686381619561907     
   5.4873868561845018        36.552750238147098     
   5.4084384460979216        36.419718757007097     
   5.3313556908078636        36.287267995870430     
   5.2560816894295330        36.155380053726113     
   5.1825616983346796        36.024038277856292     
   5.1107430158804208        35.893227183323418     
   5.0405748758659135        35.762932379734345     
   4.9720083674341371        35.633140521586419     
   4.9049963719377923        35.503839279732617     
   4.8394934461996213        35.375017243799682     
   4.7754557660945620        35.246663892957251     
   4.7128410623762989        35.118769559190042     
   4.6516085494667792        34.991325371117703     
   4.5917188515938454        34.864323204605462     
   4.5331339554457033        34.737755648080181     
   4.4758171510966402        34.611615965685090     
   4.4197329651747790        34.485898045042482     
   4.3648471288568356        34.360596381217505     
   4.3111265156834664        34.235706019963438     
   4.2585391017908041        34.111222538202000     
   4.2070539219283045        33.987142012142030     
   4.1566410237870688        33.863460979149856     
   4.1072714275278415        33.740176409433623     
   4.0589170933921190        33.617285674816081     
   4.0115508938910098        33.494786569124088     
   3.9651465502395515        33.372677189820173     
   3.9196786294225165        33.250955992151567     
   3.8751224955281551        33.129621728148742     
   3.8314542865907737        33.008673436383717     
   3.7886508849630669        32.888110418432802     
   3.7466898887653146        32.767932217449953     
   3.7055495875092093        32.648138600352354     
   3.6652089353670374        32.528729536328328     
   3.6256475276656071        32.409705180981575     
   3.5868455788115723        32.291065859868361     
   3.5487838995968426        32.172812051570247     
   3.5114438750333843        32.054944370074637     
   3.4748074482901421        31.937463557294439     
   3.4388570951283928        31.820370459446508     
   3.4035758101014588        31.703666021158199     
   3.3689470875336607        31.587351273106684     
   3.3349549030368419        31.471427312499991     
   3.3015836980672386        31.355895298454229     
   3.2688183655585137        31.240756443495879     
   3.2366442328231551        31.126011999527847     
   3.2050470484410907        31.011663250443299     
   3.1740129659343284        30.897711499728981     
   3.1435285336861383        30.784158069575685     
   3.1135806766181937        30.671004278929246     
   3.0841566938791840        30.558251463999326     
   3.0552442356320437        30.445900941047196     
   3.0268312970447999        30.333954015382570     
   2.9989062067929488        30.222411973490171     
   2.9714576175731584        30.111276083115541     
   2.9444744886543792        30.000547564814095     
   2.9179460882971004        29.890227626600396     
   2.8918619766211537        29.780317433002544     
   2.8662119941453019        29.670818102954176     
   2.8409862521984754        29.561730692452919     
   2.8161751415159744        29.453056253257351     
   2.7917693001342392        29.344795753583924     
   2.7677596183975153        29.236950110918471     
   2.7441372294361726        29.129520193256976     
   2.7208935011000990        29.022506808622829     
   2.6980200290216536        28.915910705648564     
   2.6755086264625594        28.809732554645198     
   2.6533513311306343        28.703973017838489     
   2.6315403779448174        28.598632638939375     
   2.6100682009245020        28.493711893673215     
   2.5889274449597424        28.389211249449328     
   2.5681109318573565        28.285131061300206     
   2.5476116709884029        28.181471631444015     
   2.5274228508796628        28.078233197500065     
   2.5075378335100940        27.975415931269527     
   2.4879501528916537        27.873019953253294     
   2.4686534950621022        27.771045272407662     
   2.4496417177725642        27.669491884353310     
   2.4309088282933731        27.568359701122585     
   2.4124489832393681        27.467648568364371     
   2.3942564858459394        27.367358273405006     
   2.3763257792304624        27.267488533704089     
   2.3586514568774319        27.168039071148375     
   2.3412282105881479        27.069009368940261     
   2.3240509030852752        26.970399051582792     
   2.3071145027985067        26.872207589842905     
   2.2904141026420963        26.774434405181520     
   2.2739449170502621        26.677078871666502     
   2.2577022759897827        26.580140306764029     
   2.2416816218271118        26.483617972544106     
   2.2258785069633644        26.387511080008906     
   2.2102885906944723        26.291818789868145     
   2.1949076360048192        26.196540212464175     
   2.1797315069676939        26.101674410076971     
   2.1647561659314447        26.007220397934379     
   2.1499776709824365        25.913177146061035     
   2.1353921729477747        25.819543578757258     
   2.1209959141240260        25.726318581854073     
   2.1067852253920516        25.633501001815244     
   2.0927565218219195        25.541089635697059     
   2.0789063024378387        25.449083244425491     
   2.0652311491558657        25.357480559046174     
   2.0517277221363517        25.266280269914233     
   2.0383927598723246        25.175481037550895     
   2.0252230744622421        25.085081482838721     
   2.0122155519674148        24.995080198027850     
   1.9993671498339296        24.905475745163596     
   1.9866748951163598        24.816266657846231     
   1.9741358830739613        24.727451445431988     
   1.9617472743492970        24.639028585533879     
   1.9495062933580600        24.550996528589181     
   1.9374102283190089        24.463353706389693     
