   44856513694.8129263850526657782576790      
   44856513694.8129263850526514915952091      
   44856513694.8129263845847582314145303      
   44856513694.8129261859019069274666881      
   44856513694.8129122970021187869644051      
   44856513694.8125678380087653448102549      
   44856513694.8083630536534711006432619      
   44856513694.7776374885332602490788120      
   44856513694.6237471320527458411975405      
   44856513694.0426356280240398222523667      
   44856513692.2730535105697514169401601      
   44856513687.7133725910953463785488635      
   44856513677.4180603555386993663675957      
   44856513656.5897602273039138598065566      
   44856513617.6683031950196023976366884      
   44856513550.2348399003080918064455540      
   44856513440.2761529321081610381968146      
   44856513270.0315917105289127498309687      
   44856513018.0617764976732825997490854      
   44856512659.6626392099904122996879302      
   44856512167.4957504998000723095161121      
   44856511513.3056611248365854527255556      
   44856510668.1714654032944200069628135      
   44856509604.9832333776670524664171720      
   44856508298.9485445132688047751575360      
   44856506729.1731239339147176700763362      
   44856504878.6996159156518755179948772      
   44856502735.1896149739438760096511483      
   44856500289.7664033833508079761450705      
   44856497536.3801523129408826537917968      
   44856494469.9014000275945428203809434      
   44856491084.7397776995164193690975622      
   44856487372.1842002673369041567486066      
   44856483318.6248961441853946032488627      
   44856478902.8872421144731509651491732      
   44856474094.4939349049379586370929125      
   44856468851.6187475525397065749162876      
   44856463119.7408892144113064506860959      
   44856456830.1680061137154500929163934      
   44856449899.2808887606463415744741659      
   44856442227.9245814338948327811687494      
   44856433701.1160695078618375618554233      
   44856424188.0341958197832946672530091      
   44856413542.3082039500678242788573727      
   44856401602.3924734403647508243480667      
   44856388192.0428721105850572379013326      
   44856373120.9747834208797878955977339      
   44856356185.4577473797767395862947221      
   44856337169.0190967075179637374170141      
   44856315842.8295270151627620177721376      
   44856291966.2764949173091396643992754      
   44856265287.3064040883715586401697511      
   44856235542.5259395318058499833116012      
   44856202457.4745039987123009161551724      
   44856165746.2331173119880037485025829      
   44856125111.2975146054370460105046254      
   44856080242.9427282065700854616209425      
   44856030818.5724445077857063989551638      
   44855976501.7403986411581422600577123      
   44855916941.1284599510515670946857555      
   44855851768.8872187198009923544644538      
   44855780599.4202584691419556573432723      
   44855703027.3911817108630574057138845      
   44855618625.7331343214460194818742213      
   44855526943.3696741964996743285013193      
   44855427502.8059603273761956821897617      
   44855319797.2710118391800240087205971      
   44855203287.8197923927061074945933004      
   44855077400.1178465045025787989119722      
   44854941520.8780408506604041835758452      
   44854794994.1704766768430816406659119      
   44854637117.2716865312812566916381637      
   44854467136.3375895945306045219053941      
   44854284241.7357791549237162955087128      
   44854087562.9797403548517539449672937      
   44853876163.3246127264531618086067823      
   44853649034.0574517845812577596088090      
   44853405088.1606290580909683754730808      
   44853143154.0416760730552923606890253      
   44852861967.8338615814782509863695746      
   44852560166.2617480942893924072808477      
   44852236278.1403391287815217792216824      
   44851888715.6869008173861176009325720      
   44851515764.9299159333966414597938626      
   44851115575.6058219336215686440064058      
   44850686149.9539943021977446008291614      
   44850225330.9520108728199374630390482      
   44849730789.3030826836068936428163703      
   44849200009.9731328426472570791915375      
   44848630276.6465274114333958097705411      
   44848018656.1306107433550985377471268      
   44847361980.9297713938202197200205709      
   44846656830.9472967829827024344462926      
   44845899513.8637516065963215265820452      
   44845086044.8102688852758406269325024      
   44844212124.7763930195776929347578097      
   44843273118.9290946870876055849305177      
   44842264034.4117093057083263006809376      
   44841179498.5370188186790108602129756      
   44840013742.0466278975015309824272070      
   44838760563.6436326831921974006548520      
   44837413336.5455327358161552083229700      
   44835964979.2638571078251765226867979      
   44834407944.2131624808962352097582010      
   44832734232.0161802466205324894502826      
   44830935360.4754331696808182906566654      
   44829002388.7440455355480159356177703      
   44826925921.2568532959763575054896782      
   44824696121.2838104571396873945320308      
   44822302728.3753584058787631881771018      
   44819735078.7916938910409971383096738      
   44816982127.8538316002836544263489338      
   44814032473.4546271557560052576929787      
   44810874379.2728732718732582460560099      
   44807495788.5072143625390344028417794      
   44803884376.9896127521182684262592237      
   44800027526.2293945411485406085510318      
   44795912367.3665514192505283285989463      
   44791525787.6464879027842000928545547      
   44786854440.8592046509672286016592589      
   44781884755.0741378985527257503311276      
   44776602937.8923145682536378492115179      
   44770994979.9233645889786313347733807      
   44765046656.1919901388087843564858537      
   44758743526.2179455956252007120933372      
   44752070932.8590790051124579916978737      
   44745014000.5311041490905104925807012      
   44737557632.2934467229805407071270817      
   44729686507.2742523553172030508023309      
   44721385077.2743813451316816410019415      
   44712637563.3464019455156593545409262      
   44703427953.4761676975885644565022171      
   44693739998.9592352715880039816339091      
   44683557212.5743873883806458462581978      
   44672862866.6160904509086463741043410      
   44661639991.5709476897086614305557152      
   44649871375.2720002997311000366158757      
   44637539564.8013788987435899382359929      
   44624626866.2158656810076616760981480      
   44611115347.7676555119148086238753034      
   44596986839.9186000169924702035134207      
   44582222958.4327385173355822325173525      
   44566805083.4150616549900955771343337      
   44550714387.6255190280644849759907562      
   44533931840.4453879443670119352770703      
   44516438221.5161612706736484617252072      
   44498214133.2718027828643033201359324      
   44479240016.6085974375593160513038295      
   44459496166.4785366892524532304906517      
   44438962749.3199965542300241594996625      
   44417619819.6296059856537807266228733      
   44395447336.6424429342815935499803120      
   44372425180.3615041014501498828390269      
   44348533165.3432725966825560975467814      
   44323751077.0958033324508624756496966      
   44298058583.4216774226271600661614666      
   44271435391.7271648923946480096399134      
   44243861151.4168824040642543758628458      
   44215315480.3600422433369978944250547      
   44185777964.0377885277081379322892944      
   44155228151.0778207250120532110902575      
   44123645546.4166015186965011465464664      
   44091009602.7432735609368237693068506      
   44057299709.5457826625542246123700048      
   44022495180.8745460401639579105401241      
   43986575241.7332534924323097620561251      
   43949519013.7754841348256053205506775      
   43911305500.5539495322450336082472259      
   43871913572.6065464193790801473456709      
   43831321952.4444976209529189747019083      
   43789509200.3385133540797480125570558      
   43746453701.4797960467511459647187247      
   43702133653.0297729922399069922257096      
   43656527053.5073791262016587106198133      
   43609611692.3485407609649465397301936      
   43561365141.9488429477089119632411988      
   43511764749.9615683901993119228059987      
   43460787633.5490875028767351375702476      
   43408410674.5190440718544250563872833      
   43354610515.7694601810885521830675356      
   43299363558.8639703771756146966033557      
   43242645961.5179329378228093950063461      
   43184433637.8085475657651009445064623      
   43124702255.9709179431752460336033411      
   43063427240.5219325541614049808685649      
   43000583771.9872138378076663101415566      
   42936146787.2015442306804380792541012      
   42870090982.1132981355817481125129661      
   42802390811.4002842077588926791156342      
   42733020526.9172849265919162012616452      
   42661954035.4200866029765688862117870      
   42589165118.2854746461498457198405874      
   42514627287.5438913704746654677237771      
   42438313821.9694020235834075417442245      
   42360197771.7832120520589807362379528      
   42280251958.8869444622302611235310688      
   42198448979.0832147456763947907811713      
   42114761204.0733704378800155107489712      
   42029160782.8521844190046844560549970      
   41941619644.8446210622395889794876452      
   41852109497.3274581684282629388085066      
   41760601830.7181988727740106328517449      
   41667067919.1397791771604218742170528      
   41571478822.3199922049207454048661498      
   41473805385.5754402067209376706969369      
   41374018241.9522421214875359437832385      
   41272087812.1985756557067344333583069      
   41167984307.2413096193153248438696009      
   41061677729.3543331692083630423646498      
   40953137872.5496356188696927597717776      
   40842334323.4809034680091708840856392      
   40729236462.4583183041344118168905749      
   40613813464.1120383454338733960921095      
   40496034298.8710400177252721210263631      
   40375867735.1313524914542996929490012      
   40253282336.5815475912907745604816028      
   40128246465.4091295842428825493094744      
   40000728280.8853545706752113158692610      
   39870695743.6999379550867792448488259      
   39738116612.7866071682724697096856179      
   39602958446.6041096333062087392510576      
   39465188607.1391544267890181264590915      
   39324774255.9817513454554991471274257      
   39181682356.6509790410540958222699214      
   39035879673.0192008033331861328263519      
   38887332774.1401740721234925681410513      
   38736008031.3660451663072887913621292      
   38581871620.1165505452754719258198570      
   38424889520.4291480838105503035299212      
   38265027516.1788380649947826977400664      
   38102251195.9144112354469230420796521      
   37936525952.6728130490361522915200968      
   37767816983.4020959304748380688935839      
   37596089292.1800457928902916457689196      
   37421307689.2629525636043183563663310      
   37243436790.2629386996464711829923506      
   37062441019.0860583298351106406155414      
   36878284598.7005301223890477388588912      
   36690931567.9451269292996261765288581      
   36500345769.2717181566537109212850240      
   36306490852.2961348127916863086444164      
   36109330273.1184245375940585702886864      
   35908827297.1239952028219886637375591      
   35704944992.8952798919847258044481235      
   35497646242.5066732966843779140112677      
   35286893733.4259146725285120757287999      
   35072649961.5991380826627214822707024      
   34854877229.4395004671121724501291957      
   34633537650.0979995674341428953472939      
   34408593144.1854182250090257203292591      
   34180005434.9248607249216813755898411      
   33947736071.2394125227171994890343756      
   33711746394.3581742733703434036648543      
   33471997560.2662353720415314266397861      
   33228450529.8793373129969115938815679      
   32981066078.4351941527952614063208745      
   32729804786.4723635038227638716659165      
   32474627047.0534208515745952285448752      
   32215493060.2917951605262886824933160      
   31952362834.8258201450007141376287410      
   31685196190.0244281525511335045095701      
   31413952755.1588625352671071958895992      
   31138591960.6469931169414021749794505      
   30859073074.7711850940111945258735108      
   30575355129.7383122031847305862218156      
   30287397001.7583791703304827983658482      
   29995157366.4465350945798036887635163      
   29698594708.7478739253060554048442164      
   29397667323.9737700752988874166605867      
   29092333316.3828827823077624195433149      
   28782550599.9812560562081511928748401      
   28468276898.6680152436981645051572582      
   28149469746.1334247027462412615062603      
   27826086475.9322726941757373821184700      
   27498084258.8283374742895250333863098      
   27165420050.9760071583194053011525994      
   26828050626.2784113407766797970879249      
   26485932567.5984666956741479765520950      
   26139022279.1682865762542971089075379      
   25787275938.4643997359245959915127063      
