   44856456060.6000088851374419569781670      
   44856449049.1697981015011205255148470      
   44856441284.7568419963198142980791329      
   44856432650.5161701118349584121184833      
   44856423013.8121054337006265247212813      
   44856412226.4855216627040503989688115      
   44856400125.2608349643241822120616989      
   44856386532.2341683731602565537203533      
   44856371255.5307898944352363902206810      
   44856354089.8963440357414409741917862      
   44856334817.4136653920630419528826903      
   44856313207.8584807457460682500228408      
   44856289019.2729122454987625161948157      
   44856261998.2876883135920111992826870      
   44856231880.2171494031338483692049926      
   44856198389.2885210714024076268427819      
   44856161238.2540886001677622061751274      
   44856120128.2233706714567668743144570      
   44856074748.0185630960349252095174373      
   44856024773.4894652758774022829312784      
   44855969866.5115705004211087726482616      
   44855909673.9609940786430348218528614      
   44855843825.9805724094732479444771782      
   44855771934.7854276148662980729203327      
   44855693592.6319832801979277725667812      
   44855608369.7717771003576567238079708      
   44855515812.2514945327688114329802117      
   44855415439.2313573884938386481233319      
   44855306740.4371715016695887147825147      
   44855189172.9631391790261704604467621      
   44855062158.1436986821626863784315876      
   44854925077.9348073607179709189529146      
   44854777271.2022345418045752530700647      
   44854618029.5169264747598483335233040      
   44854446592.8036170472304773000832317      
   44854262144.6378685359119762169974279      
   44854063807.1295592226086084127230583      
   44853850635.4845419859297085462712280      
   44853621612.1471848563073748145385644      
   44853375640.8775692918419963560091411      
   44853111539.5171565367966058824561890      
   44852828033.1473787345356522371470201      
   44852523746.3949144948262994231491628      
   44852197195.0135452576411363848649359      
   44851846777.0778914840642710313103188      
   44851470763.3418674543178167634745329      
   44851067287.0136918651818605564797825      
   44850634332.4862784744505331734918456      
   44850169723.4180905506078995411014081      
   44849671109.6705307599657600560739549      
   44849135953.6773079210636255019274397      
   44848561514.7929115727276949943869011      
   44847944833.5190177190236377214439719      
   44847282714.0404117850192050186664519      
   44846571705.7032544950525836876787805      
   44845808083.2947933134692310948803480      
   44844987826.5845597777081528057784564      
   44844106598.7736243699540861122564334      
   44843159724.5830638008743534614181964      
   44842142168.1987092331697529351965587      
   44841048511.4803691931502651954826658      
   44839872937.4648518554772342291107151      
   44838609194.8200766952105981542466088      
   44837250605.1680106240474004945211718      
   44835790033.9144555447474000694093033      
   44834219879.5446286539991933138749354      
   44832532088.3536874207551182362391663      
   44830718124.0665133389202220366273307      
   44828768992.4535641033560853092730304      
   44826675246.0307709705254123720469649      
   44824426997.9366704841224960983036163      
   44822013939.8263011628625681488878601      
   44819425362.5879305877984293994640530      
   44816650178.8528407635206974800514147      
   44813676946.5537529838969572352160367      
   44810493892.0666701336519511876304784      
   44807088923.5308400943560624043944989      
   44803449684.7510680710371134701439836      
   44799563526.3984128239002848146820520      
   44795417550.7286326297509325935401249      
   44790998617.3829893018079022885142653      
   44786293353.6469973055241524030081275      
   44781288161.7552127594054566648170911      
   44775969223.9942610558669166570696608      
   44770322505.9279107357768733674268725      
   44764333757.5815129183694587722007182      
   44757988513.4264620982649664765886612      
   44751272091.0556945092224719411859551      
   44744169589.4071078301307506737653773      
   44736665885.6307277122081771187618035      
   44728745632.6923675481592762058827478      
   44720393255.7066463203839051642537120      
   44711592949.0602702509388301455184693      
   44702328673.1969975076406661795316026      
   44692584151.8147634232908711590741873      
   44682342870.1111239220833428497302907      
   44671588071.9892648204785892949446680      
   44660302760.0897648376334358306537843      
   44648469694.4043289091127626223272830      
   44636071393.5270174135628570234542586      
   44623090135.8810329212422938457227586      
   44609507962.8603515365971345620706946      
   44595306677.6592251492595499607735974      
   44580467870.0158666019167063379795145      
   44564972895.0629282735375251865257635      
   44548802901.0863037297935706324308132      
   44531938835.2544846134153929030569814      
   44514361455.6397903314983167899400309      
   44496051345.2099516248675324811658306      
   44476988927.0106826869317728305092176      
   44457154480.3787180649659559557742943      
   44436528157.7469948063275667683121059      
   44415090001.7453397364757024152328509      
   44392819961.6555196409770062801636416      
   44369697909.1859903891526714959197517      
   44345703652.1048445679610320598044811      
   44320816970.3420320759003148612338449      
   44295017527.4627934212261119679018743      
   44268285026.8101843304780442612118254      
   44240599114.1590096532587319218081274      
   44211939403.6998214542595031359999217      
   44182285476.9398053721862505903132955      
   44151616877.8365778205806740863607554      
   44119913105.7783682515843727741769272      
   44087153606.5762671728617051618977102      
   44053317761.7485085798926153686144857      
   44018384875.6906812290970191624890128      
   43982334162.1755194011780169669647937      
   43945144729.9008498190540452673888903      
   43906795567.7086840569614813089239019      
   43867265529.7982546310796818608934484      
   43826533320.5195387702172050301741282      
   43784577480.5704204742618861267701914      
   43741376373.7488085646688378747475059      
   43696908174.8723319089100257963645193      
   43651150858.6016337608324882818119139      
   43604082189.7450537346061660627063122      
   43555679714.8804078063959332797514392      
   43505920755.0575484466520974626114549      
   43454782400.5185834749319962605521938      
   43402241505.5256696807497555996715583      
   43348274684.9874797052006209654526936      
   43292858312.4197950061184695905317834      
   43235968517.0297845182996253403749798      
   43177581184.4645411988822414901577268      
   43117671955.0329611197830487514198035      
   43056216224.3928341360181079009619470      
   42993189145.0610392665692792195622299      
   42928565625.6449104875200322305560131      
   42862320334.1339282484545487535102905      
   42794427697.4927893118912799405784138      
   42724861939.6890949502533082221014851      
   42653596940.7696800119522499532635997      
   42580606454.3468337408678429447489846      
   42505863965.6932472146264537943475748      
   42429342727.1343816289653214979821528      
   42351015761.6654521965649627891593114      
   42270855865.4615926827788711203551496      
   42188835608.0949680782866285193591634      
   42104927335.0405789086778020357279616      
   42019103169.8930202327256743824224847      
   41931335016.6749211605796464575523648      
   41841594556.9109077536001236962786343      
   41749853255.7012659460864455912106136      
   41656082362.7826775064835666669678942      
   41560252912.5704384734492328008888882      
   41462335725.6496573491318201064437977      
   41362301410.6158973920241496377504158      
   41260120363.6437435764382550231963448      
   41155762771.4879788799616648114073092      
   41049198612.1370228893853108644706502      
   40940397655.4750089035661498205282650      
   40829329464.0685474892441032544997638      
   40715963394.7648974511753304307494032      
   40600268598.2944457036647673161343250      
   40482214021.0405930086405940112330276      
   40361768408.2706973896835900432927812      
   40238900299.7478240945402344046119561      
   40113578034.5252329418346378178719199      
   39985769748.7231528332692382732943643      
   39855443379.1757317460075097276158157      
   39722566662.0621964759133460979117723      
   39587107132.8113032776973402044786838      
   39449032129.9176114156672877458172850      
   39308308792.3680010825980380234738593      
   39164904060.2198149985251355605649189      
   39018784674.7883099105881352755805135      
   38869917182.1135356650372097252596232      
   38718267930.7953080408285501014782997      
   38563803073.7302044294093069876222699      
   38406488567.7932140009965585809014849      
   38246290174.6232760279471210888889101      
   38083173459.9382608307935143051636680      
   37917103793.8670263366018767477776015      
   37748046351.0615907762304428046013650      
   37575966113.0461006011459419789297916      
   37400827868.3738420365208107648968013      
   37222596207.6633103576983986233904984      
   37041235534.6426063463588468360954866      
   36856710049.3952688894534301805238850      
   36668983768.1891907785986123632946150      
   36478020511.1063579190010407706226646      
   36283783905.3051601242447143948165682      
   36086237384.6607224846089293173726813      
   35885344192.2260173409513922254962258      
   35681067373.8198861680737135234189885      
   35473369789.9311549876498640815658521      
   35262214106.4572351392518274275315364      
   35047562793.9466161080420383951414223      
   34829378135.7708804462999151299545225      
   34607622221.7427780050938096686297176      
   34382256950.2716063458188903497842353      
   34153244022.3204482433717943475366889      
   33920544964.6679877506441724606093746      
   33684121096.4604942220000101846107624      
   33443933551.4050641750036071412632233      
   33199943267.6171948597467803378987163      
   32952110999.2040809035899004692451595      
   32700397304.2392614596427792544520083      
   32444762553.4819397540007162838996875      
   32185166924.9379876836917257192606728      
   31921570404.9239028356763702583875122      
   31653932791.1464491733468397981666451      
   31382213692.5306635009600948706686451      
   31106372511.1488314087911878250476465      
   30826368499.2529176146760051364239681      
   30542160665.3765959936333144262997163      
   30253707863.2446811684401448153499805      
   29960968746.4851676515249686754500451      
   29663901777.9069070444559242640026385      
   29362465230.7575613890285977485250488      
   29056617187.1773603228854414915778056      
   28746315539.0992602451279184117464024      
   28431517988.3656276719541961049764328      
   28112182046.5698101104518773512550712      
   27788265024.8829084934145273772142076      
   27459724072.8525332303933934886453032      
   27126516123.9608974441419489233621009      
   26788597930.2897947629546439838985979      
   26445926052.4401176636143658627673465      
   26098456872.5083987626882327017565389      
   25746146545.9638504449400868739539939      
   25388951076.9429943134491361529287782      
   25026826270.1888322381288838907318928      
   24659727729.3377288141823920367913500      
   24287610878.5746351264991323303012451      
   23910430950.0930417885142372228876152      
   23528142982.2781689501215971840354609      
   23140701828.9183703317318237377324407      
   22748062150.5501658724572173971269888      
   22350178417.1688746460761779199111581      
   21947004911.2808400370280316740566437      
   21538495725.5110005043336166495328044      
   21124604761.1897408731423106995383348      
   20705285731.2908297697003033207656254      
   20280492156.6016618815451849058764175      
   19850177361.5679951443773071645305215      
   19414294502.6919077753145572086887553      
   18972796528.7965086939072356689312908      
   18525636201.3459953757395776280416211      
   18072766095.5138927391680028050632230      
   17614138596.0511163798782720978185794      
   17149705897.7119376582522903005604393      
   16679420006.1916840305067907611140612      
   16203232735.5131389544063544135087947      
   15721095701.7998868307632692819326585      
   15232960351.4408748653915664966885756      
   14738777930.7831807317249188391963942      
   14238499495.7854005007133697707612713      
   13732075915.2011082523860170807171114      
   13219457867.5668676348457685217172398      
   12700595841.4491955124229994920200294      
   12175440136.0495129405015694469372652      
   11643940864.2230327596961332138774056      
   11106047934.9925038005420617554232610      
   10561711086.6553302000301610496284561      
   10010879863.3912593702492162131932614      
   9453503618.13209371152231189705779437      
   8889531513.33536898667896699690760594      
   8318912525.44192456472162692043099824      
