   330.54336601489189        568.34384145734668     
   330.49022503854388        568.34054437253519     
   330.43100847089522        568.33643215502696     
   330.36546409186604        568.33139328667653     
   330.29336690705304        568.32532024819682     
   330.21452047403460        568.31811299236279     
   330.12875746454813        568.30968221007970     
   330.03593947736204        568.29995229853944     
   329.93595603207422        568.28886390245555     
   329.82872277504401        568.27637599040224     
   329.71417897641066        568.26246740073475     
   329.59228433268220        568.24713785179540     
   329.46301520013361        568.23040841478155     
   329.32636038166140        568.21232147924184     
   329.18231644774033        568.19294023772954     
   329.03088272717002        568.17234776740156     
   328.87205666323695        568.15064557398796     
   328.70582793139278        568.12795210026241     
   328.53217370443315        568.10440066462218     
   328.35105337515625        568.08013731454184     
   328.16240356943234        568.05531846533802     
   327.96613334501558        568.03010840773504     
   327.76211956616396        568.00467671095168     
   327.55020262925950        567.97919557637272     
   327.33018243242935        567.95383715725825     
   327.10181468545107        567.92877087977615     
   326.86480751645212        567.90416077964028     
   326.61881846510340        567.88016289839686     
   326.36345177984049        567.85692272273673     
   326.09825607307698        567.83457271106192     
   325.82272231310287        567.81322990318563     
   325.53628218453764        567.79299361629489     
   325.23830665117583        567.77394329753247     
   324.92810507436275        567.75613637691310     
   324.60492447883348        567.73960636273421     
   324.26794920926528        567.72436098950766     
   323.91630092085342        567.71038050810148     
   323.54903894921847        567.69761612279558     
   323.16516100037791        567.68598853930121     
   322.76360420335175        567.67538667790802     
   322.34324664776568        567.66566653988764     
   321.90290921398173        567.65665022459666     
   321.44135804448626        567.64812515613039     
   320.95730721473018        567.63984336869282     
   320.44942214299130        567.63152114713580     
   319.91632341768133        567.62283876615231     
   319.35659112581391        567.61344053533151     
   318.76876957453152        567.60293485335762     
   318.15137269812527        567.59089486490404     
   317.50288966581695        567.57685908336839     
   316.82178770862356        567.56033223303280     
   316.10653040399086        567.54078681441968     
   315.35556617110086        567.51766412384814     
   314.56734565646633        567.49037616424573     
   313.74032451313747        567.45830739630912     
   312.87296840326997        567.42081683026527     
   311.96375711118259        567.37723995932333     
   311.01118757529684        567.32689093453564     
   310.01377582163798        567.26906466969137     
   308.97006106177361        567.20303899612156     
   307.87858870706151        567.12807523683477     
   306.73793264633827        567.04342177958267     
   305.54667429612761        566.94831395951235     
   304.30340152260032        566.84197541647143     
   303.00670206720895        566.72361873564535     
   301.65515600836210        566.59244571475006     
   300.24732724175192        566.44764753349966     
   298.78176347534713        566.28840543100466     
   297.25695572209861        566.11388613978590     
   295.67137230861744        565.92324686620532     
   294.02342356158414        565.71563104848440     
   292.31145949751215        565.49016829286552     
   290.53376172671176        565.24597358091569     
   288.68853649750167        564.98214658394431     
   286.77390831200188        564.69777118499871     
   284.78791481598830        564.39191531425888     
   282.72850296319683        564.06363113234966     
   280.59352647881934        563.71195579244988     
   278.38074527313779        563.33591274748449     
   276.08782686519811        562.93451383768240     
   273.71235025782653        562.50676221644449     
   271.25181315106192        562.05165638773940     
   268.70364275394064        561.56819540762410     
   266.06521096462808        561.05538544320291     
   263.33385627252699        560.51224813939905     
   260.50691130472194        559.93783052515425     
   257.58174003437784        559.33121726950878     
   254.55578436161812        558.69154509116231     
   251.42662329639828        558.01801966114488     
   248.19204596080391        557.30993524517078     
   244.85013894497695        556.56669683477753     
   241.39939243354928        555.78784517172562     
   237.83882084984700        554.97308374174361     
   234.16809817747418        554.12230709728760     
   230.38770814215442        553.23563048256960     
   226.49909492977318        552.31341735035028     
   222.50481254845832        551.35630424581143     
   218.40865836581034        550.36521952075066     
   214.21577855585574        549.34139345272706     
   209.93273321430513        548.28635672541168     
   205.56751046509643        547.20192470458460     
   201.12948059845789        546.09016623431557     
   196.62929004055067        544.95335712180849     
   192.07869564650781        543.79392003779401     
   187.49034790783656        542.61435491378097     
   182.87753564776898        541.41716524093317     
   178.25390805050279        540.20478640510737     
   173.63319121503895        538.97952171970405     
   169.02891568782232        537.74349090917042     
   164.45416863007014        536.49859359424340     
   159.92138060195589        535.24648856660667     
   155.44215238110857        533.98858773831103     
   151.02710389358182        532.72605682396977     
   146.68586582374459        531.45985444430232     
   142.42689653318075        530.19071733089049     
   138.25755047752708        528.91921087222465     
   134.18406057274831        527.64574854405805     
   130.21156620950430        526.37061697639615     
   126.34415914383131        525.09399898501056     
   122.58494316528544        523.81599391254031     
   118.93610370104595        522.53663501446295     
   115.39898435135521        521.25590396991504     
   111.97416729810115        519.97374275338814     
   108.66155539376921        518.69006321668564     
   105.46045360981296        517.40475475022572     
   102.36964829004405        516.11769038874752     
   99.387482725803025        514.82873167474008     
   96.511928129998893        513.53773257235082     
   93.740649237513978        512.24454259741469     
   91.071064158205843        510.94900943685695     
   88.500398273235859        509.65098107707183     
   86.025732186253776        508.35030755913209     
   83.644043977769456        507.04684254586255     
   81.352245908349587        505.74044457226125     
   79.147216086004988        504.43097811982915     
   77.025825404384847        503.11831454480563     
   74.984960203557250        501.80233283080355     
   73.021541133192230        500.48292020082448     
   71.132538614748441        499.15997264175297     
   69.314985292728153        497.83339528085099     
   67.565985882236930        496.50310266236681     
   65.882724771299806        495.16901895747367     
   64.262462537641454        493.83107058893864     
   62.702577384993134        492.48921675445109     
   61.200510198809198        491.14340292355382     
   59.753805099409334        489.79359205900283     
   58.360100217327805        488.43975688015678     
   57.017127089994389        487.08187944056357     
   55.722709682501218        485.71995097350066     
   54.474762892561941        484.35397168276916     
   53.271290533870925        482.98395045151960     
   52.110383184290825        481.60990461925059     
   50.990215469805158        480.23185966002757     
   49.909043577432264        478.84984891270688     
   48.865202386457106        477.46391324656520     
   47.857102464788461        476.07410084014299     
   46.883227171812592        474.68046665314750     
   45.942129821932255        473.28307234279879     
   45.032430649246770        471.88198589347826     
   44.152813974139733        470.47728122969619     
   43.302025387913730        469.06903801495810     
   42.478868903921601        467.65734121244776     
   41.682204307890821        466.24228072237469     
   40.910944917649289        464.82395201767986     
   40.164054301878402        463.40245411799583     
   39.440544539685625        461.97789079153904     
   38.739473571655303        460.55036956927063     
   38.059943095499257        459.12000176921038     
   37.401096326538237        457.68690201439762     
   36.762116114617420        456.25118823076065     
   36.142222831866725        454.81298115957975     
   35.540672602713485        453.37240431294060     
   34.956755537982239        451.92958351262661     
   34.389794001678524        450.48464693157541     
   33.839141053685211        449.03772471522706     
   33.304178885489073        447.58894871450678     
   32.784317390229887        446.13845237310755     
   32.278992823054658        444.68637056944010     
   31.787666420400932        443.23283925716072     
   31.309823246162054        441.77799545052261     
   30.844970939683929        440.32197695236022     
   30.392638715736087        438.86492218170235     
   29.952376151564433        437.40697000335814     
   29.523752295816109        435.94825960632221     
   29.106354686219515        434.48893028810772     
   28.699788464724357        433.02912133004133     
   28.303675507456841        431.56897181148832     
   27.917653623206743        430.10862059361466     
   27.541375770147340        428.64820590885915     
   27.174509348410634        427.18786554344132     
   26.816735515730308        425.72773652365584     
   26.467748539875604        424.26795503441957     
   26.127255155382880        422.80865644234063     
   25.794973981602116        421.34997490556430     
   25.470634984925844        419.89204355387773     
   25.153978926852151        418.43499406615211     
   24.844756924707390        416.97895692277450     
   24.542729841473744        415.52406113858132     
   24.247667982818246        414.07043417722718     
   23.959350608300905        412.61820191839917     
   23.677565505855771        411.16748849596729     
   23.402108637171942        409.71841639861975     
   23.132783750449814        408.27110606434155     
   22.869402052756257        406.82567625666456     
   22.611781866173370        405.38224371923349     
   22.359748318016436        403.94092319587412     
   22.113133044276992        402.50182738263140     
   21.871773884384616        401.06506659750596     
   21.635514691816983        399.63074982856273     
   21.404204951604086        398.19898308317471     
   21.177699624516293        396.76987041926111     
   20.955858889330408        395.34351369019527     
   20.738547946695615        393.92001240052025     
   20.525636764448151        392.49946386640136     
   20.316999905895965        391.08196302911171     
   20.112516333395320        389.66760250393304     
   19.912069227440750        388.25647257688115     
   19.715545824114272        386.84866120238974     
   19.522837213374572        385.44425390897379     
   19.333838228511002        384.04333391744302     
   19.148447269318400        382.64598207830983     
   18.966566163718369        381.25227687000648     
   18.788100066136252        379.86229473301967     
   18.612957187588286        378.47610876819436     
   18.441048884068532        377.09379071694292     
   18.272289398929594        375.71540968882221     
   18.106595772620892        374.34103241876903     
   17.943887746420341        372.97072336198289     
   17.784087654735583        371.60454467753345     
   17.627120326317243        370.24255625208485     
   17.472912990049085        368.88481572003013     
   17.321395183703281        367.53137848789521     
   17.172498668197957        366.18229774852148     
   17.026157343329757        364.83762451729672     
   16.882307170368808        363.49740765043140     
   16.740886097028586        362.16169390971442     
   16.601833979763295        360.83052792104502     
   16.465092515657204        359.50395223047894     
   16.330605186915538        358.18200741468740     
   16.198317181751293        356.86473199998386     
   16.068175337939795        355.55216253042636     
   15.940128088495461        354.24433363199364     
   15.814125400058225        352.94127801017595     
   15.690118721373883        351.64302649207963     
   15.568060934864800        350.34960811660022     
   15.447906301437691        349.06105010373375     
   15.329610411756105        347.77737788239773     
   15.213130145611105        346.49861517188322     
   15.098423632718429        345.22478405758091     
   14.985450198207245        343.95590491725540     
   14.874170327014784        342.69199651954875     
   14.764545626864324        341.43307606309412     
   14.656538789434350        340.17915920375464     
   14.550113554441056        338.93026008043250     
   14.445234673416872        337.68639137929136     
   14.341867886517699        336.44756441814388     
   14.239979875877907        335.21378906657191     
   14.139538241212792        333.98507384722842     
   14.040511471480672        332.76142598394574     
   13.942868915213914        331.54285140253592     
   13.846580753591867        330.32935481477489     
   13.751617972491328        329.12093969721178     
   13.657952338019602        327.91760837819606     
   13.565556371133175        326.71936202458642     
   13.474403328493288        325.52620074135945     
   13.384467173119958        324.33812354084972     
   13.295722556551105        323.15512842678891     
   13.208144795790993        321.97721238888943     
   13.121709849221100        320.80437142566285     
   13.036394296580546        319.63660051768920     
   12.952175358396191        318.47389416978240     
   12.869030806987839        317.31624555754837     
   12.786938997582084        316.16364717932413     
   12.705878839551152        315.01609072405080     
   12.625829775659639        313.87356708009656     
   12.546771778027304        312.73606645416095     
   12.468685321905463        311.60357830773904     
   12.391551372594398        310.47609140036360     
   12.315351373183008        309.35359384942734     
   12.240067228953087        308.23607312248714     
