   46.122950821287013        63.034256292502135     
   46.116546463999597        63.030939803948087     
   46.108994293104288        63.027038682429357     
   46.100136107926573        63.022478665327434     
   46.089795878941594        63.017178127125014     
   46.077778760914399        63.011047419429140     
   46.063870378430558        63.003988217240490     
   46.047836484515074        62.995892930702226     
   46.029423026390575        62.986644210347180     
   46.008356664087962        62.976114584782181     
   45.984345775950345        62.964166273670685     
   45.957081965975839        62.950651207187740     
   45.926242082910932        62.935411295032736     
   45.891490609070679        62.918278914920840     
   45.852482875073406        62.899077830316429     
   45.808867768767577        62.877624038890438     
   45.760291325822571        62.853727117095723     
   45.706399883940016        62.827191533282317     
   45.646843039161382        62.797818027461801     
   45.581276078191699        62.765404897440057     
   45.509361701924981        62.729749088134248     
   45.430771073944463        62.690647047982061     
   45.345182761849649        62.647894698096160     
   45.252283182759136        62.601288025343017     
   45.151763975488358        62.550622277455730     
   45.043317849585506        62.495690354049700     
   44.926636784975024        62.436282125137318     
   44.801406948116103        62.372182139758571     
   44.667304248693938        62.303167459978077     
   44.523989330363563        62.229005089722776     
   44.371102252359378        62.149449115072308     
   44.208256814803150        62.064237537646044     
   44.035035047263072        61.973089073079414     
   43.850978646460696        61.875698316511055     
   43.655584679653217        61.771732924401419     
   43.448295787020136        61.660827961450437     
   43.228491576289905        61.542580732805654     
   42.995478192569394        61.416544598470466     
   42.748476135110643        61.282221799165306     
   42.486605754746968        61.139054985366165     
   42.208869815222698        60.986417126765950     
   41.914132124553838        60.823599270568941     
   41.601091001991996        60.649795482779034     
   41.268245853429441        60.464084049371060     
   40.913854244401875        60.265403551198034     
   40.535875486758897        60.052521633513713     
   40.131895281117721        59.823993588498560     
   39.699021942918804        59.578105616098568     
   39.233739601414122        59.312794918956023     
   38.731692952376278        59.025532906637110     
   38.187359253483351        58.713147637503077     
   37.593525065803234        58.371541013615364     
   36.940405104978062        57.995213141540752     
   36.214092864161834        57.576428146281145     
   35.393641374360961        57.103646304712576     
   34.446252033405244        56.558977985700430     
   33.332286445259882        55.921230437830459     
   32.134325367038336        55.236885005466455     
   30.975184141854360        54.572141765288542     
   29.791950241006724        53.891622681048780     
   28.576708832967725        53.191406598918562     
   27.352345674647395        52.484614703953611     
   26.149058671992837        51.788367782301577     
   24.993483273894977        51.117723757150934     
   23.903673290393765        50.482868900105316     
   22.888595919361595        49.888848664898546     
   21.950110260393416        49.336700384599212     
   21.085500900023938        48.824894272681853     
   20.289560088744317        48.350510942551658     
   19.556056620425593        47.910069302704315     
   18.878605328857752        47.500012532513459     
   18.251140729507409        47.116970350146438     
   17.668135643713484        46.757877779896702     
   17.124679685386216        46.420016420327613     
   16.616461292115858        46.101001017259485     
   16.139729344240983        45.798756936466681     
   15.691228860942243        45.511483033641127     
   15.268136488962798        45.237615231327453     
   14.867999751359381        44.975792676958577     
   14.488682847961394        44.724827887067512     
   14.128318388581656        44.483680175860620     
   13.785273444221936        44.251438328722912     
   13.458106005119419        44.027295358987551     
   13.145544222224000        43.810538676920189     
   12.846460833790777        43.600536000926859     
   12.559853167088068        43.396724565583064     
   12.284826429090321        43.198602082587477     
   12.020579525708365        43.005719019319386     
   11.766393000203839        42.817671983707889     
   11.521618725952008        42.634098028572076     
   11.285671064454757        42.454669727294544     
   11.058019272249728        42.279090918484243     
   10.838180942199827        42.107093005306822     
   10.625716344679210        41.938431746567453     
   10.420223516222913        41.772884459368214     
   10.221334017986573        41.610247597671055     
   10.028709217997214        41.450334627344752     
   9.8420371078339208        41.292974202693280     
   9.6610294446073652        41.138008517247378     
   9.4854193557372515        40.985291952803408     
   9.3149591519583890        40.834689823101947     
   9.1494184585130807        40.686077304487405     
   8.9885825581913252        40.539338497554638     
   8.8322509100732685        40.394365589068009     
   8.6802358771991379        40.251058135642872     
   8.5323615798026093        40.109322413857925     
   8.3884628471186122        39.969070838224170     
   8.2483843498777141        39.830221475358940     
   8.1119797661082664        39.692697580107819     
   7.9791110425844609        39.556427186434817     
   7.8496477769654964        39.421342767120457     
   7.7234665947284515        39.287380888207025     
   7.6004506366821190        39.154481928538914     
   7.4804890806634550        39.022589819216343     
   7.3634766898834014        38.891651791040360     
   7.2493134474531793        38.761618180447229     
   7.1379041688672205        38.632442212491441     
   7.0291581781312242        38.504079822353873     
   6.9229890380911980        38.376489513261674     
   6.8193142446820572        38.249632185845947     
   6.7180549635316060        38.123470983805674     
   6.6191358515423664        37.997971208766778     
   6.5224847762960909        37.873100134172191     
   6.4280327305330154        37.748827042446990     
   6.3357135137397274        37.625122926280540     
   6.2454636495917919        37.501960515493060     
   6.1572222311874096        37.379314177529324     
   6.0709307453947723        37.257159808299008     
   5.9865329727308900        37.135474780639768     
   5.9039748371879490        37.014237847528804     
   5.8232043229219981        36.893429121223683     
   5.7441713243291179        36.773029905653196     
   5.6668275911217343        36.653022767801026     
   5.5911266289976567        36.533391413177100     
   5.5170235813687576        36.414120620738181     
   5.4444751926502564        36.295196229948075     
   5.3734396876524428        36.176605051020964     
   5.3038767481718958        36.058334863165449     
   5.2357474106992621        35.940374337681000     
   5.1690140133213989        35.822713003490101     
   5.1036401548987547        35.705341224167825     
   5.0395906156021821        35.588250138016967     
   4.9768313156465975        35.471431629030683     
   4.9153292792251495        35.354878306921414     
   4.8550525589901303        35.238583441893788     
   4.7959702232594541        35.122540965238130     
   4.7380522976937733        35.006745420796229     
   4.6812697294787604        34.891191934466811     
   4.6255943547689009        34.775876195905326     
   4.5709988572806326        34.660794418862551     
   4.5174567439883866        34.545943324339262     
   4.4649423068860319        34.431320109752278     
   4.4134305948439465        34.316922425653630     
   4.3628973871491681        34.202748351564054     
   4.3133191643815492        34.088796372154036     
   4.2646730857705517        33.975065357006983     
   4.2169369591313499        33.861554531599502     
   4.1700892315887579        33.748263476354062     
   4.1241089483720188        33.635192079809038     
   4.0789757464663543        33.522340539779961     
   4.0346698204807465        33.409709323321806     
   3.9911719257547915        33.297299183829338     
   3.9484633337343782        33.185111102299466     
   3.9065258249327321        33.073146275706790     
   3.8653416960124516        32.961406182168886     
   3.8248936994365454        32.849892430591353     
   3.7851650500051561        32.738606814464958     
   3.7461394291815147        32.627551352739708     
   3.7078009334652444        32.516728162835626     
   3.6701340841217855        32.406139518650534     
   3.6331238099981915        32.295787824343371     
   3.5967554331274392        32.185675597253791     
   3.5610146576585686        32.075805458478627     
   3.5258875574237405        31.966180119763109     
   3.4913605649594124        31.856802372725369     
   3.4574204613723705        31.747675079269492     
   3.4240543645018136        31.638801159398124     
   3.3912497197976292        31.530183583008814     
   3.3589942918538629        31.421825362913690     
   3.3272761519850058        31.313729539692570     
   3.2960836716756421        31.205899178225568     
   3.2654055148872958        31.098337362411236     
   3.2352306247220195        30.991047175547337     
   3.2055482212080779        30.884031708637863     
   3.1763477898754036        30.777294040985137     
   3.1476190748964110        30.670837239569533     
   3.1193520723220947        30.564664351728069     
   3.0915370226960559        30.458778399018261     
   3.0641644063933655        30.353182379292754     
   3.0372249332009837        30.247879249963535     
   3.0107095384153100        30.142871930334142     
   2.9846093740472583        30.038163290125908     
   2.9589158082747113        29.933756157997074     
   2.9336204207023711        29.829653334859898     
   2.9087149708157489        29.725857474174301     
   2.8841914364547336        29.622371263816852     
   2.8600419782153592        29.519197297379783     
   2.8362589427716500        29.416338105469187     
   2.8128348563146486        29.313796147698476     
   2.7897624197478827        29.211573811002754     
   2.7670345092011628        29.109673423099125     
   2.7446441626133806        29.008097223157431     
   2.7225845860769953        28.906847394791662     
   2.7008491386904572        28.805926028857098     
   2.6794313338382731        28.705335140134178     
   2.6583248350679631        28.605076664011932     
   2.6375234533948864        28.505152463393042     
   2.6170211407569499        28.405564315873978     
   2.5968119849432019        28.306313908577494     
   2.5768902172928172        28.207402877836369     
   2.5572501929930298        28.108832751514392     
   2.5378863977206896        28.010604984373057     
   2.5187934449727334        27.912720962214323     
   2.4999660619783710        27.815181955122192     
   2.4813991025373161        27.717989185669659     
   2.4630875336499840        27.621143785379406     
   2.4450264354211737        27.524646806740126     
   2.4272109959065880        27.428499212792417     
   2.4096365163311484        27.332701918533029     
   2.3922983964103555        27.237255729000438     
   2.3751921400352383        27.142161383517781     
   2.3583133506921055        27.047419545663466     
   2.3416577290245453        26.953030804303413     
   2.3252210703869802        26.858995674351988     
   2.3089992682691927        26.765314622622029     
   2.2929882882729800        26.671987966867345     
   2.2771841998517957        26.579016018778148     
   2.2615831608228327        26.486399042967943     
   2.2461814037384764        26.394137186513028     
   2.2309752457266949        26.302230545600001     
   2.2159610838703334        26.210679152978923     
   2.2011353929675344        26.119482975513382     
   2.1864947242192430        26.028641919576597     
   2.1720357028826927        25.938155830112713     
   2.1577550263062393        25.848024490982002     
   2.1436494627451395        25.758247628758969     
   2.1297158495072606        25.668824913350242     
   2.1159510913757797        25.579755959690491     
   2.1023521585153433        25.491040326890513     
   2.0889160865408858        25.402677527413367     
   2.0756399735954529        25.314667021936163     
   2.0625209787571497        25.227008219902931     
   2.0495563206254555        25.139700480047946     
   2.0367432759855681        25.052743113872172     
   2.0240791804494482        24.966135395991728     
   2.0115614247079683        24.879876553912570     
   1.9991874539121199        24.793965772699632     
   1.9869547662116358        24.708402195459509     
   1.9748609139959528        24.623184937403845     
   1.9629034981546154        24.538313063185978     
   1.9510801699524385        24.453785604258005     
   1.9393886273501335        24.369601542687263     
   1.9278266226248066        24.285759877456037     
   1.9163919476744156        24.202259524458348     
   1.9050824421491326        24.119099386261123     
   1.8938959896371494        24.036278333476734     
   1.8828305188664960        23.953795218644419     
   1.8718839993842711        23.871648858258730     
   1.8610544424488342        23.789838044033107     
   1.8503399002057221        23.708361545653723     
   1.8397384645159058        23.627218110036054     
   1.8292482659755931        23.546406461611053     
   1.8188674731676053        23.465925305021752     
   1.8085942922824105        23.385773328127904     
   1.7984269655543865        23.305949199094616     
   1.7883637704887003        23.226451567295346     
   1.7784030193750198        23.147279066342293     
   1.7685430586587469        23.068430316069964     
   1.7587822680906831        22.989903923012900     
   1.7491190596592709        22.911698478594797     
   1.7395518775705534        22.833812565568451     
   1.7300791977383361        22.756244759950036     
   1.7206995251515267        22.678993617448903     
   1.7114113977446035        22.602057710718174     
   1.7022133757173419        22.525435546135469     
   1.6931040545182974        22.449125679784252     
   1.6840820555161913        22.373126644016640     
   1.6751460270393017        22.297436963001729     
   1.6662946449864084        22.222055162900670     
   1.6575266104793223        22.146979758441745     
