   372.877051791811804445637517297994475      
   510.647860507206604117142203447929153      
   676.758948562714984430863553292178574      
   870.981000382910093817439113343316598      
   1091.80776242830694053738077158438225      
   1336.58064852792219888964458047459508      
   1601.71153502037091487484479545177210      
   1883.15436108450327476431000034838545      
   2176.83055395848398952466125710168209      
   2479.18311887705002780983226279735484      
   2787.71683040764818581067876285607268      
   3101.42539854942972080217794450641063      
   3421.21080426709224682268930915027990      
   3750.08570680012101881083685865888703      
   4093.34264513884201939360936959808390      
   4458.45262981303838842665830003631958      
   4854.97540012005360799002810653944968      
   5294.32223736517490819492618977625594      
   5789.42667585056228809914969756869505      
   6354.39792934604645702967992501690881      
   7004.18634042564885781836615660231866      
   7754.23676477418227568612127357302021      
   8620.16744888798453684091314975649078      
   9617.47901787401180905248035664765352      
   10761.3702355299767539043514798067022      
   12066.4950705386866863740865881991350      
   13546.8790976861257612298437286286603      
   15215.8039566948650532519025742167709      
   17085.8057528110533576573097390693922      
   19168.6426112451639608311129888460874      
   21475.3566075088021256067905237884164      
   24016.3531154173255452569992842765723      
   26801.4585665625331816567095999895811      
   29840.0858148251089700165324715111778      
   33141.3485102720124674842120474146892      
   36714.2225748363217019807127579368040      
   40567.6825944131487804608746300974348      
   44710.8778766787330379761360848293439      
   49153.3180460124081287499378906264823      
   53904.9885301369929466271577857765504      
   58976.6129709650426933504255792350120      
   64379.7582865499311859438208925166334      
   70127.0256597062232830258264190265047      
   76232.2333962042348163021813412369576      
   82710.5728032992486339699432696826656      
   89578.8545232766678522304267369451802      
   96855.5488486070925258683015899036813      
   104561.118375569191181069240869198201      
   112718.093076929282110385919791197667      
   121351.273678911260466298343715232561      
   130487.962533891873608316267667428634      
   140158.125711137884370944893310971536      
   150394.623309919899152211198677340202      
   161233.329637229115216033980276443880      
   172713.491922206509410083609091235413      
   184877.895064760462432972036534791572      
   197773.022945601296455756550979973701      
   211449.446941947603102723550769362503      
   225962.033051052254444918039065811520      
   241370.207445977369852991929580523204      
   257738.282152100932400143629682543873      
   275135.762683515758700623666033378906      
   293637.764204648494203968800720190449      
   313325.256087737213736376599874624589      
   334285.573548573215885322847077238241      
   356612.844930799793397578477225119738      
   380408.383399317689663232780103755725      
   405781.323494200475525346433566332545      
   432849.124914116656035755455458987420      
   461738.257021554864889043062344415853      
   492584.859409035190576381321685573651      
   525535.556148101451310715591829859058      
   560748.348625030291870459321221892814      
   598393.531600052914276694609716980566      
   638654.822752619188842361011033285494      
   681730.555352571802615902483544689105      
   727834.982100262498501466058210459592      
   777199.772865697310804063585077222345      
   830075.602542104472591723135145529815      
   886733.937246235352953093010541847757      
   947469.069551852065962571034876735971      
   1012599.45329651898330236075392835978      
   1082470.96552811237182941791530785769      
   1157457.63971358189583779841242524649      
   1237964.01281720191429617121678702559      
   1324425.69618868894925725329058998733      
   1417311.00483205553194057847479799042      
   1517118.79652437419365684334809515491      
   1624377.99283412543268156511481388361      
   1739642.63835527464849030829727793882      
   1863488.61061177871612003511934280967      
   1996506.54863242171201058355259153682      
   2139293.35119982596552318894304211716      
   2292445.57149003428845082015009501749      
   2456547.95479159592435120755820451522      
   2632165.98804985412556881232891776721      
   2819837.39177437447190883580288168683      
   3020066.11098939400853360066671991126      
   3233314.30298719076125899754384862733      
   3460003.40616453158704942406779384145      
   3700511.61845759541614550188692112340      
   3955172.44993153323719322903703007794      
   4224281.97471369330281747004009390661      
   4508101.03431944727904251648526521468      
   4806860.98795530055944017690868743205      
   5120769.07206910704853525287460132816      
   5450014.15107109788936287462141596787      
   5794774.75491885788633292090465262583      
   6155220.03325765143932420828764069487      
   6531515.59385648478233443479112477320      
   6923828.98010701172862682366382762991      
   7332328.72081875980444412374098700389      
   7757187.70141280753129311519792344638      
   8198584.27190467248902827427841670403      
   8656703.21695130934014109963369744125      
   9131736.57221035287755282242405539772      
   9623880.39054998205679365682756820591      
   10133339.7395147883004762418586237630      
   10660324.5247170866010311258178146036      
   11205049.5859042221795988295958020077      
   11767735.7750609393438266528145666900      
   12348608.5914073408268867740666182859      
   12947895.8995690038018930579219411587      
   13565826.7511063258831309050634938886      
   14202633.7050396653811372912282081518      
   14858551.8526287026290791050244608059      
   15533812.6564961199477066129549994357      
   16228647.2038501805024510048354033044      
   16943284.3643992646358204245303989291      
   17677949.6395708379382242556069266724      
   18432860.1432738023789909018598376381      
   19208229.5157453938672155224055137856      
   20004262.1524249061824703163331605479      
   20821152.9585897748349358201421090666      
   21659083.0101246567909160025355151457      
   22518228.3888074494898068813169712137      
   23398744.6891577229650913728725276723      
   24300773.0716930569106057743391008508      
   25224447.6751643512869956089889937497      
   26169879.6022603361137754536699461100      
   27137168.1153457211697973370627380244      
   28126397.7267217512413989537859280499      
   29137640.0439826036153761135886443962      
   30170957.0532552582383179845657556178      
   31226393.2109257079024705503342578934      
   32303992.2244908167530817029164996786      
   33403791.4858751690092508988332240280      
   34525818.3581009183423344778639404574      
   35670105.8310906538333546362965392158      
   36836686.3656217911327988048590565584      
   38025596.5285634009820822804434598791      
   39236878.4620080056555798318539521577      
   40470586.4581165101008038280729771341      
   41726782.5751163774348860850767811100      
   43005542.1896004899918235651247811202      
   44306955.6028005640816844483500525928      
   45631127.9514111530636887072892144840      
   46978178.1548325662262633553582348997      
   48348243.1052634113151792709966961593      
   49741471.7148556423360040167313218415      
   51158031.4515733370719951431815606943      
   52598100.7990534810863849718323208980      
   54061873.4296663057916780305134098995      
   55549551.3663120592071415018665952766      
   57061346.8556925179383782999728691047      
   58597481.0119637170392886303937222812      
   60158182.7806284132455460852800963429      
   61743682.3196729824928924038379602782      
   63354218.3136895515001990849788031256      
   64990030.9011918578885389652777425375      
   66651362.1693944407244608203354743513      
   68338452.2616748256533241552236150696      
   70051551.6704461066992753873995115162      
   71790900.2136073161651087421593869730      
   73556737.3928259384055430260205249207      
   75349312.5333924777866266469712179560      
   77168862.0351111474253379175259554775      
   79015625.1893865370577314933478721884      
   80889839.2712754761618890221775129017      
   82791739.6710058431274103890817141510      
   84721563.6028169474026234072967881893      
   86679535.1600348932519687864473592808      
   88665888.0092264990028739559945010284      
   90680852.7860904479944700749390026696      
   92724649.0516400629700494410911558837      
   94797503.7021306142644539475357272714      
   96899639.3892832358795132637995798490      
   99031276.1986300212945510476562485427      
   101192631.175904499450958636290654826      
   103383925.012987684723276399474142428      
   105605371.171916860848474451750487617      
   107857184.659460714897966633095735443      
   110139578.744725236101939626030056622      
   112452762.715790328180170765405166298      
   114796948.480875191192709628613929937      
   117172343.174930803932147473990559022      
   119579156.355606761635721979017837687      
   122017595.845404114189806529047175674      
   124487865.396174567981945519236523127      
   126990170.368100988558810240028346660      
   129524714.642558342173011456913434703      
   132091701.186086580709157450921646446      
   134691332.218158601424138451724481314      
   137323809.208299284714254836682150925      
   139989332.891269159377180099544067425      
   142688103.577704613031271213769628923      
   145420320.528981359353071328046360675      
   148186182.628240650579420663937885861      
   150985888.183722725259386726981024003      
   153819634.812358512336496911071652473      
   156687619.735273523559982460684433665      
   159590039.166984006948070411397531435      
   162527090.083005371714717914106935426      
   165498968.069875499895153842438084450      
   168505867.963494123421436233544810282      
   171547985.699735851854321927325706651      
   174625515.278159086073417589161944801      
   177738651.138331791316098162282551074      
   180887587.192504509479920079755375162      
   184072517.142416928854605989616832230      
   187293635.238566180896168196660758166      
   190551133.589021149525346776816330723      
   193845205.826747592370962455994276399      
   197176044.785184739906029834909075918      
   200543842.265493023226722853390769673      
   203948791.258001386619184751177910052      
   207391082.947436680589915441794886574      
   210870910.085110085520912396497310507      
   214388463.083976774795990588353781416      
   217943934.649922409907840262679252678      
   221537515.658697343109110468863758550      
   225169397.834975353381460802720962244      
   228839772.582135403474855107895867999      
   232548829.661242879256033986643269741      
   236296761.929203525862339933226122342      
   240083758.706148584361052780453567762      
   243910010.872059173037390142035154804      
   247775709.926030323661762668603880507      
   251681045.872452058744895814982932177      
   255626209.369824214990316601031073834      
   259611390.141124791364404294780432969      
   263636779.561624251155648652560695646      
   267702567.990025241086930816385053025      
   271808944.765647325528185349395751208      
   275956100.366441252674898403821014822      
   280144225.552629749916299190740754752      
   284373509.245150788460975020586872875      
   288644142.006944044009960095940553672      
   292956314.211668772112733010355166501      
   297310216.013104140466888900405130562      
   301706036.767189233509750850350219640      
   306143966.224683854844317564559153671      
   310624195.088298613805240507696306111      
   315146912.524000694380779454552721397      
   319712308.445509661934134511387840369      
   324320573.330086492943203619947653367      
   328971896.166476501283451119783816612      
   333666467.751769104651269605750801390      
   338404475.517560831857759179900613376      
   343186112.540303018403033089608697394      
   348011566.619916625705903605543163600      
   352881026.466687814085814927751747373      
   357794683.358178163858886238135154470      
   362752727.570532946216413901103573771      
   367755347.308362376046786655317174871      
   372802732.531131272691330863821194544      
   377895072.947019155580173673589893806      
   383032560.369897410499230492410892488      
   388215380.558470920349817636001719058      
   393443725.178049917801163306205687431      
   398717785.473210244155764751032990918      
   404037749.140168364770446615089018625      
   409403803.253381235074559323974587861      
   414816140.887424027904340792921963202      
   420274953.635281292078123155487865811      
   425780424.793905764308877920616759570      
   431332747.745771692839301305252166813      
   436932113.821606466532407077767364370      
   442578710.593562880321535296829852352      
   448272725.212211600133877445361660464      
