   330.54224626894478        568.34370715909915     
   330.48850900975117        568.34041375332981     
   330.42843578066584        568.33633729654662     
   330.36168459926898        568.33138540612890     
   330.28791802059783        568.32547528336750     
   330.20680098118936        568.31853765064602     
   330.11799798506007        568.31052027528403     
   330.02116927941125        568.30139104099419     
   329.91596655619526        568.29114028135496     
   329.80202797166834        568.27978241545384     
   329.67897270340183        568.26735677830493     
   329.54639513256615        568.25392763382320     
   329.40385894210317        568.23958340866011     
   329.25089109038663        568.22443513900384     
   329.08697591240809        568.20861424898590     
   328.91154953230415        568.19226965345513     
   328.72399459980676        568.17556436353073     
   328.52363554756391        568.15867159847039     
   328.30973445470562        568.14177054914433     
   328.08148758979712        568.12504186398246     
   327.83802271101899        568.10866294620303     
   327.57839708915986        568.09280321282392     
   327.30159652514720        568.07761924734541     
   327.00653511734629        568.06325013764706     
   326.69205586020206        568.04981287121586     
   326.35693223874068        568.03739801221104     
   325.99987056889631        568.02606561998471     
   325.61951317378174        568.01584148690813     
   325.21444231544427        568.00671379922335     
   324.78318482977045        567.99863019777467     
   324.32421557204140        567.99149547846650     
   323.83596932192387        567.98516878252974     
   323.31683777595174        567.97946327824206     
   322.76518109270739        567.97414437504779     
   322.17933232679684        567.96892938468636     
   321.55760283078996        567.96348748329694     
   320.89828695714073        567.95744008291808     
   320.19966578882469        567.95036156446486     
   319.46000969651647        567.94178033372714     
   318.67757926812379        567.93118015850712     
   317.85062477813176        567.91800145961804     
   316.97738351903195        567.90164278653572     
   316.05607823386720        567.88146207664602     
   315.08489738262961        567.85677799281041     
   314.06201046995704        567.82687038265374     
   312.98552746234225        567.79098087832426     
   311.85352000493594        567.74831306643955     
   310.66398413065730        567.69803190550692     
   309.41481288594485        567.63926204265454     
   308.10380965629588        567.57108702413814     
   306.72864830122143        567.49254639102276     
   305.28685665021828        567.40263312168815     
   303.77579325885949        567.30029004536061     
   302.19262338049015        567.18440624375773     
   300.53429218403153        567.05381231405397     
   298.79749659600515        566.90727583299338     
   296.97865412710860        566.74349605511838     
   295.07386949504183        566.56109863257268     
   293.07889803803914        566.35862995714820     
   290.98910530241358        566.13455157587862     
   288.79942265599010        565.88723464232680     
   286.50429863931532        565.61495480310714     
   284.09764520572037        565.31588758855798     
   281.57277894992239        564.98810479692224     
   278.92235717674856        564.62957225240132     
   276.13831096946518        564.23814993802250     
   273.21177757033792        563.81159488393735     
   270.13303654472691        563.34756877073153     
   266.89146205559871        562.84365185252238     
   263.47550965551011        562.29736627723798     
   259.87278888372543        561.70621627259970     
   256.07018145976400        561.06773358868872     
   252.05433700314106        560.37958141797606     
   247.81235861294527        559.63967011120894     
   243.33306433859246        558.84633772947063     
   238.60882659812498        557.99857929981022     
   233.63785977388497        557.09630233973178     
   228.42640762013721        556.14054845974579     
   222.98994225248603        555.13360995978121     
   217.35284939436460        554.07902477966286     
   211.54710684111450        552.98151557416531     
   205.61095549080073        551.84692534484475     
   199.58784894854773        550.68208386013066     
   193.52503180794727        549.49449177765996     
   187.47119663140765        548.29180732541920     
   181.47361580668579        547.08128755284554     
   175.57506305947041        545.86925166948754     
   169.81175276125254        544.66079297433521     
   164.21217447557692        543.45966874447493     
   158.79695780695570        542.26836777986603     
   153.57948360512083        541.08828410589535     
   148.56693183965308        539.91993576327684     
   143.76149488448678        538.76318392061683     
   139.16156463787357        537.61742682529405     
   134.76276698285764        536.48175311460602     
   130.55889842961426        535.35508466657598     
   126.54249417144993        534.23623235757475     
   122.70542226845717        533.12398403520206     
   119.03923355386812        532.01714147019811     
   115.53542426914981        530.91454916074463     
   112.18561581789702        529.81511266038945     
   108.98167482066633        528.71780920607171     
   105.91578696816048        527.62169332422684     
   102.98050136125779        526.52589845508521     
   100.16875260481223        525.42963599388099     
   97.473867612406821        524.33219252197625     
   94.889562098516933        523.23292580969814     
   92.409930096805098        522.13126007250321     
   90.029428997151328        521.02668082898776     
   87.742861796858961        519.91872965446589     
   85.545357926754406        518.80699900296850     
   83.432353469047825        517.69112726852109     
   81.399571446025860        516.57079418041189     
   79.443003112920309        515.44571701788993     
   77.558887525734221        514.31564503152526     
   75.743688086334785        513.18035212055156     
   73.994110458884094        512.03965860796006     
   72.307032144156366        510.89338872468210     
   70.679525741277075        509.74139531930001     
   69.108836603426397        508.58355137948587     
   67.592370283826838        507.41974803343919     
   66.127681296694291        506.24989309098783     
   64.712462753294446        505.07390974053550     
   63.344536769673297        503.89173541507324     
   62.021845683356062        502.70332080885493     
   60.742443912289602        501.50862900474738     
   59.504490511366100        500.30763471893317     
   58.306242247951666        499.10032361470536     
   57.146047288901293        497.88669170022285     
   56.022339285275770        496.66674478805743     
   54.933632007203194        495.44049798610052     
   53.878514285177154        494.20797524430219     
   52.855645423102715        492.96920893840434     
   51.863750888383585        491.72423948751288     
   50.901618231165635        490.47311491490467     
   49.968093647771013        489.21589063380560     
   49.062078331327797        487.95262903006341     
   48.182525138230638        486.68339899818716     
   47.328436193856682        485.40827605644461     
   46.498859458115838        484.12734156360131     
   45.692886536598316        482.84068273454193     
   44.909650249129925        481.54839232469408     
   44.148322189217232        480.25056821951893     
   43.408110925435835        478.94731341183598     
   42.688259669776699        477.63873544162442     
   41.988044858351543        476.32494650900873     
   41.306773964488748        475.00606281304869     
   40.643784363951490        473.68220472716553     
   39.998441385214313        472.35349622199300     
   39.370137202006099        471.02006484389102     
   38.758289294695579        469.68204138551465     
   38.162339370266089        468.33955978556594     
   37.581751922512311        466.99275666068655     
   37.016013423972289        465.64177142419879     
   36.464630970394985        464.28674574922070     
   35.927131502884222        462.92782358978246     
   35.403060818012314        461.56515093554998     
   34.891982585557905        460.19887547208776     
   34.393477653188185        458.82914658660343     
   33.907143175360737        457.45611505296370     
   33.432591865303820        456.07993288005144     
   32.969451300998969        454.70075311753868     
   32.517363255237697        453.31872967145586     
   32.075983070437324        451.93401719228569     
   31.644979030667251        450.54677083531220     
   31.224031789060458        449.15714609704429     
   30.812833800073431        447.76529849039810     
   30.411089004694126        446.37138419196441     
   30.018512028149395        444.97555869780564     
   29.634827893788103        443.57797741592776     
   29.259771573787567        442.17879533887924     
   28.893087536987593        440.77816695066326     
   28.534529370980668        439.37624608887961     
   28.183859371378134        437.97318574467198     
   27.840848231503696        436.56913808730326     
   27.505274647421111        435.16425419599756     
   27.176925023426378        433.75868404844289     
   26.855593124957007        432.35257632158380     
   26.541079836345002        430.94607840258442     
   26.233192809118048        429.53933617164665     
   25.931746213236355        428.13249393909888     
   25.636560512337518        426.72569443511651     
   25.347462170453984        425.31907861652286     
   25.064283472829242        423.91278572971299     
   24.786862226064521        422.50695305723389     
   24.515041581897638        421.10171592171264     
   24.248669852625341        419.69720768885026     
   23.987600279256682        418.29355963189357     
   23.731690852166611        416.89090086541614     
   23.480804154179484        415.48935836996475     
   23.234807131094936        414.08905679982041     
   22.993571014634831        412.69011867541690     
   22.756971095052482        411.29266414020731     
   22.524886575815390        409.89681090844033     
   22.297200467413436        408.50267441899240     
   22.073799405271942        407.11036760487542     
   21.854573562537180        405.72000107251375     
   21.639416464659860        404.33168283062560     
   21.428224949961535        402.94551860272071     
   21.220898970173728        401.56161151325637     
   21.017341494421135        400.18006207714552     
   20.817458460291540        398.80096850734071     
   20.621158613689623        397.42442642743265     
   20.428353427958466        396.05052895987319     
   20.238956997653069        394.67936666926607     
   20.052885959759358        393.31102762613989     
   19.870059418225836        391.94559748419420     
   19.690398851207728        390.58315941196832     
   19.513827982657833        389.22379397282958     
   19.340272739256868        387.86757903692012     
   19.169661306442350        386.51459104953483     
   19.001923801340507        385.16490299715429     
   18.836992378440122        383.81858581384665     
   18.674801113792963        382.47570796908389     
   18.515285960631449        381.13633569224623     
   18.358384669140133        379.80053282971608     
   18.204036719444662        378.46836086530521     
   18.052183322280577        377.13987917652526     
   17.902767277934537        375.81514472798398     
   17.755732982163231        374.49421232886021     
   17.611026380106342        373.17713471326937     
   17.468594843990665        371.86396218536163     
   17.328387186289021        370.55474290860275     
   17.190353699986684        369.24952356864225     
   17.054445930999531        367.94834823631771     
   16.920616816933638        366.65125969052974     
   16.788820351424803        365.35829695708838     
   16.659011989386535        364.06949910996252     
   16.531148257503489        362.78490244733825     
   16.405186848366288        361.50454151758413     
   16.281086568175713        360.22844904710183     
   16.158807303135745        358.95665598110872     
   16.038309985359692        357.68919151030877     
   15.919556562939849        356.42608312335273     
   15.802509969264552        355.16735664328132     
   15.687134093368101        353.91303626458614     
   15.573393751679943        352.66314459300514     
   15.461254659059369        351.41770267222853     
   15.350683408394524        350.17673007884360     
   15.241647427390113        348.94024480384741     
   15.134114983613838        347.70826354246634     
   15.028055132485308        346.48080148899328     
   14.923437709475852        345.25787251567289     
   14.820233295786636        344.03948911641021     
   14.718413224754979        342.82566263661772     
   14.617949517950901        341.61640301613704     
   14.518814899812817        340.41171906120798     
   14.420982762265906        339.21161836403797     
   14.324427150698352        338.01610739112465     
   14.229122746932246        336.82519151651928     
   14.135044853983203        335.63887510950707     
   14.042169359272647        334.45716131575745     
   13.950472737890321        333.28005234195444     
   13.859932038224146        332.10754947730771     
   13.770524855996518        330.93965303661997     
   13.682229322947473        329.77636242381249     
   13.595024092008604        328.61767615918217     
   13.508888322787191        327.46359189978858     
   13.423801669977779        326.31410651663623     
   13.339744268558912        325.16921608870973     
   13.256696722834041        324.02891595407777     
   13.174640084245722        322.89320062072790     
   13.093555853609045        321.76206396930320     
   13.013425963217616        320.63549921114196     
   12.934232759395082        319.51349882365304     
   12.855959002105884        318.39605474334229     
   12.778587848104847        317.28315827753374     
   12.702102840974668        316.17480014965048     
   12.626487902453251        315.07097054274573     
   12.551727321666077        313.97165910849651     
   12.477805744761342        312.87685497927436     
   12.404708170238676        311.78654684905496     
   12.332419932640970        310.70072289206149     
   12.260926692145620        309.61937076509122     
   12.190214450923985        308.54247797655972     
   12.120269509053973        307.47003140259415     
   12.051078477133041        306.40201759014934     
   11.982628264495212        305.33842272565380     
   11.914906073706659        304.27923268100687     
   11.847899391828866        303.22443301733887     
