   2.02090899181490902817785519834089166E-0002
   2.02090899181495720392287873712735851E-0002
   2.02090899181563833045791030322952817E-0002
   2.02090899182096001051866499199981934E-0002
   2.02090899185016451876372923642551621E-0002
   2.02090899343664465428165978940893650E-0002
   2.02090901843457881662945799000227490E-0002
   2.02090920742548783299407750117323163E-0002
   2.02091005262819717007394177929025754E-0002
   2.02091267039545768822643727955463133E-0002
   2.02091889267293374283804878395706535E-0002
   2.02093104767028964901810820843668723E-0002
   2.02095149079161325856215082825171469E-0002
   2.02098206538055978317705987821895719E-0002
   2.02102366529639041569346123134341804E-0002
   2.02107599672935651859600041731663370E-0002
   2.02113755397373806432902627977924207E-0002
   2.02120576599399113353766366444483642E-0002
   2.02127724509359355690526464475335960E-0002
   2.02134806982146893675806983903415172E-0002
   2.02141405048964104473013828794971596E-0002
   2.02147094688647174614942716414308257E-0002
   2.02151462677428498531336487542165207E-0002
   2.02154116720588708434180232699723704E-0002
   2.02154690818477389845217848127461469E-0002
   2.02152847094656003343568106488173781E-0002
   2.02148275281397860738629738967514680E-0002
   2.02140690868154124502989169580716524E-0002
   2.02129832675550120680192951234131317E-0002
   2.02115460379502408625062727350473836E-0002
   2.02097352310035608126927737447228141E-0002
   2.02075303701987825013564676494340749E-0002
   2.02049125410267965116746566266157648E-0002
   2.02018643170333627379163520057702761E-0002
   2.01983697218736499015068826887420878E-0002
   2.01944142269126889498778839615802763E-0002
   2.01899847707865933519291850280430208E-0002
   2.01850697938500539161478702965074260E-0002
   2.01796592760616778953107535415460789E-0002
   2.01737447730341340374368318347556354E-0002
   2.01673194433467845088853341076738274E-0002
   2.01603780626854887087595459055180245E-0002
   2.01529170216229713033487031283870974E-0002
   2.01449343050641536670588284694339462E-0002
   2.01364294525110713745969334769855472E-0002
   2.01274034992501125423851420822507341E-0002
   2.01178588988832954296409129579574187E-0002
   2.01077994290426934141603910162502135E-0002
   2.00972300816555087759931088448518311E-0002
   2.00861569400163341020360144571425373E-0002
   2.00745870447246844299473801482253329E-0002
   2.00625282516039713057752778093961771E-0002
   2.00499890818316721133301311616661704E-0002
   2.00369785694574354669532812463176637E-0002
   2.00235061056922374311725562958567219E-0002
   2.00095812837852565428749803598634465E-0002
   1.99952137457807839927649880353938770E-0002
   1.99804130314330366796779511147200473E-0002
   1.99651884322807130710089726795673888E-0002
   1.99495488519132817747893443803044065E-0002
   1.99335026695707225956629666700858309E-0002
   1.99170576160970336001123825689031642E-0002
   1.99002206579958826396284953929522246E-0002
   1.98829978809893251760221623001120620E-0002
   1.98653943905614305003044560676581460E-0002
   1.98474142158268722308598117110195259E-0002
   1.98290602229832648285173944637444025E-0002
   1.98103340314143743076734156510977454E-0002
   1.97912359477927620006683370032045649E-0002
   1.97717648963275323838743084810278642E-0002
   1.97519183599923551783327484555267916E-0002
   1.97316923265060656010209662558104188E-0002
   1.97110812371053931829704305980098756E-0002
   1.96900779472643779951879150149623314E-0002
   1.96686736651838940654815262960651480E-0002
   1.96468579370677116712064927466402864E-0002
   1.96246185943257447123067529846219290E-0002
   1.96019417158639006177221789744191987E-0002
   1.95788115951383898090407880767713355E-0002
   1.95552106997025817474098325835975829E-0002
   1.95311196261903982776047931644125306E-0002
   1.95065170639402954833798976514794434E-0002
   1.94813797436739570917663498875231164E-0002
   1.94556823863492551666104498079113674E-0002
   1.94293976469592934171373739350636888E-0002
   1.94024960510672514119334840995459558E-0002
   1.93749459205202716042550329977468738E-0002
   1.93467133021498977227452392925441669E-0002
   1.93177618426725367501443652884122710E-0002
   1.92880527375980636891268111660020715E-0002
   1.92575441690871913884328539614266809E-0002
   1.92261928725474655479099040054159177E-0002
   1.91939512705141006283585304085641576E-0002
   1.91607695153224028785099904730454259E-0002
   1.91265943667143982019256565074662937E-0002
   1.90913692396813680381537666909820693E-0002
   1.90550338931653764616885505529430264E-0002
   1.90175242132578432470849637689759055E-0002
   1.89787719954177320448805468002516369E-0002
   1.89387046066839654825680331706950373E-0002
   1.88972447912812093380967237215164670E-0002
   1.88543100928200227006510419542681427E-0002
   1.88098126369596347838119783950956688E-0002
   1.87636587664816760233267684289402986E-0002
   1.87157483542153851376038879049345812E-0002
   1.86659745962471770691110760972944379E-0002
   1.86142234623339349611836977637508821E-0002
   1.85603729191707022406890518063546481E-0002
   1.85042925270318987630738938149487291E-0002
   1.84458427150777989134339496039957388E-0002
   1.83848740844916522578760861295115647E-0002
   1.83212264501685779283470516295550524E-0002
   1.82547288915844747657935574891518869E-0002
   1.81851974975164725340134049686823943E-0002
   1.81124348046871029549339669803289458E-0002
   1.80362307684305535784775502351834279E-0002
   1.79563584365278056621188065735525825E-0002
   1.78725743058835946538388027688027458E-0002
   1.77846201918553188685377427335545418E-0002
   1.76922154948734000053336355469094491E-0002
   1.75950624310327168148658153412008593E-0002
   1.74928402356499917362554219207706714E-0002
   1.73852079415203419798137064611996358E-0002
   1.72718000325587579391229923095259507E-0002
   1.71522268476034668519826326517192514E-0002
   1.70260732876485593698379933429946237E-0002
   1.68928978249048374107834520720960081E-0002
   1.67522261572018358413733218840508220E-0002
   1.66035679024948562419381916608103055E-0002
   1.64463970838428087195406008516478267E-0002
   1.62801575778550376141447517144742834E-0002
   1.61042681072680350408718394406793613E-0002
   1.59181163957031801241484355944890650E-0002
   1.57210633273109122049531208788014447E-0002
   1.55124392558736615233808946496925027E-0002
   1.52915513243091159164822541770205451E-0002
   1.50576717787215897841098699500523358E-0002
   1.48100535404865171963856405034167667E-0002
   1.45479311898294871170153693722486149E-0002
   1.42705249407072379195465291465313300E-0002
   1.39770606990498506289072370296937300E-0002
   1.36667988113334254358541101885455988E-0002
   1.33390656319582172473378257960044888E-0002
   1.29933067698724579937791977640164857E-0002
   1.26291657802788997036419280417784069E-0002
   1.22465712898644041221468355097392223E-0002
   1.18458529967355473747688235137804608E-0002
   1.14278437887752089796864549198286268E-0002
   1.09940065613979039770303962246045678E-0002
   1.05465299060838291825770136670696541E-0002
   1.00883256961560712028756032153179633E-0002
   9.62299697940222554567907786959738365E-0003
   9.15469086557896875400553855726877339E-0003
   8.68786860357744204922974413569008696E-0003
   8.22700412345741459834540237853773899E-0003
   7.77629192404161540004909735953488394E-0003
   7.33937937884850307262714153900896055E-0003
   6.91920780029250443001927717887979716E-0003
   6.51791557847068200986309312347603767E-0003
   6.13687141846265365468806250076552382E-0003
   5.77674284656951054749526621287243711E-0003
   5.43760070571486302843524049083738415E-0003
   5.11904710047026953674974438588080694E-0003
   4.82033766295070119813586690616665244E-0003
   4.54049051818773897709142542466314442E-0003
   4.27837793233987766024600396772720188E-0003
   4.03279891481569474153341079698810996E-0003
   3.80253483377945696876642246586422786E-0003
   3.58638414329212169924846602668960036E-0003
   3.38319831573114676360372376833106986E-0003
   3.19189012656575640049928431681201068E-0003
   3.01144805930426751295095086333592253E-0003
   2.84093646562983081210921757699205791E-0003
   2.67950158257455408080355092414650255E-0003
   2.52636565500652814226088976116207760E-0003
   2.38082565111685198601345055445089944E-0003
   2.24224925967710566688691125910875033E-0003
   2.11007013061569240536492744517448667E-0003
   1.98378535573593033852005521131034475E-0003
   1.86295107182749800617077964563707510E-0003
   1.74718212666575037552852537579022029E-0003
   1.63614424804236067441567476182612666E-0003
   1.52956338975740573485305803321642377E-0003
   1.42722278766820833134693541862109965E-0003
   1.32896658400803212127097016219901922E-0003
   1.23470881141189845261042542569817147E-0003
   1.14444363639002269103183540386237885E-0003
   1.05825985329735641416413143642375528E-0003
   9.76358659482642628992202325755845836E-0004
   8.99070686328779708359726199052265408E-0004
   8.26862508146068780525655163931039998E-0004
   7.60312036173659907261130363059299066E-0004
   7.00021811506120411571271337434617162E-0004
   6.46450883379809747804837558777736626E-0004
   5.99699485492109895205012816366970778E-0004
   5.59366419248204545135862320269955939E-0004
   5.24600803091743280711086897790907987E-0004
   4.94330881614582847886875109263115567E-0004
   4.67516470841494697125674254979220048E-0004
   4.43300945774191664284540709104595514E-0004
   4.21049220408735451795959698634067730E-0004
   4.00319793847368551736044412358069848E-0004
   3.80816649680744848733150127720941404E-0004
   3.62344391369533733155156799341264230E-0004
   3.44774098293883949395151923388164460E-0004
   3.28019446897745763206949230319117667E-0004
   3.12020903005430588846705561985431440E-0004
   2.96735485333993101190261494499107914E-0004
   2.82130261256749973176350959336849669E-0004
   2.68178282929407363678290625610623670E-0004
   2.54856054945414366637092173577139814E-0004
   2.42141985769269087768933168634301550E-0004
   2.30015488091672168228910620396529447E-0004
   2.18456448616654476734222620432923969E-0004
   2.07444965879284585182935443859622713E-0004
   1.96961217236602271402431844130541537E-0004
   1.86985439199482578580213614926500435E-0004
   1.77497950340930069086669978515745388E-0004
   1.68479224266650934384929242099984106E-0004
   1.59909903074054762974265728600127051E-0004
   1.51770890022909723740723076782668695E-0004
   1.44043433192785843034469188605472182E-0004
   1.36709169863313586578743093040903591E-0004
   1.29750174136142142445096273799566050E-0004
   1.23149011267290481353615202861621129E-0004
   1.16888762246670798390359319649840721E-0004
   1.10953054277369270851129707820467513E-0004
   1.05326082310712564196012157911974892E-0004
   9.99926133078500350901378012536507608E-0005
   9.49380062092264669673890768299260427E-0005
   9.01482032494835771533537410099730130E-0005
   8.56097293606269625741534153929392695E-0005
   8.13096919262856439343864900708673264E-0005
   7.72357693308198269654009861203219134E-0005
   7.33761961417229445992764559460381647E-0005
   6.97197549788377777621200096746365052E-0005
   6.62557560371754606205714574317069198E-0005
   6.29740220462521761472808123835035525E-0005
   5.98648769925378480363765349793029465E-0005
   5.69191245542825173225162063189898339E-0005
   5.41280286144367841291729953810410461E-0005
   5.14832986982875242196260649810903877E-0005
   4.89770708817152297388092396300945464E-0005
   4.66018878431361387425487973027894963E-0005
   4.43506803512171561863686903057061063E-0005
   4.22167552190625913970129814877967257E-0005
   4.01937721906705155290304338229256172E-0005
   3.82757288196215760832274975684231302E-0005
   3.64569467115159231611313920177675106E-0005
   3.47320511755341806328531070276676862E-0005
