   4.40393853608072542625182956806036578E-0002
   5.21419595727112844137989721611218677E-0002
   5.45516166936190483634669415873312974E-0002
   5.09733227011918992676857953406239650E-0002
   4.18541925760369671588869082530909697E-0002
   2.85323937986045308737553403093151842E-0002
   1.26159763951336449432699068750260139E-0002
  -3.83925745164685770738629766836740276E-0003
  -1.90123067699468762617843191993576160E-0002
  -3.13202244696808880059027024172385096E-0002
  -3.97373021463168673171081350886797451E-0002
  -4.37123886170140944853091257591777900E-0002
  -4.33463622749913009977261644764610158E-0002
  -3.92832652839979468986715572928496583E-0002
  -3.23640557836171744356289815561963935E-0002
  -2.36395577720871434584196082023243097E-0002
  -1.43034190417719404440980521597036132E-0002
  -5.22922060455621294019482558012094951E-0003
   2.86571114498269384624382458911409374E-0003
   9.47938208577504293419494918230609047E-0003
   1.43445726849054278815637523317734956E-0002
   1.74635356501390605846190395657740991E-0002
   1.90073572992171450388344431801967814E-0002
   1.91047404637213600020638306131106524E-0002
   1.81101139145229961937479664816084717E-0002
   1.63321067286354695568634855244018785E-0002
   1.40416251042815432418237410173684094E-0002
   1.14286447540352018498323140859957638E-0002
   8.76275125715950181858674604185159473E-0003
   6.23166529359479958650167310325781065E-0003
   3.87561115622956206729170118250831299E-0003
   1.81481787069309990580970668076919572E-0003
   1.16324426302205737660316479295273411E-0004
  -1.17499096494681748447893735132465963E-0003
  -2.12462635144722144097857298250187051E-0003
  -2.70074811033450945994156209925895446E-0003
  -2.88732389403258931903823022816843820E-0003
  -2.78488139195202721949145200199558224E-0003
  -2.53504274449381055977925382318978564E-0003
  -2.04071371059356128071657232033208145E-0003
  -1.42360253613171186983335020848265380E-0003
  -6.65258959187146953605876274862734937E-0004
   1.07271873916837936739272346510737717E-0004
   9.42798327791986920120240064705348790E-0004
   1.74654768826936496593089824984655665E-0003
   2.49458737170379380034843172243473266E-0003
   3.23094216997172577315351274561621536E-0003
   3.61698016786013074484198728747135326E-0003
   4.37206168191802995742016460164981632E-0003
   5.22825851489046720927249911225992390E-0003
   5.62845764929820380384641292361423341E-0003
   5.97981530304187037355809307574138094E-0003
   5.83399287115399305806282784020209590E-0003
   6.03630710223134783166284685085688816E-0003
   6.01989557567209971585701341787620644E-0003
   6.07251150388719672216198815040860153E-0003
   6.41558214383512189383151482818624191E-0003
   6.36277314017133792567900941852647737E-0003
   6.57139465190921093482888940714810850E-0003
   6.44931466456293852294650452849954334E-0003
   6.47919762603381609504661282555519102E-0003
   5.63982824943932297990427790987380372E-0003
   5.44308227038283986208384458342676211E-0003
   5.29572973292212854121296059900045724E-0003
   5.24611479173553809868153453317757309E-0003
   5.16282993664145014246213479461108743E-0003
   5.31025469657735185446336411966021820E-0003
   5.34275872413001195871218796090237356E-0003
   5.41988094124271304763339773345659082E-0003
   4.99571190480221127592113050256135258E-0003
   5.53410253425177480383151375543376133E-0003
   5.25964352022036317566683938775804150E-0003
   5.41984596546380596716153315150947255E-0003
   5.86379632267674783798969514589778213E-0003
   6.45623913932743077898491789646610827E-0003
   6.85606771565568371760294706380424690E-0003
   7.01930230976517895294102072753269896E-0003
   8.23408912724989769042742178773689463E-0003
   8.63515102062491539281604543758775504E-0003
   9.49957440136509327396643068911211960E-0003
   1.04732839348806681278293922588828523E-0002
   1.17163960981278610360318594645224756E-0002
   1.29449946480881713398035454536562481E-0002
   1.40604300026463523562083614320006585E-0002
   1.55193110226384656737146966800831107E-0002
   1.71004912363746397789135599381725884E-0002
   1.81494943082971296497561878936068545E-0002
   2.01084393712068324937991423967119168E-0002
   2.21610156000416902245575949751450390E-0002
   2.49065575907746367663038767833836771E-0002
   2.74567658397756960058411141173295004E-0002
   3.02362926093887295912524669332057166E-0002
   3.44943590510772250643427652998313109E-0002
   3.78181857501959408060608236569766670E-0002
   4.15623691635978608512818374301712686E-0002
   4.44648899315141364439750811160531150E-0002
   4.90431346451682785933983124617485898E-0002
   5.37573632646686474870202746001928579E-0002
   5.98149068721358248906688519057711397E-0002
   6.62933579030102102336314348514179977E-0002
   7.35412473103235770159062391964251030E-0002
   8.11674876686405193837027655779381672E-0002
   9.13191197899778031736021749809164663E-0002
   9.78491794873453708315069841386177824E-0002
  0.108227115272913275296464242856813340      
  0.118914204119513273565578347107665807      
  0.134526005901653075769586556506475018      
  0.148290152746032914844019638584450652      
  0.163632744160150675073576389900551456      
  0.179873942847813706794385680480773026      
  0.194098460192987565935434500479726305      
  0.210693440356231894210159281739624261      
  0.226426428806763436048015601571713567      
  0.236903449066312621881261920205279982      
  0.245629119643063885123248025565217135      
  0.245072045834912258238042469926824091      
  0.233582961187647769983895096020741326      
  0.201801677733486784249859536860130801      
  0.142979010192065193682632392931501732      
   5.23968978962259378052202019100989782E-0002
  -8.76955466964196648088974156525905964E-0002
 -0.282669794667064892931263517841964684      
 -0.542131382606353604253700486886078706      
 -0.869149543529976698926736260333481654      
  -1.26651129686365083042706964694298302      
  -1.71749025907637132961298292045761832      
  -2.19906290307397372426366647056950502      
  -2.69543404529943517973219818021385680      
  -3.14516619337543171307808307993674716      
  -3.49078432547936598343085341692927082      
  -3.67342528033998260233073283519120933      
  -3.65489406146220444652500427181500256      
  -3.37825877490805260831978779594288720      
  -2.81043850973182956173334973631375457      
  -1.97183239532123181297176926696393027      
 -0.880856298991065999177610075163587842      
  0.388261169096350982861754905659295761      
   1.75372936464532542327741613753124306      
   3.09812953329462198944123586004205398      
   4.32028114671989579030451271941803609      
   5.30668776950334614793315148278338585      
   5.96687053052861817436530647912836459      
   6.25697280170121258678972118429708403      
   6.17014445800743369142508572204360491      
   5.73449285744432441390483258486581139      
   4.98479260006864894549049336385430484      
   4.04554193318764686162750071249138237      
   3.00487961770530957825197057918709625      
   1.95085639536246856239258494229139468      
  0.956210470365785682977006176663340753      
   9.17338787958353989331225333270396894E-0002
 -0.616189675446263837537119042393700513      
  -1.17053194563240081609089212799724447      
  -1.59220940989726137643858184303973666      
  -1.88648052559398354594922339565053316      
  -2.11560546166138317675536913082146985      
  -2.28284496307987182062315506366368988      
  -2.42669316455562610345514886550395538      
  -2.53828162025088242311272705890324751      
  -2.63320084241341325767840102368728699      
  -2.67754552480928059398107609394494585      
  -2.65875444408325417801857610024909170      
  -2.56829585763978732472218962361014532      
  -2.39524855911928635093833632966455488      
  -2.11825088983674475195902001294732905      
  -1.77183668983817161940705288656213333      
  -1.36551784146699910745298297889701744      
 -0.944032773579845306780296327666428339      
 -0.506125597787315389056431452612314419      
  -9.59904357053347589281986921803198535E-0002
  0.258495402524736492989759567610606831      
  0.547797113062324616373705382075608220      
  0.759262133213253294950600733206965538      
  0.896406542839974043090416317746652207      
  0.954003218775024203766572666608150386      
  0.955879287919647861066130192482978714      
  0.901581028321760199481523496287780772      
  0.814418093770280182381209211066693775      
  0.706065462255324681286045492336142024      
  0.599490207396868286243959322109894672      
  0.470671876697533429510099696540655217      
  0.369841767937981484285930275800216654      
  0.283538863425924952353382558219964032      
  0.228410069361986682937467210294872867      
  0.160959583135106747875163350161392360      
  0.115997493370565924034637918141436467      
   7.91724821856886886742102509029681859E-0002
   5.23883911035164131976177242658331893E-0002
   2.51249665754761398919880741831318928E-0002
   1.17308342690972064553654153942900872E-0002
  -5.10570828213516368287660622243168052E-0003
  -9.55368849773961666669089207407800402E-0003
  -1.49740302039176914544973705885039404E-0002
  -1.47082859606843960634114345689926180E-0002
  -1.48166065266420318629232539667116083E-0002
  -1.51182045915973301419324701680334509E-0002
  -3.30573481732252163490671844405583805E-0003
  -5.12867153806758601706993678169424760E-0003
  -4.52749172456965079301272426007509000E-0003
  -5.35799544830350342352411330359057169E-0003
  -6.65767774899173328659948023755217086E-0003
  -4.78378670171937426704969530688219690E-0003
  -1.31177413777894000064555980559091731E-0002
  -1.33245507876340297047064425838824571E-0002
  -1.08970915223298472510644024235694807E-0002
  -1.31921557133753639093083384807946247E-0002
  -1.25689932280162553605630709582656723E-0002
  -1.20959088662580008730045719116164536E-0002
  -2.15711077227710208741195500943864011E-0003
  -2.15449680091086943353124306096634881E-0003
   4.02995554371775184015785416797883973E-0003
   3.25107215547630109095556500594934757E-0003
   2.85898170908308238275812016081854818E-0003
   1.65715458024159910744220446440575630E-0005
  -2.24194550306086205179600682331623639E-0003
  -1.09553555466659025899317054512039376E-0002
  -9.30759860869357351318306373717312516E-0003
  -9.27509022980241754692089186144841211E-0003
   6.59202835754981510596316611561096596E-0004
  -1.68834664006524570051658105259618775E-0003
   5.55978141859667917984478582261967527E-0004
  -1.16639483318475480629553158901883840E-0003
  -5.07086005587621022492186514579477894E-0004
   1.98364991456094946339666110860998624E-0003
  -1.15055070120430790390588578851999902E-0003
  -1.85314052307558250466036036539337851E-0003
  -2.65604131304130639655236662236249680E-0003
  -4.35524039102562286505670846892696744E-0003
  -2.92033535173518990155957889979049750E-0003
  -2.59669679857174259951919446257496703E-0003
   1.59324338797512366841689684550144878E-0003
  -1.41398769307015379975747106850448959E-0003
  -2.05132755307410447343149882431738687E-0003
  -1.39687297193883853270345091892956474E-0004
   8.80627961872143174630864598453805169E-0004
   1.22330891381466155722820247457159739E-0003
   1.82805620240836351419533221317234208E-0003
   1.60934448880530266463712737918414146E-0003
   2.68067760373443977970251755815460241E-0004
  -1.54000163983157908404357668735414365E-0003
  -1.36250810421999359590196651665673996E-0003
  -3.35933074029366676644737896283574930E-0003
  -3.23493583566688127177457373510295625E-0003
  -3.02929801005916883268049158084157472E-0003
  -2.91651598722188013959364358755758847E-0004
  -8.18771782484231431652783209249028291E-0005
  -1.12085511724675311197574315131007833E-0007
   1.78625847796185118050412646078380767E-0003
   1.77627773025421822670955648674235072E-0003
   1.38415468734451718845944010278282522E-0003
   7.71908376216619259372196217488865430E-0004
   1.09874248879383450252375028451158625E-0003
   1.79855017290477580406209135317750027E-0003
  -9.45284135916374689037942734050599080E-0004
  -2.45418510738393838928307407134307785E-0004
  -8.32411038700331204512030570321619433E-0004
  -2.06177623946432942752079544743269322E-0003
  -7.29051417878728944961188602355992801E-0004
  -6.83775962103631146603956542802270688E-0004
  -4.49778176141049014177105481778307518E-0004
  -1.04730429883727618176043862907935499E-0003
   5.23969107340042370554003823717184013E-0004
   6.78321698102584734391966640557260922E-0004
  -4.87530586930857073524435432734469107E-0006
  -6.19984429559553554726660046889892236E-0004
   8.55699111618150183848794438930755767E-0004
   8.59437308401288596154521478469912449E-0006
   4.16982655933696064615719304942362515E-0004
   1.33398865070033856047603298284533002E-0003
   1.73060870216002051570179088693497503E-0003
   2.79929923400361535291184622036295352E-0004
   7.27751930317482622899564770221859725E-0004
   6.51453437974024260746692544703237151E-0004
   1.54210758201830391721418243168675857E-0003
   3.45789277699373493111536631548053397E-0005
  -3.98845299972786572468347949091081285E-0004
  -1.39922767531173867973676467565674511E-0003
  -3.87103337174483811843982355891295097E-0003
  -2.74028488710735022298525743263982497E-0003
  -9.84351506079849703315597462353100557E-0004
