   44856513694.7469423212799752012822265      
   44856513694.4945606079915552998479402      
   44856513693.6166121457263488167858825      
   44856513691.1072157486699108022718770      
   44856513684.9554723095525459573436364      
   44856513671.6856776020551661746885029      
   44856513645.4456548116479186932339605      
   44856513597.8829072557428091397583945      
   44856513517.3064611770095863674371195      
   44856513388.3995085607570823160515975      
   44856513192.0853917230736101718594933      
   44856512905.7126485833777592092297157      
   44856512503.5973181090699608354121225      
   44856511957.8806821947854128857438936      
   44856511239.7769681637357312242694144      
   44856510321.0756413832057819330071870      
   44856509175.2768415461604968612968701      
   44856507778.8403667485164311109581633      
   44856506112.2589646154325122680840062      
   44856504160.0922005207029684488497791      
   44856501911.4504599356441831965156057      
   44856499358.5407902240721479369673845      
   44856496495.9021574792140106797801135      
   44856493318.5020837713029532513400687      
   44856489819.9456428181624186976142877      
   44856485990.2470929033641465393996401      
   44856481813.5463497431823074347945572      
   44856477265.9128270885687286832455026      
   44856472313.5205392684992949228239403      
   44856466910.8595149841846666890202056      
   44856460999.4299560958689577806884750      
   44856454506.5796036720524851264626949      
   44856447344.8780797674845498184044825      
   44856439411.8028532050413980491907330      
   44856430589.5877872163702165239648317      
   44856420745.5445645359129603003472535      
   44856409732.5725767392523296444619811      
   44856397389.7753992456053483071591982      
   44856383543.1814904624594922225031047      
   44856368006.8616469288481930217918689      
   44856350583.6172299235921327014509460      
   44856331066.1807735286674556650203121      
   44856309237.9164140376589040724436321      
   44856284873.7994843390070158910855499      
   44856257741.2504751868302147172371061      
   44856227600.7286834410586912099984260      
   44856194206.4824662722709610467228097      
   44856157306.8836705975674653298006694      
   44856116644.8203391507152310831038047      
   44856071957.9198888200237778155466885      
   44856022978.6026893276713526547164665      
   44855969433.9962913054065191179468758      
   44855911045.7984556372848634558553725      
   44855847529.8632375889128699017980470      
   44855778595.7159863449084830799400038      
   44855703946.0656954659833325132646594      
   44855623275.8913284019809132841593026      
   44855536271.6641027400118278690565943      
   44855442610.2603355422668696582353901      
   44855341957.8969115891009466792553963      
   44855233968.7913586431540719906134170      
   44855118283.7157260268831600035708999      
   44854994528.4443066528026485466210501      
   44854862312.1496742838313601544976857      
   44854721225.3663712804947129334004187      
   44854570838.1492490312534939083359132      
   44854410697.8458984339731082069912495      
   44854240326.7434976895851027265752190      
   44854059219.6366220583080420866451699      
   44853866841.0656009566998534280313005      
   44853662622.7765931938464517007593582      
   44853445960.7422164135599018801510001      
   44853216210.2796663665909559508087153      
   44852972685.2808432938114947950317974      
   44852714652.8606451243106340523002601      
   44852441329.8118328845487466679276320      
   44852151878.5472668706189749249752601      
   44851845402.6090320619988872312366615      
   44851520942.2300951339886559349573834      
   44851177469.1486823467177631945694062      
   44850813881.7998750873631045562657014      
   44850428999.3380288103688036842145066      
   44850021556.0667279421922120607357326      
   44849590195.2797795156600049898691803      
   44849133462.5858737284969081678009915      
   44848649799.0799643956291082234698497      
   44848137534.0348440433085745945862842      
   44847594876.9673061584607163560607124      
   44847019909.6416707238418141582762566      
   44846410577.1190739253481667128001801      
   44845764678.6313466473687863744394888      
   44845079857.6219802160461214030618990      
   44844353591.4051842436184707818716949      
   44843583179.9052600673128972054555621      
   44842765733.8173703975473376505599446      
   44841898161.9941008461595739622193492      
   44840977157.8623993093589875995348142      
   44839999184.9343670382464274694269891      
   44838960461.3091028783386071901649131      
   44837856942.9740782542918473730096298      
   44836684305.9033175277915432636672346      
   44835437926.7723248621000366708567693      
   44834112862.1142109417671154604297443      
   44832703825.7404358249107998290751341      
   44831205164.3826245147628806766141832      
   44829610831.3516892961746158103362072      
   44827914357.7381634769376920662986957      
   44826108821.2692187173126072371170037      
   44824186812.5183708509252245725800807      
   44822140398.1282250222785516318724572      
   44819961080.9663684518388638765396027      
   44817639765.9053888196340517309903429      
   44815166680.4498986626376740970626338      
   44812531372.4893429064003904190014611      
   44809722627.7422129077657172768222713      
   44806728421.8527389945973068079155476      
   44803535863.5676737828623826650276685      
   44800131137.2446494555634377322582379      
   44796499446.0574568849486323012505786      
   44792624958.1034969504485669418430969      
   44788490757.6607219023773967904622724      
   44784078804.5077782537378942226020229      
   44779369904.5223617741362945727348945      
   44774343694.4691096853228497198119903      
   44768978644.1978127451145043982314592      
   44763252078.1059737016023115008045971      
   44757140217.9274607911634806927381446      
   44750618246.0602603121318895566787859      
   44743660388.8109054815160661701417976      
   44736240016.3923210842062523132961949      
   44728329741.8026221471424134243824265      
   44719901602.9690585989288191072872443      
   44710927077.2344609747040641242936507      
   44701377293.9804577505638198603065137      
   44691223078.2794648028066611614065078      
   44680435138.5038739636908316553942790      
   44668984056.9550846094526596454769483      
   44656840410.5470713758482584776791873      
   44643974816.0688568745216924867185730      
   44630357969.3220099883393176544637565      
   44615960674.0115548793441265289072315      
   44600753857.4788287731834078217194891      
   44584708580.4971030849296304455606958      
   44567796038.7609353425370227204642441      
   44549987562.8358476750297197481221065      
   44531254614.3939065024759551567724168      
   44511568782.9641753759617045528436684      
   44490901784.7345984553660464634802999      
   44469225461.4966650850653975603763476      
   44446511783.4763017550996521754812465      
   44422732854.0958073650976186219083318      
   44397860917.3223800221306742875794937      
   44371868366.5243077752646305131507403      
   44344727753.4721990474972463144074559      
   44316411798.5936129483071822383562814      
   44286893398.0929780949095901496183085      
   44256145630.0093049796384610781723299      
   44224141756.4280694043744487895124492      
   44190855222.5768118856288831545016795      
   44156259651.0827722556728682367795938      
   44120328832.4512163067749184333299404      
   44083036711.3375182963046762345500161      
   44044357397.3838257447573196917820491      
   44004265023.2743020513649712651111413      
   43962733906.3442817089884382215183414      
   43919738392.2165825618585887736962116      
   43875252857.9179355696512524868521409      
   43829251680.4005999607790275197181903      
   43781709205.0995119895326070053331172      
   43732599714.0894275618519909779216166      
   43681897395.4310875465049337348676100      
   43629576315.0239971127441272446103875      
   43575610389.5770105046512251171120230      
   43519973363.5209609187519110109070255      
   43462638788.4770130281515679607193730      
   43403580006.1105934060420063534683236      
   43342770133.6785315202624544714994929      
   43280182052.8394020577232921429085129      
   43215788401.2664942377800587324494979      
   43149561565.9548280874610060605555992      
   43081473680.3755925211980469749969865      
   43011496622.1666152549230074888252815      
   42939602007.5644509279918720742454194      
   42865761199.9662117516285316735626331      
   42789945305.7860004117875399732332376      
   42712125177.7712368065227939932530504      
   42632271417.4352747542877170115264541      
   42550354377.9294119154317122968767172      
   42466344167.2367063734626055507076062      
   42380210651.4423145617923209019208795      
   42291923457.8637619761615815801588132      
   42201451979.6311093367970462810216194      
   42108765376.3152627972006976853971539      
   42013832578.6632411665194437183030110      
   41916622292.0687883967559300274028656      
   41817103036.4270807735642781139763419      
   41715242994.3970455654815856950857644      
   41611010250.7997766200093674836160014      
   41504372635.2388730286959958365986519      
   41395297762.7109686593461587961721728      
   41283753040.4786737803755911540830125      
   41169705666.2178733000354877553369129      
   41053122625.9450658518252820006089437      
   40933970704.7255780797962135524980076      
   40812216483.9218936331349869720199571      
   40687826343.0824560529425622105516139      
   40560766460.1276557993438794575131215      
   40431002815.0139367693980114030571978      
   40298501188.7770140000585013275616002      
   40163227166.1593292705240263269831287      
   40025146135.7682269371211669257106567      
   39884223291.7723921386303816727093577      
   39740423633.5499135066505618974614438      
   39593711967.8099028544823970788745212      
   39444052909.0952636388364245270532328      
   39291410880.0590786544654645598714574      
   39135750112.4209479492811495229876018      
   38977034648.6246251789613445542574877      
   38815228339.3805031040311900724928263      
   38650294843.9778314181471936151957366      
   38482197635.7416737851970803983681391      
   38310899998.2677917304232814233873450      
   38136365027.2967313238184009772702465      
   37958555631.6266293009986981295914818      
   37777434531.5139928484418268111997262      
   37592964261.3291400799465120219724305      
   37405107166.6600014231775837583268921      
   37213825404.9643466643454121037462379      
   37019080952.4538424869728929420998100      
   36820835587.7311743111379240292080725      
   36619050914.1689661059922742731126435      
   36413688345.1515337636873855243768779      
   36204709107.7997170840241785989880174      
   35992074243.0017098339500854147836232      
   35775744606.5206819403685827161000552      
   35555680867.8556808309031628401030536      
   35331843510.8307271016625897659472429      
   35104192832.6989333093536530984088278      
   34872688944.7294970033390527430420886      
   34637291774.3104562218139774222257896      
   34397961062.5642752262174729316670354      
   34154656363.5742415651574674066266617      
   33907337048.8375534674942667225821991      
   33655962291.2053600118504443550962219      
   33400491104.3877218120139321328670488      
   33140882293.6108716570851030139504341      
   32877094482.6198757254562056721702295      
   32609086113.4801407590510224710883747      
   32336815438.9844565813788395390650884      
   32060240528.5746020585082423387231778      
   31779319264.7284255361732677886883551      
   31494009340.2438660140595357781130579      
   31204268271.7516353417954585840030262      
   30910053376.3922298837994911484810132      
   30611321794.5171162972903036152247941      
   30308030475.9822450562924916701463421      
   30000136186.9805913806378455316170357      
   29687595505.0383408867522961083867109      
   29370364821.8808906970776722768081622      
   29048400342.5901419188635221469518754      
   28721658085.3638896337602109289879637      
   28390093874.4036163830041881668674825      
   28053663364.0331484165543402939686652      
   27712322016.6523918232359539247948382      
   27366025090.7633356777037395812472882      
   27014727675.3525853398136264976150585      
   26658384668.1348893686370716364426687      
   26296950779.0058570036705784859180655      
   25930380529.8824017769958993019318378      
   25558628256.5745163111680792840321486      
   25181648107.1295301114861627159112174      
   24799394039.4405453111130469624729459      
   24411819829.5768323551317569054765571      
   24018879063.4182921905181723322058301      
   23620525138.4915027353069995654545010      
   23216711265.1776228928019846933402426      
   22807390466.0370436505722166627689523      
   22392515577.4474164007638257015024130      
   21972039247.7107590978397422558578584      
   21545913936.8319532407173186402155167      
