   91.9024000263260278230841944022479912      
   91.9024000253291868668778037085604263      
   91.9024000080890065536927460039977759      
   91.9023999077548915829198664768539178      
   91.9023993353195569746237979521674280      
   91.9023952728683368325249155857210117      
   91.9023743125503754400151956141496005      
   91.9023000693914868620131596920214574      
   91.9021021033277670736986219098686142      
   91.9016718553169718321832439560067678      
   91.9008662241811493848826335792877870      
   91.8995159010067970661472630584938160      
   91.8974346962711830470565436737515076      
   91.8944269415311420168940003426860648      
   91.8902914547210498280480929685102712      
   91.8848221752475106586565485673532820      
   91.8778066326507099186012438291964132      
   91.8690238864797120220987276418388930      
   91.8582433687544463579267260619660447      
   91.8452255632316521628547299308713484      
   91.8297247058299909167532888747330669      
   91.8114931929035405777376798595599003      
   91.7902870372788996967063924216160260      
   91.7658716735608684417583273945695170      
   91.7380272543162237559863207757602496      
   91.7065530502130892365245341333002333      
   91.6712705200604206979846745023137185      
   91.6320248703367833835035663631499335      
   91.5886851655973113199330564246546067      
   91.5411430048652128278593962722715780      
   91.4893101234607099753797459908659802      
   91.4331149674777339459320634536964603      
   91.3724986085575806155201804141685899      
   91.3074101651940232231436025374619911      
   91.2378021185454709593782168744388539      
   91.1636253803031886900526963632907133      
   91.0848246919907016108759577329717622      
   91.0013338252135162542543590527048515      
   90.9130715002647393004059332714722717      
   90.8199372091645800839333017981211358      
   90.7218081946153471256250985788138672      
   90.6185351281161837338349193771312775      
   90.5099399918156605543450885827399612      
   90.3958130114495317475637878766990722      
   90.2759100449501772394280674139389582      
   90.1499502972946115171269007391127599      
   90.0176143624568722419251869280297184      
   89.8785429858456849169065981176893820      
   89.7323312369851494098266068826326559      
   89.5785313871427303692487757083453884      
   89.4166478237219082153930693313905030      
   89.2461330157873484972093503853523427      
   89.0663898185008519247162064799883494      
   88.8767633167166878690004019569652142      
   88.6765393418911801984736378744441049      
   88.4649431669143267006854862121113035      
   88.2411291838848536495119188851347599      
   88.0041816071637573113886441353357914      
   87.7531080340092018639078059909230260      
   87.4868313122670392772035408255375743      
   87.2041852216433349751517170358398848      
   86.9038926930151861107104239915509960      
   86.5845906990964253522944339316520104      
   86.2447839962352782370366569085149234      
   85.8828400071221677659517794650820878      
   85.4970086305255449279677770047585485      
   85.0853594434784555504832983972614072      
   84.6458151374137583304809049491555105      
   84.1761029542424431929268909484854955      
   83.6737503019487775617063398863538385      
   83.1360710367524817130569496168036536      
   82.5601558962594968991253980294829376      
   81.9428498648777018846762236359214347      
   81.2807421781141426494954842042807345      
   80.5701911390823817574654620535931243      
   79.8073219914513255833657226357909370      
   78.9880373324092244298116980158124248      
   78.1081033171342307302813770858827868      
   77.1631837138048797183567660263350435      
   76.1490020208200542951403245748901642      
   75.0614126673803868363024681746330199      
   73.8966586502301521263529046380326851      
   72.6515235491352727324489863882265645      
   71.3235443282082499122784121159385880      
   69.9112740413355612303107109735961317      
   68.4143907596332862723886742564872484      
   66.8338497549539436336719351494561597      
   65.1719334049773884765174566350260958      
   63.4321460879581479813268006569721874      
   61.6191757075610113884837449558029195      
   59.7389347256667866507378665340274736      
   57.7982479432109024274880104462640980      
   55.8049573650527803952535122478816177      
   53.7679251491651281763678238194250903      
   51.6970803309505356386539857246506338      
   49.6034638352305645121789614979636524      
   47.4992051926042170216287662532330662      
   45.3973670410713867336081518753547551      
   43.3116008082592654737982471781683065      
   41.2557196114455209257588785068896322      
   39.2431159040750044126338409910832057      
   37.2861686652362345148875960931941098      
   35.3956997261832802414858928500327878      
   33.5805754417738727220115869363277997      
   31.8474917410955239341640473497917316      
   30.2009385518139409989027294674247681      
   28.6433281553859315165500980270222077      
   27.1752282854530431118090482398088837      
   25.7956672457688641679669793109773148      
   24.5024499957081370516058197112459286      
   23.2924649632438078691452992114512407      
   22.1619632452966151709452033324202955      
   21.1067876014780513718567570405004089      
   20.1225645423035381408373487413965156      
   19.2048510803744089287553259011714336      
   18.3492455804459613401433756530295820      
   17.5514668975811529915585733405254041      
   16.8074087601410619597764353458068486      
   16.1131747079245422120005592669623832      
   15.4650973879272730128073743610898776      
   14.8597470302167258031554374950750265      
   14.2939318222899786574569286360325046      
   13.7646926420433399715424422602023190      
   13.2692938670340048716898993732182295      
   12.8052121320705721165258232298235989      
   12.3701233527016598118940654050129923      
   11.9618894520754056877939760183751025      
   11.5785447831018505477111315240910585      
   11.2182830188030131527943749691991588      
   10.8794443787391080704330832272468240      
   10.5605037849760480461708721196708593      
   10.2600593578842095318043939693542609      
   9.97682218754367065798931272656619495      
   9.70960653914277547584537127079578200      
   9.45732095095185156278238723569041089      
   9.21896009003086444026148152618617493      
   8.99359725780903137362758971232305800      
   8.78037763574657612876789587314585777      
   8.57851199044060341897924453553430960      
   8.38727111831403130350856380366600904      
   8.20598064009185315318004305526968910      
   8.03401639119588307555005163452177686      
   7.87080014181033685462114450906169774      
   7.71579577061514893533987422832859826      
   7.56850574798229800809479765405566888      
   7.42846797937721497055848607157712220      
   7.29525289738791544016847710914331521      
   7.16846082947854222719221315125475985      
   7.04771961267439106507322056697177513      
   6.93268240778606754497228816586027375      
   6.82302573071854766526782984963430915      
   6.71844761051959130641314528859972665      
   6.61866595511450304908526590590620255      
   6.52341704921495335897414674604969697      
   6.43245415711007762485806252540752818      
   6.34554627206048571410064260497354770      
   6.26247693527249212740382113485384058      
   6.18304321772820316366172636236843924      
   6.10705471237814293059704393300797448      
   6.03433264900670667944197939279764230      
   5.96470909339476097754398519222993888      
   5.89802616706093729196994647182374220      
   5.83413535277538749476242811669316294      
   5.77289689330298930548007238499353256      
   5.71417913926323931277166138052351283      
   5.65785806321239654968487672311635904      
   5.60381671829601793759201038638240794      
   5.55194478934572952073374416214157417      
   5.50213814083769545431862906480312113      
   5.45429846990290606069059951350474359      
   5.40833286958408227034755970153382861      
   5.36415353240865719185432790413366404      
   5.32167741144897277552305620340915047      
   5.28082594611511439944444309845051762      
   5.24152475402862426647687544114167230      
   5.20370339854176952352858730444564587      
   5.16729516034521000697577738020974691      
   5.13223677641626391870587574551473403      
   5.09846827893806944792656240137253970      
   5.06593277409138303226554814383395505      
   5.03457626237275525515419710460355046      
   5.00434748661622133723414330648879324      
   4.97519776528386358580352429766863846      
   4.94708083806520827517802409200892360      
   4.91995273894178826539073430428729141      
   4.89377167285714868646836764607894947      
   4.86849787211610263738972828675471981      
   4.84409350672943149694782194087976033      
   4.82052257038455483563012963071235240      
   4.79775077169517469593250795270384182      
   4.77574545712888671058221346553723576      
   4.75447551034271126666730552900742075      
   4.73391127495479719231361120909536082      
   4.71402447807640243688689854880259428      
   4.69478815303010948986562626519806385      
   4.67617657617328375973847295033256570      
   4.65816519656111530548721740161516965      
   4.64073058190197565436124591106288107      
   4.62385035382566543203972697590193446      
   4.60750313792019112799104920305355539      
   4.59166851517615476557653618418075632      
   4.57632696808108381064822485351569287      
   4.56145983786736218733333077667136365      
   4.54704928696601510073058541111043039      
   4.53307824806913286955173159548430258      
   4.51953039195136615156530524837744665      
   4.50639009599865370361731991237464026      
   4.49364240129820481762476588656231309      
   4.48127298181988826875672010449686584      
   4.46926812074950534412112403821175090      
   4.45761467497819633372346459133328593      
   4.44630004730290239897805952477460946      
   4.43531216986762294399833156731232077      
   4.42463946722638007308897339275049397      
   4.41427083694116594851470058560097973      
   4.40419563375419504724640923687754145      
   4.39440364072595571863408843800493158      
   4.38488505588465275527551166017857175      
   4.37563046825846584019652912491621359      
   4.36663084196781986259529450693940103      
   4.35787749976275166871651902658815676      
   4.34936210644435950232627678590705180      
   4.34107665354256329838449484625357068      
   4.33301344489650494255931071361889475      
   4.32516508265260636744057312823767771      
   4.31752445411437251715015730182701943      
   4.31008471928283555359991441817003883      
   4.30283930103210030893437508222170916      
   4.29578186994250588042077388031344156      
   4.28890633621332746903253567341336407      
   4.28220683843229487879175454338396098      
   4.27567773435772253296018984563108454      
   4.26931359161815116269581922828053290      
   4.26310917768818052020312322940170918      
   4.25705945423976212018593600528567735      
   4.25115956345657025913999578050394869      
   4.24540482954643309445217931738548044      
   4.23979074268128032391400048402998218      
   4.23431295629107571140050474913772178      
   4.22896727959621383114631715214859848      
   4.22374967116502816445563665983839843      
   4.21865623298272135035211722906502131      
   4.21368320479738223484386565881707434      
   4.20882695912205943106879324255797322      
   4.20408399291847604117706298062354151      
   4.19945092606897289674372679748728203      
   4.19492449719318992521035815636292084      
   4.19050155674572036471743346697744948      
   4.18617905974071807604723257369822731      
   4.18195406693369478425450744638686860      
