   46.150039116601583        63.048219343885258     
   46.150039116507493        63.048219343838333     
   46.150039114236947        63.048219342706147     
   46.150039088778129        63.048219330011946     
   46.150038920203428        63.048219245961057     
   46.150038153991289        63.048218863933826     
   46.150035514449641        63.048217547829296     
   46.150028140351061        63.048213870604393     
   46.150010618545060        63.048205131037811     
   46.149973965471752        63.048186841504879     
   46.149904720766393        63.048152265538448     
   46.149784268421712        63.048092055927619     
   46.149588436343301        63.047994013645244     
   46.149287350097836        63.047842951537021     
   46.148845468973775        63.047620630833791     
   46.148221708174674        63.047305735573914     
   46.147369541865793        63.046873852260006     
   46.146236997877921        63.046297434397367     
   46.144766463266450        63.045545731594473     
   46.142894263897546        63.044584679130558     
   46.140549990848591        63.043376736853958     
   46.137655556029891        63.041880656018854     
   46.134124035411297        63.040051189616435     
   46.129858321723674        63.037838727632277     
   46.124749650758041        63.035188860625759     
   46.118676067228257        63.032041874088634     
   46.111500896379177        63.028332178200586     
   46.103071300098051        63.023987688734280     
   46.093216974333025        63.018929167598912     
   46.081749079892539        63.013069560121075     
   46.068459431730012        63.006313333430164     
   46.053120042905249        62.998555868942518     
   46.035483053936602        62.989682931961596     
   46.015281095911845        62.979570257889776     
   45.992228162342357        62.968083319518769     
   45.966020930033906        62.955077261076895     
   45.936340641350526        62.940397099184935     
   45.902855353654715        62.923878127148463     
   45.865223002115215        62.905346739562283     
   45.823094082873261        62.884621224644050     
   45.776115196871295        62.861513046299137     
   45.723932249684545        62.835828128443346     
   45.666193521923532        62.807368237732902     
   45.602552290674801        62.775932311509798     
   45.532668787583049        62.741317617995477     
   45.456211347942315        62.703320642135850     
   45.372856703674735        62.661737640660562     
   45.282288557080534        62.616364430849018     
   45.184197363569197        62.566996663249235     
   45.078275711756319        62.513428052220434     
   44.964216388627115        62.455449673542638     
   44.841707811892327        62.392847949963141     
   44.710429636847707        62.325402558326118     
   44.570047865162636        62.252883959340458     
   44.420209621194019        62.175050626704625     
   44.260537585581908        62.091645972974341     
   44.090624591062046        62.002395238930028     
   43.910025349716861        61.907000839234811     
   43.718252169566625        61.805139578184040     
   43.514765585718330        61.696457247700451     
   43.298966071115458        61.580563647909671     
   43.070184084029549        61.457026673688979     
   42.827668478339426        61.325365473820739     
   42.570572798732471        61.185042427601438     
   42.297938876208356        61.035453618837956     
   42.008676772277987        60.875917313359153     
   41.701540051565260        60.705659883999175     
   41.375094765520352        60.523798316033556     
   41.027679832963138        60.329318067277818     
   40.657355386109082        60.121044409252505     
   40.261834180505133        59.897604655282628     
   39.838387952951159        59.657376876661601     
   39.383716357849515        59.398418476192845     
   38.893756742176848        59.118362877749227     
   38.363398234445704        58.814264652387557     
   37.786032286868135        58.482356494324428     
   37.152810202298880        58.117648316828017     
   36.451349503382033        57.713229973753045     
   35.663344798585534        57.258986601202835     
   34.760307270278076        56.739328135693540     
   33.700988549653509        56.131979911606848     
   32.505252386310453        55.448969772323636     
   31.340014251572093        54.781634945122988     
   30.167880557525706        54.107981911637197     
   28.961007330302092        53.412969596272418     
   27.736326285973757        52.706434995540469     
   26.523226352367331        52.005069611967279     
   25.350259281156269        51.325025664064874     
   24.238411111171434        50.678151584946953     
   23.199359547036231        50.071024611429991     
   22.236927932875425        49.505788186485901     
   21.349575138058302        48.981569707351497     
   20.532696344111425        48.495784988421967     
   19.780261766624818        48.045061944675709     
   19.085867919651761        47.625830456012316     
   18.443315663024769        47.234643409319595     
   17.846894801051555        46.868332443576016     
   17.291501345144372        46.524070850694031     
   16.772637035191600        46.199369559751325     
   16.286381638990648        45.892060442392236     
   15.829331235843197        45.600260373697779     
   15.398533613581142        45.322334575237065     
   14.991425924532347        45.056861746809162     
   14.605778219992306        44.802602864665765     
   14.239644285172899        44.558474274022778     
   13.891318691703409        44.323524220083513     
   13.559305316437317        44.096916607894684     
   13.242280783492570        43.877910080586915     
   12.939074645664325        43.665848321926489     
   12.648647014399669        43.460147767985973     
   12.370070829196916        43.260288012587708     
   12.102516946171768        43.065803706025804     
   11.845241412795458        42.876277598401280     
   11.597574731268262        42.691334607600290     
   11.358912469461186        42.510636620035683     
   11.128707387762583        42.333878073286542     
   10.906462552820166        42.160782080554512     
   10.691725366485551        41.991097058772141     
   10.484082491580249        41.824593830355610     
   10.283155364179240        41.661063072910828     
   10.088596360019881        41.500313118570283     
   9.9000854180067073        41.342168026677577     
   9.7173271231971388        41.186465910417034     
   9.5400481082798194        41.033057444225250     
   9.3679948759896039        40.881804634042879     
   9.2009318105761384        40.732579667233360     
   9.0386394242577488        40.585263927202739     
   8.8809128712720540        40.439747146057897     
   8.7275605961768328        40.295926638724232     
   8.5784031316301625        40.153706631528621     
   8.4332720442321119        40.012997667764196     
   8.2920090097781856        39.873716090566823     
   8.1544649513852896        39.735783567373495     
   8.0204992915624906        39.599126671979285     
   7.8899792949967482        39.463676521146539     
   7.7627794255562064        39.329368418840588     
   7.6387808426466002        39.196141584651549     
   7.5178708693207454        39.063938854889720     
   7.3999425604120006        38.932706449621108     
   7.2848942971435813        38.802393750073108     
   7.1726294106299209        38.672953092070088     
   7.0630558467848452        38.544339581754684     
   6.9560858635793332        38.416510928814546     
   6.8516357479984151        38.289427295475704     
   6.7496255391556996        38.163051136397897     
   6.6499788244009057        38.037347089930428     
   6.5526224870333349        37.912281835789415     
   6.4574865315437631        37.787823983964202     
   6.3645039148131266        37.663944048284733     
   6.2736103287434304        37.540614217526958     
   6.1847440620227188        37.417808342783381     
   6.0978458722615647        37.295501856089544     
   6.0128588165982579        37.173671660054481     
   5.9297281768066101        37.052296097006767     
   5.8484012957566467        36.931354859346669     
   5.7688274704970848        36.810828862281284     
   5.6909578842997099        36.690700301254694     
   5.6147455039906120        36.570952528613752     
   5.5401449613915927        36.451569986196859     
   5.4671125011844968        36.332538180729863     
   5.3956059055036079        36.213843636716838     
   5.3255843922693336        36.095473821062299     
   5.2570085866076104        35.977417136053731     
   5.1898404219482979        35.859662843728202     
   5.1240431018198835        35.742201044062455     
   5.0595810490159687        35.625022644498195     
   4.9964198245378677        35.508119292283844     
   4.9345261146308879        35.391483375768154     
   4.8738676531227432        35.275107962051955     
   4.8144131937774182        35.158986777491940     
   4.7561324590504341        35.043114169470506     
   4.6989961202496566        34.927485095085515     
   4.6429757324821459        34.812095063404485     
   4.5880437175855375        34.696940128149777     
   4.5341733291105122        34.582016854117619     
   4.4813386118743566        34.467322289135367     
   4.4295143827375973        34.352853946383725     
   4.3786761938831535        34.238609772811380     
   4.3288003078962571        34.124588127515281     
   4.2798636735501550        34.010787761816779     
   4.2318438968174519        33.897207790793374     
   4.1847192281393228        33.783847688088521     
   4.1384685251393067        33.670707244784786     
   4.0930712401325282        33.557786561951872     
   4.0485073986434355        33.445086030541340     
   4.0047575778341562        33.332606309738090     
   3.9618028917992558        33.220348314989266     
   3.9196249656734348        33.108313189790465     
   3.8782059209684241        32.996502279080083     
   3.8375283844604531        32.884917200374673     
   3.7975754260784815        32.773559687849627     
   3.7583305691257030        32.662431651057894     
   3.7197777944893646        32.551535218516875     
   3.6819014866263959        32.440872602106694     
   3.6446864478623655        32.330446166928375     
   3.6081178782469947        32.220258396722734     
   3.5721813628102352        32.110311880411203     
   3.5368628604731649        32.000609302717280     
   3.5021486921694041        31.891153431229871     
   3.4680255301240730        31.781947105758896     
   3.4344803890150484        31.672993232706883     
   3.4015006110497810        31.564294764315992     
   3.3690738615001141        31.455854700501188     
   3.3371881164236252        31.347676075140473     
   3.3058316544090087        31.239761946847416     
   3.2749930480077207        31.132115393675296     
   3.2446611531839369        31.024739499134483     
   3.2148251044392460        30.917637354170054     
   3.1854743044003446        30.810812041919135     
   3.1565984166196710        30.704266633634909     
   3.1281873586906372        30.598004183076203     
   3.1002312951843023        30.492027721004838     
   3.0727206320604261        30.386340253650733     
   3.0456460074394576        30.280944751271850     
   3.0189982863029647        30.175844144983838     
   2.9927685545082774        30.071041324872958     
   2.9669481098022157        29.966539123677762     
   2.9415284711648511        29.862340369172461     
   2.9165013341981725        29.758447729970353     
   2.8918586157334278        29.654863912607816     
   2.8675924171165579        29.551591530831292     
   2.8436950272774908        29.448633135998648     
   2.8201589158632498        29.345991208185470     
   2.7969767299652690        29.243668159368653     
   2.7741412913249950        29.141666336571959     
   2.7516455862993863        29.039988003189205     
   2.7294827707869782        28.938635367601204     
   2.7076461546724317        28.837610544886520     
   2.6861292018630349        28.736915568296961     
   2.6649255328321817        28.636552412512177     
   2.6440289098420289        28.536522952161938     
   2.6234332417033186        28.436828994827668     
   2.6031325732241859        28.337472253793972     
   2.5831210930914623        28.238454388644477     
   2.5633931158129553        28.139776953982047     
   2.5439430871140782        28.041441429977660     
   2.5247655814456649        27.943449227408184     
   2.5058552882886871        27.845801642879700     
   2.4872070243117079        27.748499923633780     
   2.4688157205091974        27.651545226624712     
   2.4506764216762229        27.554938628875604     
   2.4327842835643296        27.458681128156851     
   2.4151345683182930        27.362773635015625     
   2.3977226488118930        27.267217008582417     
   2.3805439951012648        27.172012001852270     
   2.3635941796897142        27.077159302310601     
   2.3468688729455565        26.982659522211467     
   2.3303638406967404        26.888513199538970     
   2.3140749419699542        26.794720799464503     
   2.2979981315802211        26.701282736574054     
   2.2821294369829026        26.608199285652979     
   2.2664649861071271        26.515470708093819     
   2.2510009945244227        26.423097222665913     
   2.2357337508133304        26.331078929366448     
   2.2206596272129300        26.239415881016246     
   2.2057750742926205        26.148108065278198     
   2.1910766193392757        26.057155406740218     
   2.1765608647062900        25.966557770317092     
   2.1622244851318619        25.876314958324290     
   2.1480642268112273        25.786426715372269     
   2.1340769055114079        25.696892728985173     
   2.1202594049935284        25.607712631201480     
   2.1066086750387143        25.518885998586100     
   2.0931217308218857        25.430412357915188     
   2.0797956509183089        25.342291185464060     
   2.0666275757353803        25.254521908669162     
   2.0536147050783127        25.167103900490847     
   2.0407542974529287        25.080036486492080     
   2.0280436703483202        24.993318953882106     
   2.0154801972110641        24.906950544435006     
   2.0030613062285645        24.820930456433150     
   1.9907844786926681        24.735257844323229     
   1.9786472508889394        24.649931836199695     
   1.9666472079590176        24.564951509327059     
   1.9547819855206801        24.480315905465414     
   1.9430492663126357        24.396024017084155     
   1.9314467878543935        24.312074854097929     
   1.9199723275109437        24.228467341979655     
   1.9086237107792794        24.145200392921701     
   1.8973988072976991        24.062272885834616     
