   44574782345.2099040152004232666381553      
   44574782345.2099040152004233982331807      
   44574782345.2099040152001828822604036      
   44574782345.2099040136609912478537668      
   44574782345.2099036504955593938084142      
   44574782345.2098803765376382384418195      
   44574782345.2093120139715818271587027      
   44574782345.2026743406863516126514272      
   44574782345.1568129841554042389958811      
   44574782344.9389129021312095276762007      
   44574782344.1519450347060460276116989      
   44574782341.8406135086745163390914981      
   44574782336.0552436609765759212037702      
   44574782323.2924817606380848172270301      
   44574782297.8582863073324649082355017      
   44574782251.2150144897397814466521875      
   44574782171.3817794103841142193043107      
   44574782042.4569800236553100547824961      
   44574781844.3126571629137251451217080      
   44574781552.5367904530261728316151986      
   44574781138.6853649352556447241222295      
   44574780570.6205519964995798781084428      
   44574779813.1679834596705965529332226      
   44574778828.8532277686983371895013229      
   44574777578.6513808784609350737401263      
   44574776022.6595768887860155824800496      
   44574774120.6256330072937473332064596      
   44574771832.0835656703247676239908643      
   44574769116.6301925181744562979238043      
   44574765933.4311224255984058155006110      
   44574762240.7351341141874718254413974      
   44574757995.3840907022980111199545436      
   44574753151.6586942126878747877805703      
   44574747660.4945802446506187002336920      
   44574741468.2915565634592260508882051      
   44574734516.1952314198181097299747556      
   44574726738.8347693964949770856960808      
   44574718063.5238775870844422020839067      
   44574708409.2484039956450846964175633      
   44574697685.8384604023312439515783418      
   44574685793.9639286770523418419341072      
   44574672623.4477500082426959696187250      
   44574658053.5165028820744006056137095      
   44574641951.6214929646458395102539348      
   44574624173.6475989254661050230928830      
   44574604562.3870434909889734853849076      
   44574582948.0640849070155211885363102      
   44574559147.2551568031845585959644002      
   44574532962.3386746624431615260752958      
   44574504181.0038852258400568904197510      
   44574472575.3258941487150427381387356      
   44574437901.6370505184273958644304776      
   44574399899.2328415749170883507932952      
   44574358289.6481616634794173627142358      
   44574312775.9875123450463668858364179      
   44574263041.7828694020747326802086155      
   44574208750.0833174839391753198455245      
   44574149542.5048959826596862185781321      
   44574085037.5649176122129288353766692      
   44574014830.3559334503674708909745270      
   44573938490.7018869295660176272714006      
   44573855561.9555254552065316600627274      
   44573765559.6779908072395001421879137      
   44573667970.1737123560756949371134659      
   44573562248.8909883119652254616208545      
   44573447818.8409952022447146105109080      
   44573324068.8086221566732045328217944      
   44573190351.5775056077357598462722065      
   44573045981.9481491585786856974532920      
   44572890234.6219933324882318625289265      
   44572722342.0336030838131556387020978      
   44572541491.9629160091920828567230538      
   44572346824.9298651062309735666983832      
   44572137431.5863988941988719271090736      
   44571912349.7707469333978162615582621      
   44571670561.3579896670659335422269235      
   44571410988.9698806043097644690282475      
   44571132492.3555012995656490086750907      
   44570833864.5953802922670698749280207      
   44570513828.0470532415468675107199232      
   44570171029.9306464424524988039492057      
   44569804037.6711691705286165710240784      
   44569411333.9003647011357258497721869      
   44568991311.1617840907772217887308163      
   44568542266.2436303138381640317366359      
   44568062394.1683714792043178324927214      
   44567549781.7386245071190462691015590      
   44567002398.8760393099035623811492817      
   44566418099.0071450530938402352414422      
   44565794599.9551408948925299175015915      
   44565129483.4089171125358396872581909      
   44564420184.5890369657712004703656817      
   44563663983.0230599323045632246073901      
   44562857992.9585251274884638830228584      
   44561999153.3321513320248709383284902      
   44561084216.9652133085742973611949453      
   44560109739.4021953340190285403392495      
   44559072073.9574218354827815040717315      
   44557967332.6360316924017733921423856      
   44556791411.0806036252270247899030469      
   44555539950.3360477551972717470991012      
   44554208328.1632008229308142448722082      
   44552791643.7762456962409857614272145      
   44551284701.6096180609343563728171821      
   44549681994.7469672662504106742553255      
   44547977686.9404531010266937592320702      
   44546165593.9543539729551187210781302      
   44544239164.3315710163623938080283931      
   44542191458.6159105991702309099307198      
   44540015128.0159161779823498026939234      
   44537702392.0338789829687264741424329      
   44535245014.6108624966147257899742952      
   44532634279.8183172683604600442606959      
   44529860965.5845795979972440522551117      
   44526915316.9239205292690877493124458      
   44523787015.8554152545057692129971637      
   44520465152.2853593133821239882835326      
   44516938189.2894817453117926915694051      
   44513193925.0685869797521422430678285      
   44509219467.6627545289947213363939992      
   44505001100.8581914427569847877060883      
   44500524305.6831501046562050654603142      
   44495773560.9963422781955868478930180      
   44490732149.4330453836361454455044711      
   44485381839.8502360600232958753058337      
   44479702476.5060170321203401699651240      
   44473671624.4276117864777117292230174      
   44467264546.4745348420050213259867520      
   44460454593.0356582745728059191343237      
   44453213863.8161285415641075020079272      
   44445513577.8109522728871676900050643      
   44437324826.4103292340508908718357711      
   44428619219.1630260863972563534573767      
   44419369823.4232381326255481672590932      
   44409551704.8755363704588705838012378      
   44399142113.7278317627536136298282477      
   44388120255.4291082338433987572893677      
   44376466806.0228302328939506606937454      
   44364163341.4023212576046480520114232      
   44351191808.9362025638272928239035591      
   44337534106.6496870787527138477884267      
   44323171804.2555277276499179113931344      
   44308085870.3013588215450606347923268      
   44292256703.9101050025152041647734267      
   44275663989.9829078191133309570887195      
   44258286723.1645932002372192212152908      
   44240103228.3083817548065217680365227      
   44221091194.0040012356470458483800182      
   44201227713.9917756572339642607199319      
   44180489329.2832559018455755550553795      
   44158852073.7754711649362409397824676      
   44136291514.8261993605996549523022668      
   44112782793.3066249585367873212146683      
   44088300660.4850315746692822622251548      
   44062819511.9960046707472851303374368      
   44036313418.9188598146617706960634530      
   44008756156.0701375434688939818149977      
   43980121227.3139609677675303630795981      
   43950381888.8698880082360870260119199      
   43919511169.0970961219089580083421801      
   43887481887.2786000770403879004260900      
   43854266669.3309927033349095708948296      
   43819837962.4048363999465472092022168      
   43784168046.3963695396877456494435628      
   43747229044.7146914245668844703842416      
   43708992937.0135817643645106927775947      
   43669431561.1945400773505481266010987      
   43628516624.0526112500394378375455707      
   43586219705.6888162612593132038588272      
   43542512264.2944843210232154628709576      
   43497365640.5938035097998512637351479      
   43450751056.7141174823930644581656161      
   43402639624.7725083396311436446810273      
   43353002343.3413662536892041392999659      
   43301810101.9739869355732822107999433      
   43249033676.3363952546260818207479126      
   43194643735.5592105112386677659220039      
   43138610836.2136171462487489161122821      
   43080905422.4585441285077424948729724      
   43021497831.2049706339850734923162003      
   42960358277.5241863658182975941085481      
   42897456873.1010673393793341846345419      
   42832763603.4388699893511436014605280      
   42766248344.8109266952345270497096033      
   42697880848.6621118377764686207468248      
   42627630750.7244385497692742213293965      
   42555467559.0929028763260346403560196      
   42481360660.6576148411559342046163869      
   42405279317.7576990821328154647197791      
   42327192663.5036455879952235391349525      
   42247069697.7044657183000374667046717      
   42164879296.2473175851364074834243154      
   42080590195.6874922664982745417769385      
   41994170998.9254768121081486384484621      
   41905590174.5727678524660818355634105      
   41814816049.9638437150909810561614084      
   41721816814.0528067080143833738309145      
   41626560514.9900748542222645052023461      
   41529015086.0544193553046957905396118      
   41429148223.5513742223508065953998325      
   41326927574.2975943934949625688218527      
   41222320601.3717488760726239930939606      
   41115294620.9509948361582338000061968      
   41005816798.0253672908073816242200577      
   40893854145.9158480061889825539891864      
   40779373525.5978848107736939181537377      
   40662341642.6853890877972539137072686      
   40542725048.7235458993327841697251574      
   40420490136.4641785603711326991052425      
   40295603142.8995689420983507540497378      
   40168030145.1018163425310490627298911      
   40037737059.8706537216688230822969152      
   39904689642.7439344300931367328426906      
   39768853486.2978583243840434787050428      
   39630194023.8746054613632234286924099      
   39488676521.4003302659280342553304045      
   39344266081.7569092699977954403598231      
   39196927639.7219896292886502123291346      
   39046625968.2380853236370427550021376      
   38893325669.9795630741919456106683348      
   38736991178.0164322975082956442674353      
   38577586759.9090699765485264224288889      
   38415076514.7448902392585483070418504      
   38249424364.8011806777663279663863868      
   38080594064.8481881980120212827163986      
   37908549200.3671643939809326337897116      
   37733253184.0564749424411668269461543      
   37554669257.4995310547209978059534118      
   37372760479.3321620374432600654022686      
   37187489744.2200731600172457818770334      
   36998819768.9248639846684543986633033      
   36806713103.6628944550689168434481780      
   36611132099.0577817763237843052724673      
   36412038951.6570668749772731554216897      
   36209395673.8001828377753507331202646      
   36003164094.4801021341206525473796383      
   35793305889.2923584747449300462307814      
   35579782528.9350034476328093723534389      
   35362555316.8683469914508058166647993      
   35141585376.3562774709263178367046073      
   34916833651.3015011351035412800767846      
   34688260905.6930932345404017886899633      
   34455827723.9170280342230376416978182      
   34219494509.7499897257713498063288795      
   33979221485.7174690595384555387121257      
   33734968693.3943112829533192514870492      
   33486695994.0822264217279387447513014      
   33234363066.1085347353877046052764846      
   32977929406.1657305171344940084570451      
   32717354326.4015201629329547716652850      
   32452596961.9784833755328640047259794      
   32183616259.3110585217682255718789810      
   31910370996.1587414500563501101152708      
   31632819728.6713624240922808032695642      
   31350920867.0405881851688950973939358      
   31064632625.3494860577383416817519422      
   30773913033.0172446702068618635527879      
   30478719934.9995527536243580915207628      
   30179010991.1345560398298379054688511      
   29874743676.2764231257156351021338338      
   29565875276.8398636716498323210103372      
   29252362905.2054547519747427394451717      
   28934163476.7584794831375457001450139      
   28611233722.7670786349711571183299028      
   28283530191.3693977665158096610381081      
   27951009244.7091848519557344259446256      
   27613627057.6016973402165668058235510      
   27271339618.9038877433608948764150941      
   26924102728.8690002903885190131892396      
   26571872003.6129150861522781901554644      
   26214602866.5954900354547678287242408      
   25852250565.7859863116129991173254437      
   25484770152.5307792710010856758938598      
   25112116492.5011085297147857630612950      
   24734244264.1205144118286712500837535      
   24351107959.5415192871720741736038341      
   23962661882.3708778868778072255401329      
   23568860147.9131182809115164443705644      
   23169656683.3268524611634907168403732      
   22765005228.4645777346393194489934756      
