 1148.96  802.77  944.23  487.04  519.15  140.63  503.43  766.16
 1148.96  802.77  944.23  487.04  519.15  140.63  503.43  766.16
 1148.96  802.77  944.23  487.04  519.15  140.63  503.43  766.16
 1148.96  802.77  944.23  487.04  519.15  140.63  503.43  766.16
 1148.96  802.77  944.23  487.03  519.15  140.63  503.43  766.16
 1148.96  802.77  944.23  487.02  519.15  140.63  503.43  766.16
 1148.96  802.77  944.23  487.00  519.15  140.63  503.43  766.16
 1148.96  802.77  944.23  486.97  519.16  140.63  503.43  766.16
 1148.96  802.77  944.23  486.92  519.16  140.63  503.43  766.16
 1148.95  802.76  944.22  486.86  519.16  140.63  503.43  766.16
 1148.95  802.76  944.22  486.77  519.16  140.63  503.43  766.16
 1148.95  802.75  944.21  486.65  519.16  140.63  503.43  766.15
 1148.94  802.74  944.19  486.50  519.16  140.63  503.43  766.15
 1148.94  802.72  944.18  486.31  519.16  140.63  503.43  766.15
 1148.94  802.71  944.15  486.08  519.17  140.64  503.44  766.14
 1148.94  802.68  944.13  485.80  519.17  140.64  503.44  766.14
 1148.94  802.66  944.09  485.48  519.18  140.64  503.45  766.13
 1148.94  802.62  944.05  485.10  519.19  140.65  503.45  766.12
 1148.94  802.58  944.00  484.66  519.20  140.65  503.46  766.11
 1148.95  802.53  943.94  484.16  519.21  140.66  503.47  766.09
 1148.95  802.47  943.86  483.59  519.22  140.67  503.48  766.08
 1148.96  802.39  943.78  482.96  519.23  140.68  503.49  766.06
 1148.97  802.31  943.67  482.25  519.25  140.69  503.51  766.03
 1148.97  802.21  943.55  481.46  519.27  140.70  503.53  766.00
 1148.96  802.09  943.41  480.58  519.30  140.72  503.55  765.97
 1148.94  801.96  943.25  479.61  519.32  140.74  503.58  765.93
 1148.91  801.80  943.05  478.55  519.36  140.76  503.60  765.89
 1148.86  801.61  942.83  477.38  519.40  140.79  503.64  765.84
 1148.78  801.40  942.57  476.11  519.44  140.81  503.67  765.78
 1148.67  801.16  942.28  474.73  519.49  140.85  503.72  765.72
 1148.51  800.89  941.94  473.23  519.55  140.88  503.76  765.64
 1148.32  800.58  941.56  471.61  519.61  140.93  503.82  765.56
 1148.07  800.22  941.12  469.86  519.68  140.97  503.88  765.46
 1147.75  799.82  940.63  467.98  519.76  141.03  503.95  765.35
 1147.37  799.38  940.08  465.97  519.86  141.09  504.03  765.23
 1146.92  798.88  939.47  463.83  519.96  141.15  504.11  765.09
 1146.37  798.33  938.79  461.55  520.08  141.23  504.21  764.94
 1145.74  797.72  938.03  459.13  520.20  141.31  504.32  764.77
 1145.02  797.05  937.20  456.57  520.34  141.41  504.43  764.58
 1144.19  796.32  936.29  453.88  520.50  141.51  504.57  764.38
 1143.25  795.52  935.30  451.05  520.67  141.62  504.71  764.15
 1142.21  794.65  934.23  448.08  520.85  141.74  504.87  763.91
 1141.05  793.71  933.06  444.98  521.06  141.88  505.04  763.64
 1139.77  792.71  931.81  441.75  521.28  142.02  505.23  763.35
 1138.37  791.63  930.47  438.39  521.51  142.18  505.44  763.04
 1136.85  790.48  929.04  434.90  521.77  142.36  505.66  762.70
 1135.20  789.25  927.51  431.28  522.05  142.54  505.90  762.34
 1133.43  787.95  925.89  427.54  522.34  142.74  506.16  761.95
 1131.53  786.57  924.18  423.68  522.66  142.96  506.44  761.54
 1129.51  785.12  922.37  419.70  523.00  143.19  506.75  761.10
 1127.35  783.59  920.46  415.59  523.36  143.43  507.07  760.63
 1125.06  781.98  918.45  411.35  523.75  143.70  507.42  760.14
 1122.64  780.30  916.34  407.00  524.16  143.98  507.79  759.61
 1120.08  778.53  914.13  402.51  524.59  144.28  508.20  759.05
 1117.39  776.69  911.81  397.90  525.06  144.61  508.62  758.45
 1114.56  774.76  909.39  393.14  525.55  144.95  509.08  757.83
 1111.59  772.75  906.86  388.25  526.07  145.32  509.57  757.16
 1108.49  770.66  904.21  383.21  526.63  145.72  510.10  756.46
 1105.24  768.48  901.45  378.01  527.22  146.14  510.66  755.72
 1101.85  766.21  898.57  372.64  527.84  146.59  511.26  754.94
 1098.32  763.85  895.57  367.09  528.51  147.07  511.90  754.11
 1094.65  761.39  892.43  361.34  529.21  147.59  512.59  753.23
 1090.84  758.83  889.15  355.38  529.96  148.15  513.33  752.31
 1086.88  756.17  885.73  349.18  530.77  148.75  514.12  751.32
 1082.79  753.40  882.15  342.71  531.62  149.39  514.97  750.28
 1078.55  750.51  878.40  335.94  532.54  150.09  515.88  749.17
 1074.18  747.49  874.46  328.82  533.52  150.85  516.87  747.98
 1069.68  744.34  870.33  321.29  534.58  151.67  517.94  746.72
 1065.05  741.05  865.97  313.30  535.72  152.57  519.10  745.37
 1060.29  737.59  861.36  304.73  536.96  153.56  520.37  743.92
 1055.42  733.94  856.46  295.46  538.31  154.66  521.76  742.35
 1050.43  730.09  851.22  285.30  539.80  155.88  523.29  740.64
 1045.33  726.00  845.58  273.97  541.44  157.27  525.00  738.77
 1040.12  721.61  839.44  261.04  543.28  158.85  526.92  736.71
 1034.79  716.86  832.65  245.78  545.39  160.69  529.11  734.39
 1029.33  711.63  824.97  226.98  547.85  162.91  531.68  731.72
 1023.74  705.83  816.16  204.18  550.78  165.64  534.73  728.61
 1018.19  700.07  807.06  190.65  553.95  168.70  538.03  725.33
 1012.85  694.89  798.58  187.84  557.07  171.83  541.30  722.20
 1008.07  689.98  790.20  185.50  560.32  175.23  544.71  719.05
 1003.96  685.34  781.89  183.39  563.71  178.93  548.29  715.86
 1000.54  681.07  773.81  182.09  567.19  182.89  551.97  712.71
  997.79  677.27  766.15  181.90  570.69  187.06  555.67  709.69
  995.63  673.98  759.03  182.83  574.11  191.33  559.29  706.86
  993.95  671.19  752.54  184.74  577.42  195.64  562.79  704.26
  992.66  668.88  746.68  187.44  580.56  199.92  566.12  701.90
  991.65  666.99  741.43  190.71  583.54  204.14  569.27  699.79
  990.84  665.46  736.72  194.39  586.34  208.28  572.23  697.91
  990.16  664.23  732.51  198.34  588.99  212.31  575.02  696.24
  989.56  663.25  728.74  202.44  591.48  216.25  577.65  694.75
  988.99  662.49  725.35  206.63  593.83  220.09  580.13  693.43
  988.43  661.91  722.29  210.85  596.06  223.83  582.48  692.25
  987.85  661.48  719.52  215.07  598.18  227.48  584.70  691.21
  987.23  661.18  717.00  219.26  600.20  231.06  586.82  690.29
  986.57  660.99  714.71  223.40  602.13  234.56  588.84  689.46
  985.85  660.89  712.61  227.48  603.97  237.99  590.78  688.73
  985.08  660.87  710.69  231.50  605.75  241.36  592.63  688.09
  984.25  660.93  708.93  235.45  607.46  244.68  594.42  687.52
  983.36  661.05  707.31  239.33  609.12  247.94  596.14  687.01
  982.42  661.22  705.81  243.15  610.72  251.16  597.81  686.57
  981.43  661.44  704.43  246.90  612.27  254.34  599.43  686.19
  980.40  661.71  703.15  250.59  613.78  257.48  600.99  685.87
  979.33  662.02  701.97  254.22  615.25  260.59  602.52  685.59
  978.23  662.36  700.88  257.79  616.68  263.66  604.01  685.36
  977.10  662.74  699.87  261.30  618.09  266.71  605.46  685.17
  975.95  663.14  698.93  264.76  619.46  269.73  606.87  685.02
  974.78  663.58  698.06  268.18  620.80  272.73  608.26  684.91
  973.60  664.04  697.26  271.55  622.12  275.71  609.62  684.84
  972.40  664.53  696.52  274.87  623.41  278.67  610.96  684.80
  971.20  665.04  695.84  278.15  624.68  281.61  612.27  684.79
  970.00  665.56  695.21  281.40  625.93  284.54  613.56  684.82
  968.80  666.11  694.64  284.61  627.17  287.45  614.83  684.87
  967.59  666.68  694.11  287.79  628.38  290.35  616.09  684.96
  966.39  667.27  693.62  290.93  629.58  293.24  617.32  685.07
  965.19  667.87  693.18  294.05  630.77  296.11  618.55  685.21
  963.99  668.49  692.79  297.14  631.94  298.98  619.75  685.37
  962.80  669.12  692.43  300.21  633.10  301.83  620.95  685.56
  961.61  669.77  692.11  303.25  634.25  304.68  622.13  685.77
  960.43  670.43  691.82  306.27  635.38  307.52  623.30  686.01
  959.25  671.10  691.57  309.27  636.51  310.35  624.46  686.27
  958.08  671.79  691.36  312.25  637.62  313.17  625.61  686.55
  956.91  672.49  691.17  315.22  638.73  315.99  626.75  686.85
  955.75  673.21  691.02  318.16  639.82  318.81  627.88  687.17
  954.60  673.93  690.90  321.09  640.91  321.61  629.01  687.52
  953.45  674.66  690.80  324.01  641.99  324.42  630.12  687.88
  952.31  675.41  690.74  326.91  643.07  327.21  631.24  688.26
  951.18  676.17  690.70  329.80  644.14  330.01  632.34  688.67
  950.05  676.93  690.69  332.68  645.20  332.79  633.44  689.09
  948.92  677.71  690.70  335.54  646.26  335.58  634.54  689.53
  947.81  678.50  690.74  338.40  647.31  338.36  635.63  689.98
  946.69  679.29  690.80  341.25  648.36  341.14  636.72  690.46
  945.59  680.10  690.89  344.08  649.40  343.91  637.80  690.95
  944.49  680.91  691.00  346.91  650.44  346.68  638.88  691.45
  943.39  681.73  691.13  349.73  651.48  349.45  639.96  691.98
  942.30  682.56  691.28  352.54  652.51  352.21  641.04  692.52
  941.22  683.40  691.46  355.34  653.54  354.98  642.11  693.07
  940.15  684.25  691.66  358.14  654.56  357.73  643.18  693.64
  939.08  685.10  691.87  360.93  655.59  360.49  644.26  694.23
  938.02  685.97  692.11  363.71  656.61  363.24  645.33  694.83
  936.96  686.84  692.36  366.49  657.63  365.99  646.39  695.45
  935.91  687.71  692.64  369.26  658.64  368.74  647.46  696.08
  934.87  688.60  692.93  372.02  659.66  371.48  648.53  696.72
  933.84  689.49  693.25  374.78  660.67  374.22  649.60  697.38
  932.81  690.39  693.58  377.53  661.69  376.96  650.67  698.05
  931.79  691.29  693.93  380.28  662.70  379.69  651.74  698.74
  930.78  692.21  694.29  383.03  663.72  382.43  652.81  699.43
  929.78  693.12  694.68  385.77  664.73  385.16  653.88  700.14
  928.78  694.05  695.08  388.50  665.74  387.88  654.95  700.86
  927.80  694.98  695.49  391.23  666.75  390.61  656.02  701.60
  926.83  695.92  695.93  393.95  667.77  393.33  657.09  702.35
  925.86  696.86  696.38  396.67  668.78  396.04  658.17  703.10
  924.90  697.81  696.84  399.39  669.79  398.76  659.24  703.87
  923.96  698.76  697.32  402.10  670.81  401.47  660.32  704.65
  923.02  699.72  697.82  404.81  671.83  404.18  661.40  705.44
  922.10  700.69  698.33  407.51  672.84  406.88  662.49  706.25
  921.18  701.66  698.85  410.21  673.86  409.58  663.57  707.06
  920.28  702.64  699.39  412.91  674.88  412.28  664.66  707.88
  919.39  703.62  699.95  415.60  675.90  414.97  665.75  708.71
  918.51  704.60  700.52  418.28  676.93  417.66  666.84  709.56
  917.64  705.59  701.10  420.96  677.95  420.35  667.93  710.41
  916.79  706.59  701.69  423.64  678.98  423.03  669.03  711.27
  915.95  707.59  702.30  426.31  680.01  425.71  670.13  712.14
  915.12  708.60  702.93  428.98  681.04  428.38  671.23  713.02
  914.30  709.61  703.56  431.64  682.08  431.05  672.34  713.91
  913.50  710.62  704.21  434.30  683.12  433.72  673.45  714.80
  912.71  711.64  704.87  436.96  684.16  436.38  674.56  715.71
  911.94  712.67  705.55  439.61  685.20  439.04  675.67  716.62
  911.18  713.70  706.23  442.25  686.25  441.69  676.79  717.54
  910.44  714.73  706.93  444.90  687.30  444.34  677.91  718.47
  909.70  715.77  707.64  447.53  688.35  446.99  679.04  719.41
  908.99  716.81  708.37  450.16  689.40  449.63  680.16  720.35
  908.29  717.85  709.10  452.79  690.46  452.26  681.29  721.30
  907.60  718.90  709.85  455.41  691.53  454.89  682.43  722.26
  906.94  719.95  710.60  458.03  692.59  457.52  683.57  723.22
  906.28  721.01  711.37  460.64  693.66  460.14  684.71  724.19
  905.65  722.07  712.15  463.25  694.73  462.76  685.85  725.17
  905.03  723.13  712.94  465.85  695.81  465.37  687.00  726.15
  904.42  724.20  713.74  468.45  696.89  467.97  688.16  727.14
  903.83  725.27  714.55  471.04  697.97  470.57  689.31  728.14
  903.26  726.34  715.38  473.63  699.06  473.17  690.47  729.14
  902.71  727.42  716.21  476.21  700.15  475.76  691.63  730.15
  902.17  728.50  717.05  478.78  701.25  478.34  692.80  731.16
  901.65  729.59  717.90  481.36  702.35  480.92  693.97  732.18
  901.15  730.67  718.76  483.92  703.45  483.49  695.14  733.20
  900.66  731.76  719.64  486.48  704.56  486.06  696.32  734.23
  900.20  732.86  720.52  489.03  705.67  488.62  697.50  735.27
  899.75  733.95  721.41  491.58  706.78  491.18  698.69  736.31
  899.31  735.05  722.31  494.13  707.90  493.73  699.87  737.35
  898.90  736.16  723.21  496.66  709.02  496.28  701.07  738.40
  898.50  737.26  724.13  499.19  710.15  498.82  702.26  739.45
  898.12  738.37  725.06  501.72  711.28  501.35  703.46  740.51
  897.76  739.48  725.99  504.24  712.42  503.88  704.66  741.57
  897.42  740.59  726.94  506.75  713.56  506.40  705.87  742.63
  897.10  741.71  727.89  509.26  714.70  508.91  707.08  743.70
  896.79  742.83  728.85  511.76  715.85  511.42  708.29  744.78
  896.50  743.95  729.82  514.26  717.00  513.92  709.51  745.86
  896.23  745.07  730.79  516.75  718.15  516.42  710.73  746.94
  895.98  746.20  731.78  519.23  719.31  518.91  711.95  748.02
  895.74  747.33  732.77  521.71  720.47  521.40  713.18  749.11
  895.52  748.46  733.77  524.18  721.64  523.88  714.41  750.21
  895.32  749.59  734.78  526.65  722.81  526.35  715.64  751.30
  895.14  750.72  735.79  529.11  723.98  528.81  716.88  752.40
  894.98  751.86  736.81  531.56  725.16  531.27  718.12  753.51
  894.83  753.00  737.84  534.01  726.34  533.73  719.36  754.61
  894.71  754.14  738.88  536.45  727.53  536.17  720.61  755.72
  894.60  755.29  739.92  538.88  728.72  538.61  721.86  756.83
  894.50  756.43  740.97  541.31  729.91  541.05  723.11  757.95
  894.43  757.58  742.03  543.73  731.11  543.47  724.36  759.07
  894.37  758.73  743.09  546.15  732.31  545.90  725.62  760.19
  894.33  759.89  744.16  548.56  733.51  548.31  726.89  761.31
  894.31  761.04  745.23  550.96  734.72  550.72  728.15  762.44
  894.31  762.20  746.32  553.36  735.93  553.12  729.42  763.57
  894.32  763.35  747.41  555.75  737.14  555.52  730.69  764.70
  894.35  764.51  748.50  558.13  738.36  557.90  731.96  765.84
  894.39  765.68  749.60  560.51  739.58  560.29  733.24  766.98
  894.46  766.84  750.71  562.88  740.81  562.66  734.52  768.12
  894.54  768.00  751.82  565.25  742.04  565.03  735.80  769.26
  894.63  769.17  752.94  567.61  743.27  567.40  737.09  770.40
  894.75  770.34  754.06  569.96  744.51  569.75  738.38  771.55
  894.88  771.51  755.19  572.31  745.74  572.10  739.67  772.70
  895.02  772.68  756.32  574.64  746.99  574.45  740.96  773.85
  895.18  773.86  757.46  576.98  748.23  576.78  742.26  775.01
  895.36  775.03  758.61  579.31  749.48  579.11  743.56  776.16
  895.56  776.21  759.76  581.63  750.73  581.44  744.86  777.32
  895.77  777.39  760.91  583.94  751.99  583.76  746.16  778.48
  895.99  778.57  762.07  586.25  753.24  586.07  747.47  779.64
  896.23  779.75  763.24  588.55  754.50  588.38  748.78  780.81
  896.49  780.93  764.41  590.85  755.77  590.67  750.09  781.97
  896.76  782.12  765.58  593.14  757.03  592.97  751.40  783.14
  897.05  783.30  766.76  595.42  758.30  595.25  752.72  784.31
  897.35  784.49  767.94  597.70  759.58  597.54  754.04  785.48
  897.66  785.68  769.13  599.97  760.85  599.81  755.36  786.66
  898.00  786.87  770.32  602.23  762.13  602.08  756.68  787.83
  898.34  788.06  771.52  604.49  763.41  604.34  758.01  789.01
  898.70  789.25  772.72  606.75  764.70  606.60  759.33  790.19
  899.07  790.45  773.93  608.99  765.98  608.85  760.66  791.37
  899.46  791.64  775.14  611.23  767.27  611.09  762.00  792.55
  899.86  792.84  776.35  613.47  768.56  613.33  763.33  793.74
  900.28  794.04  777.57  615.70  769.86  615.56  764.67  794.92
  900.71  795.24  778.79  617.92  771.15  617.78  766.01  796.11
  901.15  796.44  780.01  620.14  772.45  620.00  767.35  797.30
  901.61  797.64  781.24  622.35  773.76  622.22  768.69  798.49
  902.08  798.84  782.47  624.56  775.06  624.43  770.03  799.68
  902.56  800.05  783.71  626.76  776.37  626.63  771.38  800.88
  903.06  801.25  784.95  628.95  777.68  628.83  772.73  802.07
  903.56  802.46  786.20  631.14  778.99  631.02  774.08  803.27
  904.08  803.67  787.44  633.32  780.30  633.20  775.43  804.47
  904.62  804.88  788.69  635.50  781.62  635.38  776.79  805.67
  905.16  806.09  789.95  637.67  782.94  637.56  778.14  806.87
  905.72  807.30  791.21  639.84  784.26  639.72  779.50  808.07
  906.29  808.51  792.47  642.00  785.58  641.89  780.86  809.28
  906.87  809.73  793.73  644.15  786.91  644.04  782.22  810.48
  907.47  810.95  795.00  646.30  788.24  646.20  783.59  811.69
  908.07  812.16  796.27  648.45  789.57  648.34  784.95  812.90
  908.69  813.38  797.54  650.59  790.90  650.48  786.32  814.11
  909.32  814.60  798.82  652.72  792.23  652.62  787.69  815.32
  909.95  815.82  800.10  654.85  793.57  654.75  789.06  816.53
  910.61  817.04  801.38  656.97  794.91  656.88  790.43  817.74
  911.27  818.26  802.67  659.09  796.25  659.00  791.81  818.96
  911.94  819.49  803.96  661.21  797.59  661.11  793.18  820.18
  912.62  820.71  805.25  663.31  798.94  663.22  794.56  821.39
  913.31  821.94  806.54  665.42  800.28  665.33  795.94  822.61
  914.02  823.17  807.84  667.52  801.63  667.43  797.32  823.83
  914.73  824.40  809.14  669.61  802.98  669.52  798.70  825.06
  915.46  825.63  810.44  671.70  804.34  671.61  800.09  826.28
  916.19  826.86  811.75  673.79  805.69  673.70  801.47  827.51
  916.94  828.09  813.06  675.86  807.05  675.78  802.86  828.73
  917.69  829.32  814.37  677.94  808.41  677.86  804.25  829.96
  918.46  830.56  815.68  680.01  809.77  679.93  805.64  831.19
  919.23  831.79  817.00  682.08  811.13  682.00  807.03  832.42
  920.01  833.03  818.32  684.14  812.49  684.06  808.43  833.65
  920.80  834.27  819.64  686.20  813.86  686.12  809.82  834.88
  921.61  835.51  820.96  688.25  815.23  688.17  811.22  836.12
  922.42  836.75  822.29  690.30  816.60  690.22  812.62  837.35
  923.24  837.99  823.62  692.34  817.97  692.27  814.02  838.59
  924.07  839.23  824.95  694.38  819.34  694.31  815.42  839.83
  924.91  840.48  826.28  696.42  820.72  696.34  816.82  841.07
  925.75  841.72  827.62  698.45  822.09  698.38  818.22  842.31
  926.61  842.97  828.96  700.47  823.47  700.40  819.63  843.55
  927.47  844.22  830.30  702.50  824.85  702.43  821.04  844.80
