   7.13443661027839408916309514284142479E-0002
   9.19919402067805967877217291095751044E-0002
  0.104523135775730849464157267908478191      
  0.106935796608798929932344892469543083      
   9.84832911584483267657543751316128818E-0002
   7.97807796542507458324468479347001690E-0002
   5.27078760164743045279948543470935147E-0002
   2.02374711765944900476993824298424090E-0002
  -1.41975817373543805129945408552140769E-0002
  -4.69136819037810088050803280790959504E-0002
  -7.46675445364258337874445843874221853E-0002
  -9.49556422633317507876927221802935902E-0002
 -0.106343130717732572416792875227842178      
 -0.108503423639098637316120126207205364      
 -0.102178915809718994121139645594182970      
  -8.88901211409545120318002966951127116E-0002
  -7.06831585659168644453545948119982925E-0002
  -4.97299853980726590743427330093902766E-0002
  -2.81802993085698364427979591125374387E-0002
  -7.77843245494210608787559006685539291E-0003
   1.01799454138879429799066685284775344E-0002
   2.48728704150667636207816449822186751E-0002
   3.59096620644630262944868235007288489E-0002
   4.32469596194551993959223993019413495E-0002
   4.72364540835164283471853088196385567E-0002
   4.82920974786051630476462090179501293E-0002
   4.69996680859854229531161372452390590E-0002
   4.39467233221973550541357589612624415E-0002
   3.96818453386505429363354575071566742E-0002
   3.47055598059207525928253120222913826E-0002
   2.94152320115787934464933037268932055E-0002
   2.41636099539937125142330768704010951E-0002
   1.91819268519576858384182984858961248E-0002
   1.46299426047701333620120818289665934E-0002
   1.06415507966902189106994933664860343E-0002
   7.25660890594834524823405836561565214E-0003
   4.48221894025578143065932708231774453E-0003
   2.28457753005331962501863641264560833E-0003
   6.34181317475416720907127769058102688E-0004
  -5.48651901636167368300430521412463342E-0004
  -1.31593748076917816134585908020002614E-0003
  -1.73584149793695019781299051504260508E-0003
  -1.86249590995520177626818991823841367E-0003
  -1.76500873816913518172130484760794484E-0003
  -1.50008392480514926327527032142905491E-0003
  -1.11688972793844560728525947653793031E-0003
  -6.56962537058937958401110749534596421E-0004
  -1.49206082269784569363287267317502334E-0004
   3.74584113747953713086058317091843581E-0004
   9.15945076905909128647901069602383142E-0004
   1.53110274110706795638567479782061637E-0003
   1.74541250138230163666575326282840210E-0003
   2.21153349228211396628749706178598925E-0003
   2.60219959133343073306898983815036303E-0003
   3.28555961112464184561490229128506162E-0003
   3.65894438465210105784390854984644247E-0003
   4.13321818667297507320434724421999995E-0003
   4.49403496059166141541974937522271902E-0003
   4.57053404130060046774473349987672199E-0003
   4.87103511206533624560827357746176225E-0003
   5.17406027636959472005407839607002075E-0003
   5.22158797697421728416989956293342558E-0003
   5.52189189437779385365127840213847407E-0003
   5.82893655660058100423691501298791687E-0003
   6.35262036477386490821871533430761516E-0003
   6.77416570006519998882263323576972343E-0003
   7.24570770426696643746697228601959345E-0003
   8.16498412564953968619002454828206839E-0003
   8.85975084019215221458872834750912175E-0003
   9.67370788065513000894623105134058495E-0003
   1.06091003802154927977875658900770056E-0002
   1.16486561581932120187196992482245647E-0002
   1.28453998373526242162739949268037956E-0002
   1.38179359999694878643620476359537608E-0002
   1.53035568814444101327322464027144441E-0002
   1.72327431972689726190989772802649452E-0002
   1.88352298865818108648297463228865166E-0002
   2.07100305202927433082950320725675904E-0002
   2.34744681494537888831882292125097257E-0002
   2.63610913350522758147127552580207746E-0002
   2.99970115530893936497582632009332725E-0002
   3.40925706727221585845184408428413507E-0002
   3.86296715167368070869463061693549924E-0002
   4.36140654869311169509596089087437715E-0002
   4.91609510362764130129929107861200124E-0002
   5.55705517854901650436796436550614140E-0002
   6.32816937095350004195722755783852801E-0002
   7.18083748367261989738679881314627236E-0002
   8.21551795617131663683639828108013319E-0002
   9.39360530874877990921002876835985755E-0002
  0.108249191064458424505184118272988001      
  0.121357425246702263985666460897590387      
  0.134411098359243881854654845444219603      
  0.149731519871902890086761084761769343      
  0.164104781639580556142414272292692332      
  0.178719952691931821230157677260354589      
  0.186321482570542708428526401707820095      
  0.186898239107915355821598145002337959      
  0.174243525272908241033109139520058066      
  0.142627060136442018484979422351159593      
   9.02481998706346172470535633359455823E-0002
   6.85946540779245734191901349536169789E-0003
 -0.105258769265206658510319760132381182      
 -0.257678937019282480413356215288574044      
 -0.446679960969059841077710970341598558      
 -0.674126760308326801370294336411005904      
 -0.922178828184813547618830887435243680      
  -1.17820496926008513450128421857596860      
  -1.42269615774455948213321322390763963      
  -1.62949159371332084642073287702890357      
  -1.76739588879229956946674440723232854      
  -1.80772267415011113646010519747578576      
  -1.73004917148335751215378664462538932      
  -1.52395738299876032663935596858726635      
  -1.18538461477209087184641028881614623      
 -0.716347899110638084299616910552949488      
 -0.151163629894158337428560447867466138      
  0.475892727768753077582427622447555811      
   1.11373176607481522009164326840624727      
   1.71125014677204913530038561565458881      
   2.21186388388750332490481592812045317      
   2.57747300228464898605046867538138212      
   2.77267469199122973430855760780285807      
   2.78229578650231881734607847974452533      
   2.61269082012754336543876192596080297      
   2.28454162603980686118776512614648881      
   1.83172523765745416523475422722456038      
   1.29923281299336183668635285552992810      
  0.739075721018240122800118586261290806      
  0.196626242821840083906874379265177405      
 -0.297394477537573469426871119038827687      
 -0.705682857475840711364032803441664855      
  -1.02157792525809212123416209502993351      
  -1.22513491376472064921399232418992659      
  -1.33377198040464568717571170436863372      
  -1.36228791378426323687470576828191951      
  -1.31805282726038910758945410902483568      
  -1.22195524210949897337776155199358899      
  -1.09162562166935106672938456836996713      
 -0.953767448997437896313734544616982197      
 -0.793063133449963906579610314685796696      
 -0.624580168104261194868137553761786220      
 -0.441693972995072447176544796196116750      
 -0.264718667121946231170548064081196959      
  -8.61442918822817489078279667920998799E-0002
   9.27711745805590244478901577990424205E-0002
  0.255726713347222097746232887322632077      
  0.402004149686293230772231303215556702      
  0.530587421509330316059165099770380248      
  0.629034149732577816420574657176625136      
  0.706312940945687742854397891272280688      
  0.743754488583459292929498026653490783      
  0.746080000730667770516444266099404709      
  0.706871936256399988076266033830174444      
  0.633210338626101859544794909856245391      
  0.541063723630375380064400028100217068      
  0.417777876689099727561582756964964762      
  0.282397426527157803619257370045547488      
  0.140446189352109909162655336524189636      
   8.67903943886276470138786278784162933E-0004
 -0.132487414006506689954621555371262999      
 -0.263662765142106792864928027786747027      
 -0.370321785220877627387595283135022593      
 -0.458728301638288162691495282414204978      
 -0.531938541628459661222049621416227497      
 -0.580026603796089730408837266084666628      
 -0.603426081376654421218702795198686079      
 -0.597729696817472021394378019147085474      
 -0.575096913446371590834728308047063383      
 -0.522277431507268513408017941651923075      
 -0.457877060570390062616635449840014888      
 -0.376451623199029618146599125277530826      
 -0.287941310156690476770444378191168936      
 -0.189852444123391895857252285166624172      
 -0.110274693472019248558863720875555485      
  -1.95091910305052093408170412695922157E-0002
   6.02822367553817434671043688141838152E-0002
  0.141091739529531932688162416040056820      
  0.185480852777603403998818792004425564      
  0.218601602248438792233035636975554059      
  0.233690716623490500288305523692882693      
  0.226296125058664273179068486113796482      
  0.218676071693449341549024890028993312      
  0.203085026178048807505332800676170000      
  0.175286165953471288064056775078367513      
  0.152356598942040094131161993625009677      
  0.128477326440846990983726185775667861      
  0.109625459699339857536473692779522408      
   8.87454810422267819294681899233531771E-0002
   7.03627424673819254486632187514829503E-0002
   6.55098925315833372432592081579397538E-0002
   5.12335774088219410114508725061839375E-0002
   3.95403562969323239515864021573961886E-0002
   2.97691811003682090359685450208998568E-0002
   2.17167659894612884099167901055997287E-0002
   1.52777113958734270125952013901086403E-0002
  -7.98211899057186113315601501253039218E-0004
  -3.81565996488399080707258222356113844E-0003
  -6.17473481045597293936956389497079472E-0003
  -1.30112144828111227713136376686494439E-0002
  -1.32535864683461334117513712106190635E-0002
  -5.03395919029211772400623106339626197E-0003
  -5.40009303427712679017799147797500067E-0003
  -4.80318042615778645014354134979185574E-0003
   4.25947278440526487760684000415506560E-0003
   4.56833085812284744145097123983850740E-0003
   7.51658767129135823269544527838268422E-0004
   2.55867382717118342990660366010201400E-0005
  -1.02972510639284400150612972813955568E-0002
  -1.02513420630208045550956412179913443E-0002
  -1.14245432596585065673934204307673903E-0002
  -2.24417280445164821245141532533184973E-0003
   1.56395760315134174034143241404229306E-0003
  -5.90651252347800251927078245371735178E-0003
  -5.00452352952088273901913172919245620E-0003
  -4.57745701321093960082424217430023982E-0003
  -3.27700019547280469331330929399838898E-0003
  -2.01521538868285577022553412738936739E-0003
  -1.31552235044676517300643456221360992E-0003
  -1.49051876267409416295083427255114965E-0003
  -1.64887754106103407011197650288987591E-0003
  -1.86965654983941963952461127358899605E-0003
  -1.77502936991116534145424855425158314E-0003
  -1.96778416206077756414376874808490796E-0003
  -2.09006835913696216152962652227703729E-0003
  -2.20996220846614274383138021297156104E-0003
  -2.36702417030297330804330816053604571E-0003
  -2.04559477014629824461439041724376935E-0003
  -1.84371482743622787891723624369521550E-0003
  -1.77708947935515840099425424810505530E-0003
  -8.57919415092250311681547286283695137E-0004
  -4.10785902599175290072744134871936335E-0004
  -1.15169205022611794462747200968379355E-0004
  -6.59311895130489567951568953776015223E-0004
  -1.13430125862450545662380866846752082E-0003
  -1.45972556563057242282417267289554468E-0003
  -1.71823789043052786585121599170280986E-0003
  -1.63068169694450966558024180504983803E-0003
  -1.53833292277410538940386940139362304E-0003
  -1.23102599011307212850354736733549260E-0003
  -1.11461635790422202425607664597285613E-0003
  -9.49118018718748465395089362727654749E-0004
  -2.67861804401805031330721349991207463E-0004
  -7.35218936613217237868101983042175124E-0005
   1.66718019832094866849699674522029789E-0004
   1.19096592064956719197910301505088410E-0004
  -1.37710565890330642688098285970642289E-0004
  -4.66745769652094887131499015096232136E-0004
  -6.02832323060168297996477727747248994E-0004
  -6.09988332847279666446284791878006919E-0004
  -6.38067579475795761795259173740237292E-0004
  -3.95663141692414619479519758371539980E-0004
  -3.38027808420884018275130601589318383E-0004
  -3.81788511907802520417283509548241880E-0004
  -5.92834826863876547312562962634420045E-0004
  -7.20284767403487820914326155198479144E-0004
  -9.27779763735083243591566635847231259E-0004
  -2.78505553400804234832349686569912437E-0004
  -1.26629083236540750116387504049970953E-0004
   2.82794393363395945682404943774705266E-0004
  -2.33914889150229964828716249004790581E-0004
   3.34102416203771568604564589284181018E-0004
   2.69666307689616958804531881483913674E-0005
  -6.08514969077295552048369004093135866E-0004
  -7.46525165705261986611901075046895848E-0004
  -8.43173086779827603860535586962237647E-0004
  -1.05643980470629384288122279504426496E-0003
  -7.14031582976765594486777679060199950E-0004
  -8.33953666805106224579772444742958518E-0004
   4.28822057458163708279193007437958113E-0004
   5.82424917499995655917545229017343436E-0004
   1.45649225549315671963547254816531081E-0003
   1.86050221808788506231797283368313506E-0003
   1.42921678685977116814331734560925183E-0003
   5.04990960238611866198552579208602668E-0004
  -4.04117473413583111873107620893463386E-0004
   1.21318662978539173715194844213394705E-0005
  -2.36984439232851975396663257911594174E-0003
  -3.20699148930740880555967415549538185E-0003
  -1.84328460292217855218951483939981343E-0003
