1.662386816565751785859933923064771e7
7.189343632400433593025284826842377e6
3.491459278503810198084265039189924e6
1.87909756467905828554308061457129e6
1.1097157874283166211501870660027841e6
713014.9374165955608063153566489133
491531.0419902691769866085525045023
351213.1998190442625169354256365632
242166.0262161555713190127554135764
154137.0123277925432565907706436553
171685.2789401821271274411968992111
556066.1646663663494247003223819426
1.5834975383551618631246365806762864e6
2.776293153215544894268252598822525e6
2.428380611472148142831784340082878e6
-449866.33988217189189010867056046
-3.77633801196155935153076813925967e6
-4.6581475129696579763929152896554e6
-3.02861102624715913036762547089835e6
-840734.405836879712135127536486062
559590.32582095996862266299895238
1.047275732240348138034199933804439e6
1.008832444741946623658600822436149e6
787359.49474083030911475998415589
557216.348490290422032965813294871
375937.064661104815732558569664762
248465.6357398798720527555747430202
163464.983379035712473563034084554
108106.6959471589663430049845328428
72294.9819322600954328393346636137
49062.29491933851506251604115003593
33851.78311114176010624981652984136
23769.04092472510536810318118268266
16986.19355115018975736193981019664
12351.97882319072622595950183518029
9134.428730513280763583037200667677
6864.573818535527218044885300244744
5237.903180896204438114858051063512
4054.185370395434651026502245703107
3180.012818118269377129007212334702
2525.299537104377129702104134153836
2028.293198344835608922702335068406
1646.070698705111610255298607270596
1348.570965144177094709638669617057
1114.281273743854438465072648646681
927.7217460381859828252454079053365
777.6942837323293232290561521251082
655.8519623214937365722984005506603
556.1004733034736568096823897812388
473.7440306203989264866813224864055
405.3567999423879643264711791257241
348.3113482677913050132404246744126
300.5009636527327806851436645147442
260.322993127765749373910357503059
226.531164216315029550761740194826
198.098671679801898213201425633187
174.159064882089289679565861028536
153.980046652196167870172071256443
136.989284657324455317554019766235
122.607364712561235394563135967723
110.380116793971662427126808429094
99.8753109863716891455852368853957
90.750660903539916330042369185912
82.6830114776935100526279152596193
75.4374934684278930395398519471814
68.8136264747307165019556855849079
62.6689480412463698657001022021941
56.9035195548148991745143174328046
51.4576795641979136723406629763463
46.3301072725501427121113753786265
41.4589083743746200510584478602808
36.8638909144137682542227058035024
32.559432889986065546594411896465
28.5775767460513818207817869072942
24.9159583293148502224872152951928
21.57853226603541929412144810776383
18.56674539240129358902533174195705
15.87992335257717992171384687301094
13.49537780710779548407190001833002
11.40322664801855308505601235378578
9.58209693748598497873896168962796
8.01014008011623323170925228529409
6.66199592026916635346064689532189
5.51657514904787009959128755378294
4.548566999665173825613899329654241
3.734971350368181567658714577989917
3.055794801893471123657296039829014
2.491377028159344648526788811093334
2.024754773439356758462222089281186
1.64028635949563969747990590392572
1.32497758780914226925293001453437
1.067557413906961222189955994430068
0.857874524571011827864007266755786
0.687783879723187338385221239590215
0.550405692899276955020848739449947
0.439746929970322735120436465000035
0.35084152419709411273386059356975
0.2796396005040406675532825458947
0.222842416184018152172205360312898
0.17759864551783820667635121393988
0.1416000377784521115981414215524094
0.1130063471903159889357269274273717
0.0902742461525464242633186736129837
0.072194735807650315410879069000918
0.0577878642539642816817522017358581
0.0463022948557668491091793289283315
0.0371281794004873904560927650809783
0.0297873104013816319000730513539004
0.02391568369888389323295480687171726
0.01921296314930913236188663710063959
0.01544278430427029423924568805001368
0.01242227717071918080457268456938759
0.01000298818558418131326282854539708
0.008064264792950202823961442686642636
0.00651032602457597562525455746242134
0.005263480626450340041846099019146699
0.004262949658917636561072945675913857
0.003458163791834162130203694913319008
0.002809588806715450066475169003223342
0.002286463227001307990440776953982669
0.0018637632799008198822949074461161268
0.001521391551501731483990586107230076
0.0012447617312245217574141948324522772
0.0010213788313826542398459998815147696
0.0008412023928381684414949767792011989
0.0006962546242666529475137843086134673
0.0005802416429801868500370766027004396
0.0004876656254106646224923178230344497
0.0004139873208761520779448924784389829
0.0003553272559213642404141427538000396
0.0003085784296546494503796295514784378
0.00027078799815198303802806116216559759
0.00024004154170110434590713472774573232
0.0002146598127706516192781782462790103
0.0001931935248572763666450301026102143
0.0001746319947063584130606845488076837
0.00015826791052145351976063192517062
0.0001435155091014298365650213853182084
0.0001299433674395418028095999364202154
0.0001174044892771378348258231150554703
0.00010568279697730304663796534185984284
0.0000946772209771130344198814308976603
0.00008439719003991344883473541380385421
0.00007483068925722916294993818913980237
0.00006602808713078150969442194107873875
0.00005794026588180903202628734963244781
0.00005061707316821083916256319911004041
0.00004408232915187488201653786840398347
0.00003825401487464441955361379912051382
0.00003313692119230069897461571520849897
0.00002868456444358988436874871399282907
0.00002486129170851971820890552136702804
0.000021582489885930887701180082673067
0.0000188521635532280369440991136699263
0.0000165796801857039334085352414260449
0.0000147050897337039881798393349182764
0.0000131598753055150407054016719807524
0.00001197215614969574146847717957798658
0.00001103984778791933638843956716596108
0.00001028788683764669980418788430843357
9.69043074986120572632284097491815e-6
9.19723640078684580623022294274182e-6
8.84329109087669439585245183687185e-6
8.55192202535290297198844203457392e-6
8.33405102319734778262742995283943e-6
8.17890645797106422804151406597434e-6
8.02850383998352691476674243768694e-6
7.92702937650620616655778491889482e-6
7.80312630716287814107042487487106e-6
7.68635147673257261343863595010494e-6
7.56798358476667688267743800879083e-6
7.45355487742838906823446887003789e-6
7.33786535339625286936576213813367e-6
7.19308104621912536007865726403109e-6
7.07620873791912097575186671346041e-6
6.95514143545485341110537651282995e-6
6.81831904805091608898523448326795e-6
6.69338928440411378571847302778742e-6
6.56582551523269972083106323156793e-6
6.454515295715995107993942769398696e-6
6.325931413409615978092726995551368e-6
6.196474372968092913353073053822032e-6
6.083156675132832700298936147355262e-6
5.949537806011466109144249254143314e-6
5.815529362955519639624466364168797e-6
5.68431622188318571200584226044081e-6
5.557691124850369192234085002566994e-6
5.421827716193838786935236128956177e-6
5.29799584517360410372431595205581e-6
5.179104545453969732046581008113319e-6
5.056177053776952780818717888733311e-6
4.940799131055361785281998007242476e-6
4.828163941216264007807175679689205e-6
4.725258962694919371515528592937302e-6
4.619288362126539627359401550366361e-6
4.512234591097323513635188087686387e-6
4.412600828130640338505130001840079e-6
4.311656217226800046042959239581722e-6
4.210429263482014683733699948641413e-6
4.115524447534407213440023947256262e-6
4.029130431065308922467417040682391e-6
3.938863415815998153269781547135344e-6
3.851840110709704317729756370186523e-6
3.764429988017250721740409741610435e-6
3.685686941763975977872689103270428e-6
3.602909731801676471006384583283166e-6
3.525216672133520208024842515989477e-6
3.45107654484172646018405896882158e-6
3.379579242317977806934195318911553e-6
3.300846581849848871084720750048063e-6
3.236065094500331441517713550889227e-6
3.165185577641010529948374680625415e-6
3.100872939364978468677245292765752e-6
3.041965380867130269596058078633348e-6
2.982323850999207658400822523981839e-6
2.921184287755411103560693595788179e-6
2.867139927412954646713570473267146e-6
2.811207184712994216977513789973155e-6
2.759426720016499866663908956916372e-6
2.70407487224724870232983328369432e-6
2.651286115691403864389364691947863e-6
2.604304412923522005298769112806367e-6
2.552739927569750378383078946411472e-6
2.505246071274921311607337538821581e-6
2.458079519518187926908872304642523e-6
2.413458755514122857571484923605504e-6
2.369946632571306651963175865572223e-6
2.328254104107089731791473402285955e-6
2.287894532673122174849342153048548e-6
2.244431689328526448621736806606351e-6
2.210498962091333108664470374305693e-6
2.175432099279387101497314819861318e-6
2.138239303940904769576894479524859e-6
2.105533767112263374590161898516377e-6
2.07132468178093438691045608224611e-6
2.039212101444701149780561015767217e-6
2.005887652026766168294290380205396e-6
1.971474369917386412308962818498692e-6
1.934192454356548028303123596457734e-6
1.900745838465304735031575350903431e-6
1.870080769198210821131379327073585e-6
1.841852250353538597525947145463422e-6
1.817393104365440630943570001525573e-6
1.792410791423691125116168422955067e-6
1.769095850947899550247175574282609e-6
1.748153946277225670087789993469546e-6
1.722363165415188366100983139559769e-6
1.695807321842952847974865358870583e-6
1.667982079312461484674865969952608e-6
1.643059279797289391022797280831689e-6
1.617586519995032127624487019121519e-6
1.593778453398524576544505039281843e-6
1.573815526708918071912628984892791e-6
1.554490163559214648140152687684809e-6
1.533106180173706939153524844078465e-6
1.514675996832601295660105460282191e-6
1.495392449929074217045007632240572e-6
1.478216076849533097751181408295545e-6
1.4590227961989859672637242270402575e-6
1.4398937952408095379711679452870124e-6
1.4207447934403699042330569949563551e-6
1.3998477000141189501359411043571923e-6
1.3829836719457856751142299738804946e-6
1.3661418160605944210768439811480509e-6
1.3500798338014176473684977538063555e-6
1.3340143958627700704342174354469325e-6
1.3181816315991790344273331161862404e-6
1.302693237419278718790002553635071e-6
1.2872456829858069323002022099855377e-6
1.2734525564121679070305765894401277e-6
1.2614480246235212961235724512450841e-6
1.2485721882745683812458177955424786e-6
1.2367529206716798388497721767891283e-6
1.2214409072586448580603969992409524e-6
1.2061054148962462391438760641075662e-6
1.1897889707715368424775468619025959e-6
1.1739723865141857172375886504554264e-6
1.1608324954122256243194416003836414e-6
1.1501515607017580927960068318869313e-6
1.1410577270206632370125213989570165e-6