   44856513486.2365303041404735721322765      
   44856513340.2849118874276803260664465      
   44856513120.9402136683658070798196442      
   44856512804.7405199063111114622004138      
   44856512365.3062779179873708455014810      
   44856511774.8874196477642884362887430      
   44856511004.3561830834868822191635934      
   44856510025.6445738614413018698616375      
   44856508811.5661175577096972268842484      
   44856507337.3941624559196864388359660      
   44856505580.0354839884855912567186768      
   44856503518.0240689297354774728072265      
   44856501129.6573584051606508524184486      
   44856498391.1188663895129024480943424      
   44856495273.7616560684912295236936824      
   44856491740.7838069192783909270987522      
   44856487743.8001729905354344502662335      
   44856483219.0403115359604199998367946      
   44856478083.4819648234926686096570937      
   44856472231.1001937300202496495485771      
   44856465529.3928129888405615689455064      
   44856457816.0735987910567917717164810      
   44856448895.8930919971767261928374137      
   44856438538.2020846196229210797391370      
   44856426474.1769344640145529504132989      
   44856412394.7436643507798405631981481      
   44856395948.2874059656620528465970838      
   44856376738.7369699093580384679617993      
   44856354323.5163912553523054907618863      
   44856328211.2857029550612813494596999      
   44856297859.6525634498204770320051417      
   44856262672.4673806427364047370513355      
   44856221996.6833264334279687570828900      
   44856175118.9843581772078473420488814      
   44856121261.5502244835416843761787791      
   44856059577.4127855785065719276848022      
   44855989145.0457371747377304618409350      
   44855908962.2180340721297236823655473      
   44855817939.2984265709264358701671989      
   44855714891.9568082386759147083446389      
   44855598531.4717207414604598695189950      
   44855467458.0127145479297683212063720      
   44855320149.8176063650037076918229593      
   44855154954.0126447861778834741844151      
   44854970076.3954067402219919720917415      
   44854763571.7597307633696724331501213      
   44854533334.0346118840980549387141203      
   44854277087.2800578039138827268515358      
   44853992377.0813430292892466818307385      
   44853676563.1826731697791355614556932      
   44853326813.1354804078146351508290739      
   44852940095.4981370275081715972267781      
   44852513183.2885343854800466365766958      
   44852042639.8189048878459809398131575      
   44851524828.0748568644972724444781019      
   44850955900.4682990771413971626552673      
   44850331814.8993348275399540407918949      
   44849648322.3400971024767309823596489      
   44848900976.2540818830039394765618332      
   44848085133.8281421081786080809890664      
   44847195958.9569501850268013030212027      
   44846228425.1810200300459086008311615      
   44845177317.9378036282190550790860797      
   44844037236.7014926798534480650173520      
   44842802596.1173208501068486479603929      
   44841467626.8208261476886045161801406      
   44840026375.2768653374715288109254414      
   44838472703.5119934560640638157016296      
   44836800286.2326232557252451672196711      
   44835002602.6430666025084985540539150      
   44833072956.1409743426987520863267925      
   44831004436.0821754985638724099210347      
   44828789933.5829996368776839730931521      
   44826422129.9670061638764729954790272      
   44823893490.3086580196280815081396533      
   44821196254.8105757695417031180219334      
   44818322429.6296469385732050699850928      
   44815263777.2607588884848508128772261      
   44812011801.8140853414457311912342628      
   44808557727.9738822460221974208596928      
   44804892460.8073860115159787453822250      
   44801006499.8851824122383495251348926      
   44796889753.3553196261065913441511424      
   44792531146.6331362631256406409044352      
   44787917949.6804119287972666010555298      
   44783035084.9648350020517166135763189      
   44777865333.4420232890113018728106245      
   44772390850.1668473812502694221028993      
   44766594364.6272624041478032297429028      
   44760459144.1541477931977123452643936      
   44753968925.3328950403611100628236378      
   44747108481.8720966455320777896000801      
   44739864392.2618638750106827259568346      
   44732225478.3659036578048536405171108      
   44724182768.5763469972449078199447634      
   44715729003.2102146220701695848451732      
   44706858147.9055209928024442599409588      
   44697564731.8007403603729447121792301      
   44687843397.5494009422073299958145945      
   44677688567.0032010131270905196669116      
   44667094231.7113678804171173309827189      
   44656053855.3752208642463514896437288      
   44644560252.4014160476410407680097004      
   44632605702.5066530719802218474774154      
   44620181880.8453048955081175070807048      
   44607279912.8349977283567321247117099      
   44593890408.9867287661496023930782427      
   44580003500.0517157538916090439019043      
   44565608869.7747280158059934374650336      
   44550695784.6059161931183400400160026      
   44535253119.6885868330988690977221248      
   44519269381.7023444696139128557456029      
   44502732728.0959546043405367796984723      
   44485630983.8823686860092467318715936      
   44467951655.9403439239761707264703684      
   44449681945.1536367899072630991545402      
   44430808756.8493759015894011252403504      
   44411318709.7196110298756795831778606      
   44391198165.1907494099969903937571572      
   44370433147.1933124940459816813220479      
   44349009479.8194207492742983788426986      
   44326912704.4421519915635343081899493      
   44304128104.2394244743354083190568436      
   44280640709.4119289360549131363470827      
   44256435300.6967681387948536903966188      
   44231496411.9637912572700589670258502      
   44205808332.5785538965083760974587626      
   44179355110.7587805048693412593070785      
   44152120549.6362542702140135838111607      
   44124088226.9918788831961541208111002      
   44095241472.8648256064480840933109775      
   44065563385.4047102783800865051399326      
   44035036829.7763692945617632809434566      
   44003644439.0451192400621000888578537      
   43971368615.2355456885114918019723821      
   43938191530.3912887422708202853533498      
   43904095127.7126507927403648902074309      
   43869061122.4538234763218876776483821      
   43833071003.2301908410872545609199635      
   43796106032.2561504443670319755094178      
   43758147246.2209079330596268768727044      
   43719175457.5250647968801359413884965      
   43679171255.3955594700491438761236568      
   43638115006.6474965840101115181357716      
   43595986853.8433636758893582585748752      
   43552766719.3708129374334698621077639      
   43508434306.6150712821129282615429867      
   43462969094.8866585540657744487581779      
   43416350349.1995490873955058458426271      
   43368557109.4278790477597655610643409      
   43319568204.2626847125159988127173670      
   43269362239.7894596815279466208596589      
   43217917608.7606427020771746321651837      
   43165212483.0783309066396683737134363      
   43111224824.9067343132717257238058309      
   43055932375.8368407395288396342982789      
   42999312667.7341994194365471766298685      
   42941343014.5095495368694477064036509      
   42882000517.6809949235836068814935289      
   42821262069.2106142103935868056901884      
   42759104343.1756665432101195238876418      
   42695503806.1027193931159421837773796      
   42630436712.1462798681919991964571313      
   42563879104.2474323815484908303468531      
   42495806811.6928622245264211257930364      
   42426195462.1095352065740980344708112      
   42355020465.5207245196917328874477453      
   42282257028.4398715801201754762792133      
   42207880144.8749094445254293968242169      
   42131864603.4861958319761624123967963      
   42054184984.4183078112109023826118219      
   41974815659.1765717150027546450203119      
   41893730796.2862960351313840780487748      
   41810904353.7722713927477316526691474      
   41726310084.6379552125895891822983903      
   41639921538.2744375278003062728872949      
   41551712058.5597913439321302209406892      
   41461654782.5528170983285946597816528      
   41369722642.4570587559192824098588335      
   41275888367.8812906458640723979847537      
   41180124481.6771859093633139257127100      
   41082403308.2791669985825348859341521      
   40982696962.9526233495060473104683631      
   40880977362.6053229267768409695910111      
   40777216217.0240450326677473819906492      
   40671385039.3915184418509325950684964      
   40563455136.9800779034153783324098554      
   40453397615.9334532268459355005447011      
   40341183381.5626238348499661040455928      
   40226783135.8272043706619299803446056      
   40110167381.5496286391521197953185496      
   39991306421.3228229325398736094897862      
   39870170355.7527563037632027461877602      
   39746729085.6954572545110985513115164      
   39620952312.1711784627142450041371940      
   39492809536.3044533127168099898977191      
   39362270058.8506027897502862580104715      
   39229302982.2130659085664158771109199      
   39093877209.8629609635395836485718958      
   38955961445.2629311485326175968973811      
   38815524193.4563280945551642295831731      
   38672533759.9768880287850249371634713      
   38526958253.7172821533776583395321306      
   38378765586.4079237149214098002262424      
   38227923466.6380849031586509196894571      
   38074399410.6985257156372779032801010      
   37918160733.8307750396183878535047051      
   37759174556.4319734662220470242973817      
   37597407799.0057841839559923894469986      
   37432827188.1603027549904490410925155      
   37265399248.7814344127719889263191550      
   37095090313.4757203302681615962095375      
   36921866518.0478687075197943308942842      
   36745693796.1251123212024656334292638      
   36566537892.9087082617013091341275958      
   36384364346.5680570418937061947719521      
   36199138515.9290327811512137071656190      
   36010825540.4293140806169599035949527      
   35819390391.1933782443122516747053572      
   35624797828.9422894842667377457690469      
   35427012411.9654517352754748354218923      
   35225998512.2388872324240697290473267      
   35021720307.3014548839185893964595121      
   34814141777.2904961624668912970061328      
   34603226710.8115892137703401243228387      
   34388938693.2117326935295989739258161      
   34171241122.7909059699674248159298003      
   33950097186.2742535104247566076681767      
   33725469914.7572057689452236782842552      
   33497322105.9491868931212483980017568      
   33265616380.9229019869857191209095795      
   33030315163.2591306351433423436047107      
   32791380679.8894846302259495388011930      
   32548774982.2747970261815689473819988      
   32302459886.0073996793414651412297291      
   32052397051.7921286068066491164278197      
   31798547932.6504962933242184535271349      
   31540873790.9023973297397575526329658      
   31279335691.4730459901428180374870709      
   31013894513.5324590093577409009746988      
   30744510927.6218276786415754212017564      
   30471145435.7734049832786727060467600      
   30193758334.8769930535085646797700841      
   29912309708.7200751166701553243484934      
   29626759474.8690584077232044792275376      
   29337067348.9656374366897333345489959      
   29043192855.2986609355903065866652514      
   28745095324.7490269465512161057354529      
   28442733895.8188145553416053964737142      
   28136067514.5397209348010688681299884      
   27825054934.6528854442439471235108063      
   27509654717.6525828015437326427834886      
   27189825232.6777255628084492217318888      
   26865524655.9251464414073658673707978      
   26536710970.4300055980309361692732365      
   26203341968.5987821190332630497005162      
   25865375256.8709423371666134027107616      
   25522768245.6011812566856105992564110      
   25175478145.9377964411107988970859036      
   24823461983.5803758676135656210205444      
   24466676608.4214060123045127488174199      
   24105078656.2533657131692571224050678      
   23738624579.1549644960911502534735706      
   23367270637.8855819293377944815101482      
   22990972901.9768038539532477771536016      
   22609687248.2384341919232873124844362      
   22223369362.3836258088234925474415991      
   21831974737.1324492348601125184904208      
   21435458684.4481366886534793582322667      
   21033776317.7008894647911127586948269      
   20626882561.9174413077671402385679512      
   20214732149.9692739810498518155599024      
   19797279621.7290859144383733218372971      
   19374479329.0494472758600676084266623      
   18946285432.5255953654367833296939180      
   18512651900.2012548076169437817965997      
   18073532514.7209828156399689694875901      
   17628880861.9765016606962544829595196      
   17178650343.4795132878991099793245569      
   16722794171.6968665473636296599494464      
