   47.326235308428870        64.314490046515729     
   47.326235308428870        64.314490046515729     
   47.326235308428870        64.314490046515729     
   47.326235308428870        64.314490046515729     
   47.326235308428643        64.314490046515616     
   47.326235308398651        64.314490046500637     
   47.326235307396558        64.314490046000017     
   47.326235293486860        64.314490039051037     
   47.326235186835170        64.314489985768347     
   47.326234648728366        64.314489716915858     
   47.326232647573242        64.314488716972519     
   47.326226726210948        64.314485757620844     
   47.326212022657877        64.314478407131375     
   47.326180192548563        64.314462488915723     
   47.326118420789662        64.314431582346714     
   47.326008669938552        64.314376637992112     
   47.325827293917811        64.314285774060593     
   47.325544998876190        64.314144240508242     
   47.325127145398135        64.313934548456288     
   47.324534301562281        64.313636714531228     
   47.323722953637798        64.313228568462435     
   47.322646279256688        64.312686071388725     
   47.321254931534099        64.311983619412018     
   47.319497726198264        64.311094275241359     
   47.317322315755362        64.309989987962197     
   47.314675733477117        64.308641742556944     
   47.311504934167523        64.307019728626543     
   47.307757264525449        64.305093499066487     
   47.303380952822174        64.302832184356561     
   47.298325588369593        64.300204748685587     
   47.292542623256161        64.297180312205285     
   47.285985870819104        64.293728522409211     
   47.278612015166871        64.289819975548127     
   47.270381092728073        64.285426659913455     
   47.261256941081626        64.280522406440198     
   47.251207587343792        64.275083319612591     
   47.240205574813395        64.269088177749182     
   47.228228197969827        64.262518775146020     
   47.215257655125541        64.255360202826523     
   47.201281105032251        64.247601052593922     
   47.186290632402184        64.239233543593329     
   47.170283122960448        64.230253567874328     
   47.153260067967288        64.220660664592884     
   47.135227288668858        64.210457918246661     
   47.116194616859090        64.199651801824501     
   47.096175516030279        64.188251959727140     
   47.075186674925419        64.176270949271242     
   47.053247579286342        64.163723951064952     
   47.030380062381596        64.150628445184736     
   47.006607859076247        64.137003878137023     
   46.981956167261657        64.122871323979425     
   46.956451206346088        64.108253132301186     
   46.930119805312245        64.093172590915216     
   46.902989005701684        64.077653593617697     
   46.875085684931278        64.061720319130529     
   46.846436214107733        64.045396931975830     
   46.817066132708945        64.028707295480189     
   46.786999855528194        64.011674707855491     
   46.756260406449201        63.994321658858937     
   46.724869176904861        63.976669606501510     
   46.692845711118537        63.958738775309868     
   46.660207514204679        63.940547974602644     
   46.626969882923319        63.922114435892738     
   46.593145756064274        63.903453668704032     
   46.558745589547051        63.884579338339059     
   46.523777230472838        63.865503143624387     
   46.488245833141193        63.846234733186932     
   46.452153766158716        63.826781615004514     
   46.415500536091024        63.807149084593227     
   46.378282729071927        63.787340164932424     
   46.340493944243924        63.767355552210439     
   46.302124752064501        63.747193570035982     
   46.263162639013927        63.726850126475213     
   46.223591965965973        63.706318681074869     
   46.183393925033030        63.685590210866827     
   46.142546499188917        63.664653182428630     
   46.101024411039390        63.643493518526149     
   46.058799088993183        63.622094578860889     
   46.015838507241462        63.600437069586938     
   45.972107494794621        63.578499194582598     
   45.927567178816588        63.556256379536833     
   45.882175221240878        63.533681380803571     
   45.835885680069431        63.510744211703397     
   45.788648921432163        63.487412093215440     
   45.740411529931052        63.463649404674285     
   45.691116200090299        63.439417619461970     
   45.640701633403872        63.414675246918186     
   45.589102392487270        63.389377743558484     
   45.536248776763522        63.363477444275425     
   45.482066656364601        63.336923456167703     
   45.426477307198077        63.309661567096370     
   45.369397214104382        63.281634116898708     
   45.310737866049834        63.252779878561533     
   45.250405539664847        63.223033920080454     
   45.188301034343631        63.192327438795736     
   45.124319413682251        63.160587602173493     
   45.058349708637955        63.127737356327316     
   44.990274601447460        63.093695227938042     
   44.919970073258177        63.058375097627433     
   44.847305047393810        63.021685970001812     
   44.772140979710180        62.983531711782732     
   44.694331416537189        62.943810762320844     
   44.613721575435633        62.902415864250429     
   44.530147795243735        62.859233696704926     
   44.443437061756349        62.814144569304908     
   44.353406456859297        62.767022054728677     
   44.259862559045118        62.717732592923078     
   44.162600870883217        62.666135105242205     
   44.061405185047406        62.612080569882821     
   43.956046962720428        62.555411602255447     
   43.846284702115078        62.495962018972563     
   43.731863314486496        62.433556409993948     
   43.612513531710434        62.368009721205915     
   43.487951332840666        62.299126854181544     
   43.357877494769610        62.226702320809572     
   43.221977188293245        62.150519941297567     
   43.079919712297723        62.070352620016756     
   42.931358438224670        61.985962246021792     
   42.775929905045729        61.897099090185598     
   42.613258163940557        61.803504369629223     
   42.442949867015614        61.704907250065226     
   42.264598986481928        61.601027662498957     
   42.077787483126428        61.491576697750070     
   41.882087312176594        61.376257833409817     
   41.677062935517689        61.254768493384283     
   41.462274303336685        61.126801929188602     
   41.237280337050166        60.992049439612813     
   41.001642822014944        60.850202880339403     
   40.754930579664304        60.700957390270673     
   40.496723817675097        60.544014268434736     
   40.226618449015298        60.379083875086110     
   39.944230167945356        60.205888423788608     
   39.649198060999574        60.024164524286256     
   39.341187549175991        59.833665341248071     
   39.019892512114723        59.634162269072405     
   38.685036460176107        59.425446032701863     
   38.336372780799685        59.207327218829889     
   37.973684095292022        58.979636257345227     
   37.596782051844478        58.742223675227606     
   37.205500370449741        58.494956074347954     
   36.799702087522775        58.237721091606673     
   36.379271272647927        57.970422530032351     
   35.944116503144315        57.692982838066534     
   35.494160316523811        57.405336809835390     
   35.029354784902360        57.107441729437589     
   34.549675315902746        56.799273687805098     
   34.055126629180670        56.480831590163127     
   33.545748438070746        56.152140904637889     
   33.021622724598544        55.813258332251024     
   32.482882592839609        55.464277355459544     
   31.929722409030372        55.105334446525696     
   31.362409019567412        54.736615757203431     
   30.781293627818567        54.358363976474713     
   30.186823776733721        53.970884969944741     
   29.579554939595713        53.574553843539938     
   28.960160955597228        53.169819929285524     
   28.329442676473036        52.757210308327529     
   27.688334192080784        52.337331494522076     
   27.037906028785464        51.910868985967817     
   26.379364946505170        51.478584573365772     
   25.714050008449320        51.041311366877004     
   25.043424875611031        50.599946707100344     
   24.369066253012210        50.155443130744978     
   23.692648657544023        49.708797698978124     
   23.015925615516519        49.261039923053922     
   22.340707621413728        48.813218585575612     
   21.668837161478944        48.366387681399821     
   21.002161332552959        47.921591747516274     
   20.342502860215319        47.479850919175696     
   19.691626860832983        47.042143761379371     
   19.051226153449424        46.609402532632608     
   18.422871080880643        46.182485118939006     
   17.808000699489760        45.762173773882907     
   17.207898354552967        45.349163041219512     
   16.623676295606892        44.944052858590062     
   16.056265851259010        44.547344426647662     
   15.506413258855332        44.159438899007426     
   14.974680918797279        43.780638766594876     
   14.461453495293089        43.411151637240856     
   13.966948089994730        43.051096040892205     
   13.491227552678680        42.700508780904237     
   13.034215997767534        42.359353362089180     
   12.595715554687947        42.027529005586018     
   12.175423615630832        41.704879875322987     
   11.772949851522712        41.391204144739660     
   11.387832483703818        41.086262644119223     
   11.019553416121083        40.789786883811395     
   10.667552009744472        40.501486346310934     
   10.331237329914142        40.221054960256005     
   10.009998854127870        39.948176753279128     
   9.7032156352077319        39.682530670851726     
   9.4102641330842225        39.423794762599037     
   9.1305244719988607        39.171649372328595     
   8.8633857365888247        38.925779987395231     
   8.6082500777818431        38.685879368297641     
   8.3645359213699795        38.451649226705285     
   8.1316803607539736        38.222801468045404     
   7.9091408829622942        37.999059084143390     
   7.6963965202564388        37.780156743419113     
   7.4929485326179908        37.565841129456054     
   7.2983207181297960        37.355871093502842     
   7.1120594000582589        37.150017623965987     
   6.9337331584291420        36.948063682959500     
   6.7629313679193936        36.749802864960991     
   6.5992679119099593        36.555043638721294     
   6.4423738415691671        36.363601941570330     
   6.2919011630320254        36.175305543264116     
   6.1475208673397832        35.989992396918382     
   6.0089220747316583        35.807510170636263     
   5.8758111614384152        35.627715762955980     
   5.7479109099387413        35.450474846098537     
   5.6249596729746711        35.275661420640702     
   5.5067105274292993        35.103157347647134     
   5.3929304704545880        34.932851912958029     
   5.2833996462316133        34.764641410329361     
   5.1779105902616340        34.598428728103222     
   5.0762675163324369        34.434122963517289     
   4.9782856373876045        34.271639050013967     
   4.8837905144615172        34.110897409719982     
   4.7926174349981698        33.951823602527995     
   4.7046108415958496        33.794348020890403     
   4.6196237813311987        33.638405591629358     
   4.5375173846367591        33.483935483354223     
   4.4581603828338041        33.330880848130526     
   4.3814286514698191        33.179188567825776     
   4.3072047754957374        33.028809015122846     
   4.2353776390869537        32.879695817631479     
   4.1658420623312207        32.731805673212094     
   4.0984984388151657        32.585098141881168     
   4.0332524009188022        32.439535461097975     
   3.9700145130192923        32.295082375136211     
   3.9086999724082312        32.151705968620938     
   3.8492283421835634        32.009375519088053     
   3.7915232924421240        31.868062350216189     
   3.7355123523455345        31.727739687921755     
   3.6811266965427398        31.588382551106619     
   3.6283009302371130        31.449967625412977     
   3.5769728827319480        31.312473127411973     
   3.5270834555888482        31.175878804084313     
   3.4785764020119125        31.040165680353731     
   3.4313981949289087        30.905316070458021     
   3.3854978670446196        30.771313464499713     
   3.3408268671521619        30.638142449479222     
   3.2973389307347376        30.505788637101823     
   3.2549899490038352        30.374238587078448     
   3.2137378530102358        30.243479743568660     
   3.1735425033701974        30.113500372195514     
   3.1343655859134669        29.984289501993533     
   3.0961705128155912        29.855836866356981     
   3.0589223345630501        29.728132862303713     
