   44683860199.0734551583641615516198980      
   44683852869.2686367001517566280432492      
   44683844847.7439157183792825262618744      
   44683836026.8508609546340346491929049      
   44683826281.8532248180602172344020039      
   44683815471.1559185049242388075291841      
   44683803436.8037835134442488144691455      
   44683790005.1826167726381070984537082      
   44683774987.7275609109967349158275023      
   44683758182.0765112082620742432085694      
   44683739372.9199467232178528018055541      
   44683718333.2756258454561895891137736      
   44683694825.3527820745242600858853304      
   44683668601.6797988432553595826367716      
   44683639405.9667574265933022984596047      
   44683606974.0397515948063339844189469      
   44683571034.5832273290814931293188524      
   44683531309.7207138092003701326736245      
   44683487515.5333376314109938849606405      
   44683439362.3847974017806748385283208      
   44683386555.1774403646511968050105744      
   44683328793.4379342909287741790400865      
   44683265771.1567263966920345581456839      
   44683197176.6149445095426034644430797      
   44683122691.9702008829799559587371791      
   44683041992.7848997569281096656519318      
   44682954747.2285817018489046539738585      
   44682860615.3713693934971858146992918      
   44682759248.1293988368980496273196434      
   44682650286.1529143113001344858922854      
   44682533358.5059011525938639513323143      
   44682408081.2393337675216628028352967      
   44682274055.7639499188286363810286569      
   44682130867.0289571561809618469912963      
   44681978081.6427716364320151158404504      
   44681815245.6747996923548064290684422      
   44681641882.3848172431453868392009692      
   44681457489.6444921437919406377941618      
   44681261537.2731497665958711281211036      
   44681053464.0719882835516908284199017      
   44680832674.7254398878990563734185035      
   44680598536.3338975142139534616099469      
   44680350374.9321171358139294720582355      
   44680087471.5021899292617757157277901      
   44679809058.5973510586407537023192297      
   44679514313.0035668390328641869286778      
   44679202355.1508776631043387696730727      
   44678872241.4956039188091728391758961      
   44678522959.6148052403999557509423852      
   44678153422.5587627830390054421877758      
   44677762462.6256369496771150332199840      
   44677348824.8592695665445748639316159      
   44676911160.0559185062246359655851389      
   44676448017.2401990203974679453072847      
   44675957835.7018917758648189495021862      
   44675438936.4633924092218047980933324      
   44674889513.1955059313629421742357879      
   44674307622.3279787098360083878256105      
   44673691172.6541255233070631017965266      
   44673037913.9051141764972133594375997      
   44672345424.8358042072202438969651220      
   44671611099.9788200217452630225504512      
   44670832135.5484804485217707804359490      
   44670005514.1736598757271471276404847      
   44669127988.2024018887616959578838903      
   44668196061.7068366768116974895720399      
   44667205970.7310929698695253042580923      
   44666153661.4414378268679780467093414      
   44665034766.7487003795906009017125080      
   44663844579.7771147577753132533600933      
   44662578024.8345911798325495335490344      
   44661229625.1991235846598603735718334      
   44659793467.1725984996873880172588162      
   44658263159.7751224017455493394880137      
   44656631789.6476635144502208598892959      
   44654891870.5322841940126918308439611      
   44653035287.9077880562390885506183182      
   44651053228.9668635304160112823251360      
   44648936120.9615972530312684389827707      
   44646673553.7232820952435738913112256      
   44644254165.7864005527998524507625444      
   44641665592.2739723362680035889262797      
   44638894340.3676031427573920955815168      
   44635925695.0130624050576686614707030      
   44632743621.1448619090343142049057076      
   44629330674.5754559390141834955444664      
   44625667929.9511163140822553595363549      
   44621734934.5504399223650342499734596      
   44617509697.3593508972462416689095153      
   44612968721.4730433565691281713478016      
   44608087084.7700443573764202509998665      
   44602838569.6036422037327743629052525      
   44597195836.5773176155917461261017436      
   44591130622.8618818378536453546794138      
   44584614014.7495392379693103465607187      
   44577616604.2800159280135634553464554      
   44570108762.3846240359390448500765540      
   44562060802.5697995154984805771999861      
   44553443195.2970639047472744764183522      
   44544226614.9147641784065882303399209      
   44534382062.0884096488238448373969730      
   44523880900.2896719457761571039428453      
   44512694870.2443946175054203439967295      
   44500796080.7606242914217013629725794      
   44488156981.5110557117864226986106926      
   44474750324.5329286168349803888389252      
   44460549118.1993853567555323810068868      
   44445526578.8357283247048098836443261      
   44429656081.6435856443639775915936046      
   44412911114.0128379506742767389254532      
   44395265232.0237463935729226633868844      
   44376692021.1356441324940171915512866      
   44357165061.8055291088384910809295411      
   44336657899.6724609728099648283698531      
   44315144021.3449074654609875831179831      
   44292596834.3426161711404647455641066      
   44268989653.2047368524836794831924687      
   44244295688.9792115142165144715022211      
   44218488045.0136060273576538332038714      
   44191539715.8028147981345980521246678      
   44163423591.3115417907671899334113220      
   44134112465.4763103992355032669789853      
   44103579047.6928318255555735572473041      
   44071795978.2305170242287915500660560      
   44038735846.0727351744803474923754890      
   44004371208.9102692601723427394259528      
   43968674613.7073902459324735087471276      
   43931618616.8532360510777332817979233      
   43893175804.1771117974154937574567225      
   43853318838.5931581806231845886237981      
   43812020349.2820989462606812194995230      
   43769253134.1260904825709132853384448      
   43724990036.6564751420583520639907480      
   43679203981.2968346352854303167065598      
   43631867971.8130259691075215123680001      
   43582955085.4199921970999032560892281      
   43532438462.9677809750188125382181526      
   43480291295.2042205711919276620450453      
   43426486806.1454556040532308474982173      
   43370998233.5253027545558966911009751      
   43313798810.4296183259282356346362056      
   43254861728.1958389013026097602304089      
   43194160132.5418322230594241323714085      
   43131667085.1072920153608014710996293      
   43067355542.7918164895897272318434127      
   43001198334.4630115053228100501712463      
   42933168139.1320036807761411524470774      
   42863237466.1293352985012613345045556      
   42791378637.6291024740503594145431996      
   42717563773.4493903615375677854168078      
   42641764778.2026008582730991776284547      
   42563953325.1816962032739611738694379      
   42484100870.4564577853049997259032906      
   42402178613.1881591132496133902969941      
   42318157514.0924916289690739917797092      
   42232008286.2516859403977659983189202      
   42143701394.1076400972934807880505755      
   42053207052.3142553767141406661593033      
   41960495227.1241923219782240004239801      
   41865535637.6092904395410495728525039      
   41768297756.4143218484228488082081727      
   41668750812.7453374556040824955411608      
   41566863793.9298900269100271399049558      
   41462605488.2861551209549901467601102      
   41355944327.2536306154214602775542974      
   41246848633.7693412314576191002467476      
   41135286456.4584787069684778583447904      
   41021225615.9154282635522302960111078      
   40904633708.2536655443046960857914639      
   40785478106.4110104857689968312380174      
   40663725963.2072160894895777757300257      
   40539344212.4256218666250964825240603      
   40412299576.4209448171730587360690993      
   40282558557.1070117243057781898308706      
   40150087451.7442537469340766464242231      
   40014852341.9183132618623763483176887      
   39876819102.9833598824656582075182251      
   39735953404.9796195553378427651341398      
   39592220712.4064238293598934631992048      
   39445586284.1835774007961705286127707      
   39296015180.0751087227195040191808264      
   39143472258.0507458230024763790259345      
   38987922176.1357104447163185053473798      
   38829329393.2727867644412661437006703      
   38667658170.6811832116238913184394164      
   38502872572.6614152334873539671566092      
   38334936467.9457685928568421347000396      
   38163813529.5578161303972374720627662      
   37989467236.4948053826012295630061786      
   37811860874.0950718423819492882418478      
   37630957535.1125782772624262274736643      
   37446720117.3271146543318220525537474      
   37259111327.2615482019154380630826167      
   37068093679.9178986371433670008491006      
   36873629500.8614450604351923674544516      
   36675680920.6256150531988580460580812      
   36474209883.1931133934550230428757500      
   36269178141.3273924556890727549722692      
   36060547258.3231571504254207592202513      
   35848278606.1039304335325143574689355      
   35632333369.4870964632378660434416259      
   35412672543.6345063655731553429663300      
   35189256932.4140268780275848047169906      
   34962047155.1014695814081983770814791      
   34731003640.9599414261531980141197450      
   34496086630.6372829455802056253708958      
   34257256173.1755248188762885102318555      
   34014472135.2934884889855961069060305      
   33767694191.9048597451099521549695096      
   33516881832.0168193475985725104935897      
   33261994354.8263129704083071448015235      
   33002990871.8729113374963673880584955      
   32739830308.3496483692368343397128093      
   32472471401.2203650977245902887005156      
   32200872699.4849738725252355858406100      
   31924992565.1824082887377247361156064      
   31644789168.9570138116319449066833818      
   31360220497.9132277570243871197157422      
   31071244350.3654825304557151524879518      
   30777818336.8102516522826979349070333      
   30479899879.9001418241358839398500975      
   30177446214.7056323263035613195684118      
   29870414388.3492716490070343312079476      
   29558761260.0231720071328035301201085      
   29242443502.2557814321483071783368225      
   28921417598.0211781315186479645520306      
   28595639844.2538107977099609351501645      
   28265066349.5985924762820541403930317      
   27929653034.5952842265685803812604098      
   27589355631.9517119607754810279399861      
   27244129686.6069320374169861700398375      
   26893930555.7774919442414659122505908      
   26538713408.4151528375760546561226172      
   26178433225.4607960830892244870199827      
   25813044799.8458413853431871299030634      
   25442502736.9942408073478249306163162      
   25066761454.4105226510635311893745454      
   24685775180.5055231627354146982618130      
   24299497957.1339547065135878410799608      
   23907883635.6993409953163361247002308      
   23510885881.6872771760626778782526714      
   23108458173.1365295974246372724561893      
   22700553798.2238855326585441222759876      
   22287125857.3379136614337582473681381      
   21868127262.4925850801204729629128536      
   21443510739.0845114764217548664296369      
   21013228822.7396660487966610578552977      
   20577233860.9406454202982746363394787      
   20135478014.4632909965576579644524482      
   19687913252.9324090876304298675401608      
   19234491362.9667744791121383131492117      
   18775163940.3184918947870989931119960      
   18309882392.0424198523325264353184878      
   17838597937.9776851506073344051815066      
   17361261612.0673789781486537787447945      
   16877824252.1556542475297928693503473      
   16388236517.8660981445494616538565383      
   15892448876.8833384515180841289708947      
   15390411608.3674177461651580152656378      
   14882074802.8476498746636042200445364      
   14367388364.9025339426077610505904239      
   13846302011.6768592130330800023968305      
   13318765267.5584803175505380979080948      
   12784727472.4243964179675686194666391      
   12244137782.8479079481663574013862952      
   11696945160.0031030378359100348714437      
   11143098387.7498473642455018478234899      
   10582546054.0873682249255224888889552      
   10015236553.1293580125919766582143567      
   9441118106.93158563941688504934409105      
   8860138748.63651507430406004300840504      
   8272246312.92403266620197733741466337      
   7677388455.38441543447486247433454492      
   7075512640.36651339655159934588581326      
   6466566143.68104315632284661435907721      
   5850496058.38916045899507958326731178      
   5227249295.27219208911788424651779308      
   4596772570.12730517671109153533010441      
   3959012408.24010225249379351642730926      
   3313915163.14721927806678914262388117      
