   47.319527583069501        64.311107164460822     
   47.317353644379658        64.310002058331349     
   47.314704308894804        64.308650125917978     
   47.311523451651325        64.307019890607563     
   47.307753947603018        64.305078652355775     
   47.303337714803540        64.302792561305552     
   47.298215662138908        64.300126706130285     
   47.292327574359369        64.297045236459624     
   47.285611914313300        64.293511499143804     
   47.278005557348543        64.289488182299110     
   47.269443459507642        64.284937452387084     
   47.259858210944479        64.279821040774678     
   47.249179533254285        64.274100289893724     
   47.237333685290373        64.267736124930508     
   47.224242798405349        64.260688946706694     
   47.209824141987411        64.252918430921284     
   47.193989355064879        64.244383247233515     
   47.176643640132895        64.235040687727150     
   47.157684964570294        64.224846226415693     
   47.137003272375630        64.213753011925874     
   47.114479741890726        64.201711315254542     
   47.089986118049531        64.188667949746474     
   47.063384124909177        64.174565679535490     
   47.034524990381449        64.159342635140618     
   47.003249103877813        64.142931758621359     
   46.969385794455825        64.125260285745995     
   46.932753288853092        64.106249294538657     
   46.893158805233895        64.085813323619362     
   46.850398806696234        64.063860068169589     
   46.804259424786764        64.040290177967321     
   46.754517020890979        64.014997144870733     
   46.700938892168956        63.987867293396590     
   46.643283877983372        63.958779775233296     
   46.581304045710780        63.927607058806103     
   46.514744572273393        63.894214736527836     
   46.443345402638791        63.858462103658667     
   46.366842047284038        63.820202439697489     
   46.284966444488056        63.779283355979430     
   46.197447689616105        63.735547125443858     
   46.104012577524074        63.688830964437578     
   46.004385873112589        63.638967210049387     
   45.898290280243309        63.585783382042088     
   45.785446089446346        63.529102090558830     
   45.665570396940915        63.468740741619719     
   45.538376277933189        63.404511202637167     
   45.403569629586279        63.336218333639273     
   45.260849756911909        63.263660240052303     
   45.109905682617473        63.186626471815615     
   44.950411659097114        63.104895739391338     
   44.782026330747975        63.018235334746755     
   44.604387694335863        62.926398459302696     
   44.417109153595149        62.829121990680996     
   44.219774802264162        62.726123800560970     
   44.011934242671963        62.617099771463771     
   43.793096708119577        62.501720372863545     
   43.562724604368697        62.379626883346461     
   43.320225981166871        62.250426978372339     
   43.064946228533110        62.113689864503954     
   42.796158200611650        61.968940509381611     
   42.513052125565707        61.815653750813617     
   42.214717696042264        61.653244143124780     
   41.900134553732492        61.481060325252223     
   41.568149013371915        61.298371994388319     
   41.217451354361145        61.104357188442677     
   40.846546787806439        60.898086238608201     
   40.453719070769054        60.678501849872170     
   40.036983938127321        60.444393860806322     
   39.594029394927894        60.194367163865728     
   39.122138046735678        59.926800317883931     
   38.618085225890084        59.639791670456390     
   38.078006329083699        59.331089743424087     
   37.497229761529759        58.998006520543449     
   36.870089078018665        58.637321931246646     
   36.189791650938467        58.245223356764114     
   35.448625588896114        57.817436064032876     
   34.639329280253627        57.349994864263053     
   33.759175788657153        56.841488338830665     
   32.815970802256324        56.296275892093895     
   31.825888949619983        55.723160256939643     
   30.801100397935016        55.128659436054235     
   29.748396571701292        54.516499251810259     
   28.676758511123619        53.891833894856944     
   27.599837834303973        53.262518050843688     
   26.533739113201481        52.637782704813468     
   25.493838565930972        52.026407301373347     
   24.492489492826554        51.435417310345059     
   23.538072721869106        50.869558126783382     
   22.635148795179330        50.331399412566604     
   21.785146428550199        49.821738656925575     
   20.987268752039533        49.340123826785877     
   20.239291534734299        48.885307655413975     
   19.538193532408958        48.455603085766818     
   18.880602321632303        48.049132346566928     
   18.263082960831504        47.663986494016648     
   17.682321239166342        47.298326569034494     
   17.135204236131592        46.950425502488827     
   16.618873019230705        46.618697186455073     
   16.130729902577443        46.301699494682936     
   15.668430638884500        45.998129650841662     
   15.229867292947658        45.706814783950222     
   14.813147266828452        45.426700587241427     
   14.416571567473357        45.156839687761114     
   14.038613925629745        44.896380528125839     
   13.677901631972448        44.644557165420714     
   13.333198193487430        44.400680009717071     
   13.003387961088778        44.164127559733878     
   12.687462441549398        43.934338982562522     
   12.384508289183509        43.710807532004196     
   12.093695497230836        43.493073702073161     
   11.814272763858137        43.280723860188282     
   11.545551858001092        43.073379571826848     
   11.286905339714561        42.870697522441098     
   11.037758877941187        42.672364825403108     
   10.797585545562907        42.478095713207786     
   10.565900763852454        42.287628618748307     
   10.342257953134014        42.100723651254270     
   10.126244573752849        41.917160302797321     
   9.9174787614474802        41.736735496020373     
   9.7156062528406437        41.559261803822515     
   9.5202977471861718        41.384565928387715     
   9.3312465349406200        41.212487336359160     
   9.1481664120414212        41.042877064284731     
   8.9707898728222375        40.875596713863175     
   8.7988662841784269        40.710517305784883     
   8.6321606911649802        40.547518773587356     
   8.4704523050715839        40.386488996671588     
   8.3135334459016921        40.227323242621516     
   8.1612084209164415        40.069923537987549     
   8.0132926201995005        39.914198166957341     
   7.8696116553341362        39.760061194575506     
   7.7300005994062921        39.607432045501007     
   7.5943033074990227        39.456235137769092     
   7.4623717662082303        39.306399515677697     
   7.3340655139844682        39.157858532103631     
   7.2092511584203409        39.010549589942208     
   7.0878018894981247        38.864413874596075     
   6.9695970033944992        38.719396078836326     
   6.8545215642141661        38.575444232290060     
   6.7424660251882678        38.432509488509325     
   6.6333258493576270        38.290545901491235     
   6.5270012808233817        38.149510321864092     
   6.4233969633931975        38.009362155023830     
   6.3224217750391674        37.870063294102962     
   6.2239885350257422        37.731577942520140     
   6.1280137597713269        37.593872467559230     
   6.0344175159792508        37.456915333582039     
   5.9431231613923350        37.320676933785222     
   5.8540572225744691        37.185129534232281     
   5.7671491798626482        37.050247135464936     
   5.6823313512868667        36.916005412544116     
   5.5995387242265249        36.782381610098483     
   5.5187088152747865        36.649354453723404     
   5.4397815668400922        36.516904095188671     
   5.3626992124626547        36.385012024995319     
   5.2874061580018585        36.253660993121144     
   5.2138488919953421        36.122834959875092     
   5.1419758949205185        35.992519039766535     
   5.0717375134481646        35.862699407578191     
   5.0030859109330628        35.733363280548502     
   4.9359749669908117        35.604498845803846     
   4.8703601934369170        35.476095198538864     
   4.8061986822526128        35.348142317551201     
   4.7434490246785916        35.220631005267599     
   4.6820712420236141        35.093552836789542     
   4.6220267374860651        34.966900130910716     
   4.5632782282987829        34.840665903270072     
   4.5057896935363608        34.714843821767552     
   4.4495263265218439        34.589428182717192     
   4.3944544682293145        34.464413855056065     
   4.3405415822109701        34.339796263873005     
   4.2877561965834374        34.215571344914629     
   4.2360678694815803        34.091735526126932     
   4.1854471411745404        33.968285684531132     
   4.1358655003641669        33.845219126060414     
   4.0872953469246962        33.722533554669134     
   4.0397099601296533        33.600227051564410     
   3.9930834505875046        33.478298019678313     
   3.9473907631971121        33.356745243962074     
   3.9026076019742537        33.235567751941190     
   3.8587104308172608        33.114764868517781     
   3.8156764349126600        32.994336168330918     
   3.7734835006985028        32.874281467722192     
   3.7321101874398552        32.754600800408497     
   3.6915357013548546        32.635294394257677     
   3.6517398747929364        32.516362658876218     
   3.6127031443897351        32.397806169279278     
   3.5744065268799243        32.279625644013315     
   3.5368316019196171        32.161821936009432     
   3.4999604923094383        32.044396018745182     
   3.4637758454112415        31.927348969735618     
   3.4282608117399858        31.810681954959364     
   3.3933990318699894        31.694396221002087     
   3.3591746191452598        31.578493084995738     
   3.3255721420057953        31.462973916948346     
   3.2925766099776501        31.347840132453623     
   3.2601734583850175        31.233093182705893     
   3.2283485371007759        31.118734551976793     
   3.1970880934590737        31.004765739032919     
   3.1663787596992785        30.891188251630116     
   3.1362075418138216        30.778003601431418     
   3.1065618077236605        30.665213297638065     
   3.0774292750830914        30.552818839135114     
   3.0487979998994170        30.440821707842460     
   3.0206563636395001        30.329223355923901     
   2.9929930679678716        30.218025216698869     
   2.9657971218851369        30.107228690596916     
   2.9390578275397017        29.996835126368818     
   2.9127647811543129        29.886845848854151     
   2.8869078575065892        29.777262133646619     
   2.8614771972827748        29.668085195908098     
   2.8364632104613432        29.559316216535265     
   2.8118565588275017        29.450956315114894     
   2.7876481498747006        29.343006551062366     
   2.7638291307463878        29.235467922982600     
   2.7403908817466718        29.128341375416262     
   2.7173250077034150        29.021627786980329     
   2.6946233319175192        28.915327972424613     
   2.6722778896003470        28.809442681201887     
   2.6502809191172356        28.703972581921125     
   2.6286248668788899        28.598918323878603     
   2.6073023574919194        28.494280414676837     
   2.5863062230091849        28.390059371265853     
   2.5656294643294277        28.286255591772054     
   2.5452652633869879        28.182869419689506     
   2.5252069743659740        28.079901130890526     
   2.5054481187121218        27.977350933002718     
   2.4859823802464827        27.875218965843754     
   2.4668036034501712        27.773505313746710     
   2.4479057767646037        27.672209956213351     
   2.4292830477755878        27.571332847977928     
   2.4109297052466201        27.470873864447970     
   2.3928401780575417        27.370832813325336     
   2.3750090325761550        27.271209442115889     
   2.3574309667118927        27.172003429187519     
   2.3401008158773671        27.073214437503907     
   2.3230135224669359        26.974841960648916     
   2.3061641694848380        26.876885538706041     
   2.2895479493660051        26.779344605805932     
   2.2731601745355192        26.682218556318212     
   2.2569962679409525        26.585506721497381     
   2.2410517622013777        26.489208379450911     
   2.2253222962494292        26.393322754787782     
   2.2098036128903300        26.297849021872278     
   2.1944915556314033        26.202786304461934     
   2.1793820661644565        26.108133677938156     
   2.1644711816947506        26.013890170454587     
   2.1497550323345349        25.920054764035847     
   2.1352298388059490        25.826626396875774     
   2.1208919094065131        25.733603961485688     
   2.1067376399009907        25.640986317451937     
   2.0927635087543406        25.548772279369601     
   2.0789660742508915        25.456960615117524     
   2.0653419762385754        25.365550066768041     
   2.0518879309703579        25.274539337417902     
   2.0386007310152587        25.183927099279192     
   2.0254772404555683        25.093711984405214     
   2.0125143955880369        25.003892596569312     
   1.9997092023486971        24.914467509461694     
   1.9870587345314699        24.825435267976147     
   1.9745601323928126        24.736794391919908     
   1.9622106004868989        24.648543373414206     
   1.9500074055429903        24.560680675787147     
   1.9379478760367663        24.473204741168050     
   1.9260294003609950        24.386113990575915     
   1.9142494249391120        24.299406822933786     
   1.9026054531193943        24.213081617845500     
   1.8910950436488363        24.127136736159542     
   1.8797158095024307        24.041570522203262     
   1.8684654161745731        23.956381303016531     
   1.8573415809146467        23.871567393211613     
   1.8463420702697069        23.787127085859950     
   1.8354647000548716        23.703058664113858     
   1.8247073340382296        23.619360400139442     
   1.8140678823912411        23.536030553831203     
   1.8035443008853549        23.453067375937103     
   1.7931345895808000        23.370469107437216     
   1.7828367918407442        23.288233981139960     
   1.7726489933194498        23.206360223048080     
   1.7625693206397632        23.124846049105539     
   1.7525959411708496        23.043689674970739     
