   44856512811.0165877588489375928182972      
   44856512373.3032751951969821984930908      
   44856511784.5972204963497798508483356      
   44856511015.7725706671201932384686341      
   44856510039.1386790159300580687089286      
   44856508828.6297052590620988457248355      
   44856507361.9679151907734741550331706      
   44856505620.5565374362457704715341803      
   44856503590.4025395338182937123946704      
   44856501261.3421973300828824994067407      
   44856498626.4017461990587344968675493      
   44856495680.4181410500481475592096203      
   44856492418.2189111075345285214726957      
   44856488832.6348019683908916466965143      
   44856484912.3665941822393944417254236      
   44856480639.5596570237803685320416549      
   44856475987.8727190715757009015481890      
   44856470920.4671209422019845559268140      
   44856465388.5293177576720045714440087      
   44856459329.7970046481044606832882284      
   44856452667.6931253373780039233201832      
   44856445310.6651264950751825971694241      
   44856437151.9931026634204410651851228      
   44856428069.6965791804048359734564517      
   44856417926.8891266380236139426550185      
   44856406572.2995368146000618522086632      
   44856393840.9172809899919305637783848      
   44856379554.7251459772498742265256478      
   44856363523.7031250607802902669899652      
   44856345546.6457462629915605701124957      
   44856325412.0370700310147895016192715      
   44856302898.9035613372745271187709927      
   44856277777.6080229777755816973803077      
   44856249810.5445956182765745623863902      
   44856218752.6837200442741278570695053      
   44856184352.1108099022315243643780249      
   44856146350.2696447675576514911713057      
   44856104482.1610396042363533483427414      
   44856058476.4120024119059374470177609      
   44856008055.1364783103083480246688773      
   44855952933.6531195238468847428845215      
   44855892820.1518539253330817616535549      
   44855827415.0292752886933637081537960      
   44855756410.2207774976949529914886733      
   44855679488.3436927570691402150238369      
   44855596321.7097131684227915389918183      
   44855506571.0711516844362320952265777      
   44855409884.3236042490741833817334022      
   44855305895.1017103071883290811476710      
   44855194221.0877249749786283724643635      
   44855074462.1450231348907866390848365      
   44854946198.4681467309106001230739995      
   44854808988.6994282721851195101856133      
   44854662366.5345777744253584576043914      
   44854505839.7047152454521032689762692      
   44854338886.3477167417189371895335863      
   44854160952.3373793336960328508709795      
   44853971448.1658412846749838882171237      
   44853769745.5509196550442981773476771      
   44853555174.2076730325143392704390564      
   44853327017.4792584429167833721620487      
   44853084508.6659849851774210302009216      
   44852826826.5717755929959815861643711      
   44852553090.8752827893069861405363991      
   44852262357.2364980443417594252526687      
   44851953612.0116672151145549214568753      
   44851625766.7201512408474773863074740      
   44851277652.0743531799765908063796793      
   44850908011.6053539228077333103539322      
   44850515495.3219136765869099945158940      
   44850098652.0754824106227262706722033      
   44849655922.2969929498347223326706334      
   44849185629.8932436762038834520586647      
   44848685973.7883809074763798717105491      
   44848155018.7085272533065253198335742      
   44847590685.6236462088074827589747005      
   44846990741.4577615101317353942812190      
   44846352788.1993808962066663035976858      
   44845674251.1963802803636599297713007      
   44844952366.8254443671328088715790592      
   44844184169.3528778229861328800597327      
   44843366476.5999644784325180658141011      
   44842495875.1862732476464184222858646      
   44841568704.2391927558140881450476385      
   44840581038.2241965719765092601572804      
   44839528668.4762833193462497014769245      
   44838407083.4308154629000237875754353      
   44837211447.4581318854278759400701130      
   44835936578.0109001281483958540513493      
   44834576921.2316057887673947870653553      
   44833126525.6656041738890332483544496      
   44831579014.0547345747715046643799280      
   44829927553.3121383391365080075749690      
   44828164830.5352313816320681047443521      
   44826282986.1673977754173506090696538      
   44824273623.9753187848061680365780545      
   44822127742.5023554134677437724658777      
   44819835701.6983656028562032022265270      
   44817387180.6523027558433673955932303      
   44814771134.2868724438587164315245428      
   44811975749.5625052765108605960523475      
   44808988402.0445220757676185056328976      
   44805795614.0533659922052024872627029      
   44802383015.6412114689454542816568439      
   44798735309.9318437679369313338796468      
   44794836245.0174627419972039871456030      
   44790668593.3408078143697689435856885      
   44786214141.3095291448733614699541275      
   44781453689.9600244915076172161964728      
   44776367068.4551282466588902284968416      
   44770933160.4141225384722364589629917      
   44765129943.9657811802563350068870257      
   44758934544.1136712250353111186809475      
   44752323296.0249755033424872224636636      
   44745271801.4360535841045595509927053      
   44737755078.8691702876007668791783717      
   44729747537.5073317573604560493038068      
   44721223095.0438633586537482944176690      
   44712155313.3373871568081174032953594      
   44702517444.8809273061104533594222965      
   44692282461.4598333033802690376571158      
   44681423150.0730031101127219111638294      
   44669912174.2599590052311245338971815      
   44657722091.2272631066647929556536410      
   44644825408.0088898539186980756987904      
   44631194608.3119778815521780320004926      
   44616802179.5125028189151843115517971      
   44601620636.3581228173162865311223336      
   44585622542.2866699026369218271630684      
   44568780531.2878031375707238725230286      
   44551067329.4886301999867965534304281      
   44532455778.4486168534932112845476436      
   44512918858.5031284388780760932525285      
   44492429713.8389577397042785093439190      
   44470961676.2260479162745000617928512      
   44448488287.3140597014808851900959587      
   44424983317.3209947384118630939306060      
   44400420778.9439294164461336242296589      
   44374774933.5834956820983598310539018      
   44348020292.7046138488337449470014347      
   44320131610.9677980614209195390935589      
   44291083872.0717596207081447759599324      
   44260852268.6950984711154998888827037      
   44229412176.9283804054159125115325745      
   44196739126.6409242370432922462420432      
   44162808797.1364324128801214129496019      
   44127596863.2865180365764005349692982      
   44091079144.4806672105753064416231379      
   44053231440.3597662191808627696254381      
   44014029528.1776996528838694176382756      
   43973449128.6190874958797330624199222      
   43931465873.4169740391074009720620694      
   43888055275.4301171322695505445041728      
   43843192701.5866193319025109921150979      
   43796853349.1626637426509795288875790      
   43749012225.3667157363132923717601117      
   43699644128.8007168047358429270532393      
   43648723635.8355430158447954176428124      
   43596225089.6977563074959676371208717      
   43542122591.1298389545492374027570020      
   43486389992.3282061220303193337530715      
   43429000892.5610731583167441337112976      
   43369928635.8684246306304255441597329      
   43309146309.4780043216605605354733186      
   43246626744.5625083178936998520037167      
   43182342516.9249043947311307928130550      
   43116265948.7667234609281396315058919      
   43048369110.7842823462099475892024476      
   42978623825.7708077855274423129003956      
   42907001670.0844417343927844751723056      
   42833473978.3600449743096610912649246      
   42758011846.9116249891285260277260133      
   42680586131.4892828550132018704115527      
   42601167459.1352039769717709511478236      
   42519726225.9078216049598683382004798      
   42436232600.6696490277873161062242553      
   42350656527.8766512424699551061987367      
   42262967730.9954528095341725770838842      
   42173135714.5590888432543122451135502      
   42081129804.0090593728800698600263207      
   41986918996.2204590632778636239914056      
   41890472194.4582256703013755154932970      
   41791758049.8789702425496088224432426      
   41690745007.3788853466891572068885758      
   41587401305.0082238752603412571723410      
   41481694976.9929660974403096663078631      
   41373593854.4424032681701968271893950      
   41263065566.8184882167056640458730446      
   41150077541.1676457424696327749939779      
   41034597009.7970274403358990574639671      
   40916591005.2849441203588353379778646      
   40796026363.0542523781098423291853445      
   40672869720.9755313601169363623506680      
   40547087528.3529124697934542047898433      
   40418646033.2511249825747969773648036      
   40287511296.6111978141575718998718422      
   40153649183.8986676856688812784457624      
   40017025368.7405952524176090545033689      
   39877605336.1583539830556697754914819      
   39735354378.2423273550579628799375339      
   39590237597.8940657674446411750111132      
   39442219909.8128448399109202575869623      
   39291266038.2173058579915133767720405      
   39137340516.8077347226781484062239088      
   38980407693.8198298785840124215286926      
   38820431728.1827224763365932780424428      
   38657376592.1059098960993712909662612      
   38491206071.6377141178870502401971227      
   38321883765.0469051047820448410113219      
   38149373082.2754967076408262272125022      
   37973637246.0453574201400276437555723      
   37794639293.0381134289387523574920292      
   37612342074.9639000755630640731919228      
   37426708256.8458204145227035802723004      
   37237700317.7290413192700023325950727      
   37045280548.7390605894405110593300867      
   36849411056.8604186283987137787911523      
   36650053764.2805141344144392062615348      
   36447170408.8850000162872188203298273      
   36240722535.1652136211772375168937108      
   36030671511.3621616655677495815292269      
   35816978510.2893997639277936808060595      
   35599604525.6153156918222603722381583      
   35378510364.4268327003600253841326860      
   35153656648.9663482614824954399539794      
   34925003814.6296810860123695842730352      
   34692512112.2029854580433013546207954      
   34456141605.4058986130829971802074516      
   34215852173.1310848630053816621871305      
   33971603507.2373062409577333674849138      
   33723355115.9447576856844479611673303      
   33471066312.6206106842823742902336385      
   33214696228.3409100470064190637572817      
   32954203830.3127133332910988238786110      
   32689547859.0529866860126314932784218      
   32420686914.5677188205739724282925185      
   32147579377.8228037138025482717444478      
   31870183464.2990725045401979119912543      
   31588457168.0519710484936759531329997      
   31302358332.9237369337597507609805650      
   31011844605.7852664394262791491362008      
   30716873443.8266826105780937151022657      
   30417402120.2588938842056378595421830      
   30113387720.7932814245064427081624381      
   29804787144.6689065074680698317318192      
   29491557104.6418692364626926085754017      
   29173654114.4257087163505878570431232      
   28851034534.7622352767304643329544813      
   28523654506.6128911030512339249584695      
   28191469995.6293514142448865510798100      
   27854436791.9825910837140778807981710      
   27512510457.3538399062968346874355124      
   27165646412.4791705662110062035586703      
   26813799873.8631607312856335126667319      
   26456925869.8045360400732872626777843      
   26094979241.1836599402441409347149546      
   25727914642.8379488553509808426775058      
   25355686541.8131531096692084990258362      
   24978249216.9526000413291789738754066      
   24595556761.2422439174664620457335682      
   24207563079.3913581998925308847722931      
   23814221889.3190445229573801794033351      
   23415486716.1249506500994278528443708      
   23011310896.1907863009811481600830868      
   22601647587.0818531203329007350419670      
   22186449756.2683292398181625031048023      
   21765670182.1717856810588902726079109      
   21339261457.7254893803506132239052557      
   20907175977.8334662463988022336542800      
   20469365961.8331160514164472730442437      
   20025783436.0439081175714051533460793      
   19576380238.1988568426973721541273744      
   19121108018.3334348291697574162279259      
   18659918239.7016878584402575148563094      
   18192762177.2979848423241817084220965      
   17719590918.3430812764910510487049461      
   17240355355.8738942226515199506438013      
   16755006200.8685599121631112730586972      
   16263493979.5075225425060227150284770      
   15765769027.3586035946098375755395918      
