   44856456089.1316389183731211030795157      
   44856449092.9431608178141902595589699      
   44856441350.5590066899291868083956611      
   44856432747.5980829236095819870626435      
   44856423154.5962474660752305920705267      
   44856412427.4259669306916982118954369      
   44856400407.8775361787591695273066149      
   44856386924.3543163375365348345937748      
   44856371792.7524812497930280568827650      
   44856354817.3177877401141485091082070      
   44856335791.6485061105030526939178925      
   44856314499.3855391191342654058243886      
   44856290715.1481425295336398172905774      
   44856264205.2586469539015553080670310      
   44856234728.3042019850099276846239443      
   44856202035.8228660127835138817101591      
   44856165872.5311562102293703647728728      
   44856125976.6541911317403193265563933      
   44856082080.0129172817210432056469894      
   44856033908.0194178697151775123302387      
   44855981179.4379047836334083559237406      
   44855923606.0877891455345963271451304      
   44855860892.3636271048890051088891524      
   44855792734.5165799539222661265279199      
   44855718820.0232133056952270180928450      
   44855638826.4404034115044892653702347      
   44855552420.4572847416672486918107157      
   44855459256.6232791680311289162526218      
   44855358975.9204805914958694006188390      
   44855251204.2432743532336142007638311      
   44855135550.6117242743143268377339759      
   44855011605.3471664263067342319387286      
   44854878938.0552519672899700871575885      
   44854737095.6221501984945723404077727      
   44854585598.7240354376552439575871019      
   44854423940.8422939397239286825549882      
   44854251584.3873554551231188032701536      
   44854067958.0022182822411447918294446      
   44853872453.3195230722022938760451325      
   44853664421.4402694191041343963567134      
   44853443169.5945297862365579880349905      
   44853207956.6567959320099882674171849      
   44852957989.2983982810476237022312628      
   44852692417.4696174175285498118686187      
   44852410329.5506932066365630249378003      
   44852110747.3363055835864018835609986      
   44851792620.5684233339676146906334275      
   44851454821.2677504912727885905850049      
   44851096137.4362062308310268186005897      
   44850715267.0007262511059375069207618      
   44850310810.2647989990231628886902050      
   44849881263.1055419649028461278875999      
   44849425008.8686217994600976460598652      
   44848940310.2446814986402998892455172      
   44848425300.4240473094372470783561372      
   44847877973.7212666827433097241340283      
   44847296175.5966434413740678839632293      
   44846677592.1847709717067464516144048      
   44846019738.8871783003924540323997415      
   44845319948.4461955409358144380441763      
   44844575358.1949015191211661938348739      
   44843782896.2656780289120180904537789      
   44842939267.2035686277842437193340062      
   44842040936.3013800212925307332518622      
   44841084112.9378145952149960094996900      
   44840064732.8740747545577368344613069      
   44838978438.9225085877264817546975068      
   44837820560.7456928202830271610913806      
   44836586092.6713953840989484219109124      
   44835269670.2205757745979257117044511      
   44833865544.6708096962028274313929493      
   44832367555.9806966771516766768400699      
   44830769103.5247289897610376068127700      
   44829063122.7117373819907320041808306      
   44827242021.8407997764369869935173031      
   44825297689.2393298223127186496758557      
   44823221428.3215638879108612035706039      
   44821003924.4081225899199091155741353      
   44818635203.3672292906095781021882175      
   44816104588.7423510618530515384288716      
   44813400658.0422112613671580036067217      
   44810511199.0457858048296718705798579      
   44807423167.0245547403697763014079791      
   44804122644.0850527214174358817092508      
   44800594802.1519487215393728140509676      
   44796823871.2462781112247735875398932      
   44792793115.0458788871732092713491303      
   44788484815.0577372708581582484280909      
   44783880265.5814758190938398659608638      
   44778959780.5375053602397676589599298      
   44773702713.5978966692356595395988140      
   44768087491.1796021386313906930869942      
   44762091658.7406109345203817706976113      
   44755691938.9415440013071146741189696      
   44748864299.8010704409195735826334221      
   44741584018.3792918412058895280411628      
   44733825817.8611609485440381509475811      
   44725563854.2920471623707896608854352      
   44716771867.7699194897668773214812116      
   44707423218.0030578080508345468218358      
   44697491043.2975238166567756464941331      
   44686948209.2470908416761903416201559      
   44675767427.6659202751410775631220180      
   44663921311.4902930293433275337299614      
   44651382385.7846665283648931758013098      
   44638123142.4391413079188037603852507      
   44624116064.3404803231834342782765778      
   44609333648.9999005939699829045086365      
   44593748433.2581610730699352599255330      
   44577333012.9153528288652671877911355      
   44560060065.1762702370756482629693628      
   44541902370.7017791828377148945553166      
   44522832837.1395003419114146833794819      
   44502824523.4247061216649704317590511      
   44481850664.4867559730741801540001447      
   44459884694.1113713134735328727642533      
   44436900265.7831126943682446432299714      
   44412871269.2612247776382971927054335      
   44387771840.9004504707878606771881258      
   44361576366.9856608109631734361636994      
   44334259481.6103622733854814782017524      
   44305796055.8112896572907934495021115      
   44276161180.2601696848576223613191420      
   44245330142.6716674441854919743577025      
   44213278399.6804974917199821141980760      
   44179981545.6263002758915018032272069      
   44145415304.8835643639104346085971899      
   44109555386.2297994424264614723436133      
   44072377617.8748828602405293068370482      
   44033857792.7343228553794259685886689      
   43993971664.0337931364152412787952997      
   43952694911.9832520865059523326614443      
   43910003112.6521167134811786628839030      
   43865871709.2934556053654974744103592      
   43820275987.0981568640493438701445729      
   43773191050.8068296944811434709877982      
   43724591805.9544472740863307631640210      
   43674452941.6015424331566471495922885      
   43622748919.2636551794215980634042844      
   43569453962.1815985054760870915931539      
   43514542047.8457722298069845225355542      
   43457986902.8498703185541220081436255      
   43399761999.3957263261883192639803537      
   43339840553.3350750377500921982060672      
   43278195524.5265806577301840625788187      
   43214799616.1894841826139630451598996      
   43149625277.9502242933318120759733903      
   43082644705.8623489457761987801235322      
   43013829846.9164571311346439783129456      
   42943152400.7375195581527392111670388      
   42870583822.5203165643463528641240478      
   42796095328.5582241354630574558627078      
   42719657892.7364843337844341953838851      
   42641242258.4078029972276483380647208      
   42560818936.2934854679237861447587293      
   42478358209.0438658426328064101174757      
   42393830133.1593235052040819949501897      
   42307204542.5587582330937473148932366      
   42218451051.4579646399268068435825173      
   42127539055.9245118289998117844220418      
   42034437773.1605892553512714293954877      
   41939116097.4805690133626723814895142      
   41841542824.9461066225172142267693838      
   41741686502.9876320389959763955728149      
   41639515473.7664487406754976108954647      
   41534997873.2261213694303953903659640      
   41428101634.8198241845390502705308040      
   41318794487.5439668123770339899314089      
   41207043960.9354374020362910711435149      
   41092817384.6012478503127824120440198      
   40976081891.4479815177565551329632181      
   40856804413.5595707245157745895877078      
   40734951691.3569139906795552558228167      
   40610490265.8534850370614287349684539      
   40483386486.7647322058300240110339829      
   40353606508.7675768873085253808356438      
   40221116294.3916300639506650272728469      
   40085881615.0433662663163087579633394      
   39947868049.3079894267803813894326315      
   39807040985.6836262042907571460935175      
   39663365622.3073432282120642628612625      
   39516806968.1213486931966831949074633      
   39367329842.8784342083914479571141754      
   39214898875.4613638293587573682177913      
   39059478507.3484297760921217830648329      
   38901032992.1267180890230272153923392      
   38739526395.9273918614662512345363729      
   38574922597.9110354985704507848571693      
   38407185289.7371507797926693300399514      
   38236277977.7536401442970343090639198      
   38062163977.2901015795293112667491117      
   37884806417.2191320147457530935362877      
   37704168243.7712961933805212485519851      
   37520212214.5993827954402656021892745      
   37332900902.3073218384961504717592125      
   37142196692.8373000459989292685112046      
   36948061783.8212079247046004255822945      
   36750458191.4825949896894572762101835      
   36549347747.4546221309359764666164895      
   36344692088.2817932449821850588786079      
   36136452677.3083888643052764860772396      
   35924590778.3151627483833147256570794      
   35709067480.3978092267538030676405630      
   35489843681.4646473337242149306527770      
   35266880097.3628524421555779714622810      
   35040137258.3028469133930750622097827      
   34809575503.6163729304637649231489637      
   34575154994.7917150705706735483988609      
   34336835702.0699774699119515348641247      
   34094577411.4902100299364742177576927      
   33848339722.2348814276115757406900355      
   33598082046.9465260168734696998163982      
   33343763610.9858984606829231068174528      
   33085343452.3599919636016436803144412      
   32822780431.9540638923384335879042109      
   32556033230.9086677981906616686182426      
   32285060325.6811564126660547148846916      
   32009820013.6587493395226719760912622      
   31730270417.6556261248810343012465462      
   31446369437.9257565210936646479132102      
   31158074828.3184173027216220923858181      
   30865344139.5854790321994372144623088      
   30568134737.4246316008734198165638744      
   30266403801.7461682282072379680675872      
   29960108325.3877269802670113972425507      
   29649205114.4510264298207542487727155      
   29333650777.7578348690863404828404311      
   29013401766.9460849337023477310474472      
   28688414319.2093685311798709569827854      
   28358644492.4923944544605562302046347      
   28024048173.6572719646796526580015959      
   27684581013.5752185194903917545447179      
   27340198528.7695657681389708403702609      
   26990856030.4601706541853200707271846      
   26636508640.3037242198415869456053203      
   26277111294.3155752368810910296107896      
   25912618739.2140239056749184604512979      
   25542985537.5517640426840857804747779      
   25168166061.6132247704352924680575922      
   24788114498.0413028105597253026056866      
   24402784845.8747921767925004752274765      
   24012130916.6742207670675836609615582      
   23616106334.5369126133088102484995614      
   23214664524.1825442614551951686205429      
   22807758739.3271201009993034382819060      
   22395342039.3663585653369964929806956      
   21977367298.9123487217289093642989304      
   21553787201.6054532657938323792971037      
   21124554247.2378461300628511219487885      
   20689620737.2427003653166042995418796      
   20248938797.5523130693320923727606624      
   19802460360.0052865607757366603101318      
   19350137167.6390771532054774551470283      
   18891920779.1466397673915927897022205      
   18427762562.7183871727949496584050911      
   17957613700.1238444207418000391027458      
   17481425184.1526469829566819331259819      
   16999147810.9168450292635122729452101      
   16510732204.5956366409935484310416258      
   16016128794.5387353237195449546514132      
   15515287822.3289419432671993477548745      
   15008159339.3380752075051034859954290      
   14494693209.7109441370292575538538357      
   13974839112.5014291942289933957870487      
   13448546531.9938690937890531890014148      
   12915764767.9433781241826369334403135      
   12376442936.8776832057025315824829365      
   11830529963.7988812423076026196902654      
   11277974585.5472320114213172513849992      
   10718725349.9652041243690339192873549      
   10152730618.5822970982893641301003226      
   9579938564.58514890008454874866400480      
   9000297172.22689045468751351232028617      
   8413754233.66971132076985469259517577      
   7820257362.11687818881638047555104409      
   7219753980.85578941797255932497279981      
   6612191323.30777482131769270333046527      
   5997516437.34223720940751770758991926      
   5375676182.41129605516561300600668985      
   4746617226.14189276022443706042207453      
