   3.67052534122895918301351294228450797E-0007
   3.67052534048804708040668220206553662E-0007
   3.67052626907836975017905672683293566E-0007
   3.67066243485563177586684327100109111E-0007
   3.67292404684237266512765599617221150E-0007
   3.68529549331581999230308505174902035E-0007
   3.72117739992055992083594199122288657E-0007
   3.79182014170955759914569338848339437E-0007
   3.90002464735063403263451026181975830E-0007
   4.03948533576612655524747431933535244E-0007
   4.19784069340665505057605601714292426E-0007
   4.36047928447895845121538633675079316E-0007
   4.51353014431894955452157720289127066E-0007
   4.64565765709322917870020058725840578E-0007
   4.74882275059756158738968872185175565E-0007
   4.81831702404867797535586301857136014E-0007
   4.85236069134361981439342027635297838E-0007
   4.85149262716582384085295480338090622E-0007
   4.81791275271798229499601487282694987E-0007
   4.75487676040780378159051129084482976E-0007
   4.66619508626662405131354925684744195E-0007
   4.55585319293329819775341702275720751E-0007
   4.42774779689825177449361219291335386E-0007
   4.28552161733511129825298193776503343E-0007
   4.13247459659342092543767119926680065E-0007
   3.97152999172484718687541102859380403E-0007
   3.80523659520605461078038755213101649E-0007
   3.63579239929888060506367133214736541E-0007
   3.46507897669647024739904353880230416E-0007
   3.29469934751845794375148887521449310E-0007
   3.12601491890021403669610702833414755E-0007
   2.96017900524002101544885373979413332E-0007
   2.79816595181015479808059743863617645E-0007
   2.64079567163360723358472139429535161E-0007
   2.48875399453048386693853005140908805E-0007
   2.34260946597514259736922371603701180E-0007
   2.20282696814487643635104166021878776E-0007
   2.06977957473623582443841325065568734E-0007
   1.94375853243352796355859687122672909E-0007
   1.82498222171890056893803186051502762E-0007
   1.71360437785104252797215781953857781E-0007
   1.60972217138002458682139408385807436E-0007
   1.51338398755206262778135237510544845E-0007
   1.42459742936673603696273902297951339E-0007
   1.34333756779463622555886922307927744E-0007
   1.26955548113025370831820044860178089E-0007
   1.20318746065357959899262535730084613E-0007
   1.14416518751265934606420775970791766E-0007
   1.09242575147073632764938778394113387E-0007
   1.04792406938249565663249110658586844E-0007
   1.01064621429922161932620430021470253E-0007
   9.80624938318544563428167025785629183E-0008
   9.57957765571801006433536176676761286E-0008
   9.42830044562815901855274230624644680E-0008
   9.35541308538640775579768805266145993E-0008
   9.36542075641517782629731938873797127E-0008
   9.46477772275373887510815832715139233E-0008
   9.66250836800104903343592052759178627E-0008
   9.97100350154772416063816158776271770E-0008
   1.04071400332954237515701912597532127E-0007
   1.09938288307601991893454746772157410E-0007
   1.17622601631322979910554607683929136E-0007
   1.27550926780204021900966832463224344E-0007
   1.40312089199798471798918505229125714E-0007
   1.56732017700583472915940742371061035E-0007
   1.77990874703047245426339934476289431E-0007
   2.05814933449299213461891475706408095E-0007
   2.42786484089912111253032707129589569E-0007
   2.92838704645940376457452633510273127E-0007
   3.61994104651661177485830173713830183E-0007
   4.59261312548264668551677019059565816E-0007
   5.97245119926595990318629612151270066E-0007
   7.91390939762213689072403296722246422E-0007
   1.05673740052951108932193617947810227E-0006
   1.40334206207351744365434940144587522E-0006
   1.83458895956232124683896259731091343E-0006
   2.34835354992662181169203450327973913E-0006
   2.93141014590327316337891648567326565E-0006
   3.54484330212570231926163708521022007E-0006
   4.11853236695215721672456458826075446E-0006
   4.56939991683052262382582234125733982E-0006
   4.83191738039631734908648365787160612E-0006
   4.87878013756382041157217356578859178E-0006
   4.72213227523738142946377067644995395E-0006
   4.40105658554115480968150435457635068E-0006
   3.96539278226963848820937889653236064E-0006
   3.46338866619304478915795240033712012E-0006
   2.93476301380471263405773162626118720E-0006
   2.40855799811568623373402832759303989E-0006
   1.90377085601303770666879099215651220E-0006
   1.43125740373797868441776250771420677E-0006
   9.95914470232262932593599752536636980E-0007
   5.98573491383909493373870060234183389E-0007
   2.37598718491617019071361237375301379E-0007
  -9.00799652742698752188975924998848959E-0008
  -3.88203839405884034368502972922321950E-0007
  -6.60711617029232909404605869916415445E-0007
  -9.11467334545986103428452267298434026E-0007
  -1.14409156267696839150834462350439836E-0006
  -1.36189137601758006312649558517914635E-0006
  -1.56783936184842109598624172031171339E-0006
  -1.76458594086206961520783696505800997E-0006
  -1.95448354397836191918539381023662288E-0006
  -2.13962121412172582766683389075112921E-0006
  -2.32186513053644156093579194222614981E-0006
  -2.50288656925172475003110911826584064E-0006
  -2.68419472659272492060472627673261626E-0006
  -2.86716878085746935760125663125955527E-0006
  -3.05308252543046919842265245524431509E-0006
  -3.24312147026415368460246205298044940E-0006
  -3.43842269641901270852944639171470271E-0006
  -3.64008065690569056334359566136228921E-0006
  -3.84916503877202612280320357708568411E-0006
  -4.06673353181988880408425963813993031E-0006
  -4.29384860987953403771042180495198322E-0006
  -4.53158776051888344575195961017469581E-0006
  -4.78105717638232844994591548793690363E-0006
  -5.04339848070599950057349015345581886E-0006
  -5.31980547506879759255885430110632946E-0006
  -5.61153659720926777295473274168743537E-0006
  -5.91992310261133092679943906049269706E-0006
  -6.24637808987539885610585571745761710E-0006
  -6.59241016683263826197114794694814372E-0006
  -6.95963557140850569004042944682211532E-0006
  -7.34979349250816149426500844687291212E-0006
