   1.00000000000000000000000000000000004E-0010
   1.00000000000000000000000000000000004E-0010
   1.00000000000000000000000000000000004E-0010
   1.00000000000000000000000000000000004E-0010
   1.00000000000000000000000000000000004E-0010
   1.00000000000000000000000000000000004E-0010
   1.00000000000000000000000000000000004E-0010
   3.34308722386684941431362514301123486E-0009
   2.80684747175472812024053145844803007E-0008
   1.55919111544614174471731569893017411E-0007
   6.44656335813187218837028107603017334E-0007
   2.13798172141086020913153589462114646E-0006
   5.97390975548788640856056441967010633E-0006
   1.45474943049714333935593528326214612E-0005
   3.16443085898184599577954223463304568E-0005
   6.26560424532492604341140241548597746E-0005
   1.14622035421541630912656011739583454E-0004
   1.96093361440730456475197576381513103E-0004
   3.16844191668307500519649251200087579E-0004
   4.87508813814595733117540716577411128E-0004
   7.19184551962604154903889755416008837E-0004
   1.02306122289621018642490705845238983E-0003
   1.41010867830426523004617187333487988E-0003
   1.89083915907804451323518113089648592E-0003
   2.47514112926326879273796497935093229E-0003
   3.17219848704312178229931525518587402E-0003
   3.99046323152475366437744883790703773E-0003
   4.93768807661452185815934959080151556E-0003
   6.02098815164379470012011298241589803E-0003
   7.24691304310155300078610779754940525E-0003
   8.62157793180824532363849279290617026E-0003
   1.01507671703228783306965679095092611E-0002
   1.18400755665823687197879212130879912E-0002
   1.36950402320927435510706239616805981E-0002
   1.57212740104250965533010552443539906E-0002
   1.79246400530618917591857677496254486E-0002
   2.03111747157935061495102838878712279E-0002
   2.28874029007333260349888484730769810E-0002
   2.56603962057296501383646492950787419E-0002
   2.86378910662442768898103103434625583E-0002
   3.18283403536720665881827247838956193E-0002
   3.52411257928360417011602955040207326E-0002
   3.88866023417066429855491051939247339E-0002
   4.27762361069846687142048774762207074E-0002
   4.69227347938756761009300585878395948E-0002
   5.13401146367443263103846175907928625E-0002
   5.60438639040024752017085436915105733E-0002
   6.10512824938943365492237253644750181E-0002
   6.63811726218570542551669795063343472E-0002
   7.20543049984983464818766163954667919E-0002
   7.80934567051789053926240639002632549E-0002
   8.45234945982194303526415501086674738E-0002
   9.13712805227851956811849547596926287E-0002
   9.86660130339984249644877726584330695E-0002
  0.106438475565912370914864137892035769      
  0.114721470940787106427530333211138970      
  0.123548587163847696067115297406805662      
  0.132954068761619075036370681926401390      
  0.142970990302371953669778668851653414      
  0.153629829258877660258196240386371311      
  0.164956014162597097921538966273964392      
  0.176967689193257837835388581288297309      
  0.189671225490563640936724492380809735      
  0.203056557890257803023871780268328601      
  0.217094741700665783121890184423913781      
  0.231734322555691498288919340749737580      
  0.246900918444762686315056654581409536      
  0.262496131261999563864753346778494411      
  0.278399610832999942929882454657915161      
  0.294475165602645448167104758414952875      
  0.310573391095422191886818273465501732      
  0.326534557496350009627892893271849321      
  0.342192997916015783349613777647618147      
  0.357380387012043759964845964035016241      
  0.371937453938051199245719696030595897      
  0.385734791911988298576512145525833514      
  0.398695924183757126222877078687475913      
  0.410810353632097443387826738717595365      
  0.422130050072372910760965580473870742      
  0.432746415482970928685949521140133474      
  0.442765049036910630059115260202241020      
  0.452285311986562204068685832466828098      
  0.461390141777059652404382423132768104      
  0.470144447518979265676303070204027218      
  0.478597651818736617031935616491163042      
  0.486785848632897418568776540759281250      
  0.494736266325347410165241733745750536      
  0.502469030226309917332863338033039470      
  0.509999484193711058830430349233994894      
  0.517339604529774252201906981638957251      
  0.524498922574546625988865264623793532      
  0.531485826775253508055595553643228470      
  0.538307437602733980813035109686309883      
  0.544970027190321732857877430366635186      
  0.551479197424043824854624875455155488      
  0.557840101873791416225500323062794767      
  0.564057401199895323254240364407491461      
  0.570136029741705728046490618754054197      
  0.576080524261066976092676733981133924      
  0.581895085679769155581804640275746379      
  0.587583664518067288643691884330348291      
  0.593150121767630113778684621267099989      
  0.598598158482714859350439172435177048      
  0.603931374412851122520407557893662349      
  0.609153409030156092299208025236475322      
  0.614267693090458191658138575459049430      
  0.619277496084377533714873995549255585      
  0.624185966176346206651666789459201615      
  0.628996122721225175196818536093007730      
  0.633710736371016090430932398356353841      
  0.638332732692775141578382642016030597      
  0.642864897008891992049746165505443184      
  0.647309893403130907952482724815859179      
  0.651670262199010185153840919175937852      
  0.655948460620426721792013671799134033      
  0.660146850857379434398626565560880143      
  0.664267719414537083904457780106110363      
  0.668313217039456793865348288068812432      
  0.672285453428984326763121991319055387      
  0.676186504587757721356888770343234902      
  0.680018362627056672069218589840824118      
  0.683782937356432216858380194972690401      
  0.687482070840266192553274084641923307      
  0.691117524135697777377794925933812452      
  0.694691022192894486539076199215507889      
