   44574782111.9336799006483801377267911      
   44574781949.9605188122502586779617345      
   44574781706.6405318651367290001791488      
   44574781355.4494760299287947246526831      
   44574780865.9451154942026627008067480      
   44574780204.3061051653063108091337642      
   44574779334.0271110464310443715426301      
   44574778216.6589961540935757353087696      
   44574776812.5114045118352183427648350      
   44574775081.2225790869799699567372900      
   44574772982.1229877216958644743956237      
   44574770474.2923766958275856960792566      
   44574767516.5090240172923427402813581      
   44574764066.6737889470073622668224555      
   44574760081.3627681865110233849935184      
   44574755514.8446159869726965633664452      
   44574750318.3036166551774035840018591      
   44574744438.6825495438453089995039512      
   44574737818.1177957214774658653291171      
   44574730392.7688116816180601996653298      
   44574722092.1327522100855620636762280      
   44574712838.3096783960704848483539399      
   44574702545.4129697084711403684983362      
   44574691119.5579193747204322011641072      
   44574678457.9496264533194136171856082      
   44574664449.4838550725793982708267657      
   44574648973.8469252817052189609907882      
   44574631902.0732435647325387629461468      
   44574613096.2246744602156652693070906      
   44574592409.5239340491263792808449403      
   44574569686.7194347738111462910308898      
   44574544763.7368855761764575541157922      
   44574517467.9073474449954593176468534      
   44574487617.7374497747316010951323363      
   44574455023.4647956279172206772555528      
   44574419486.3344663937371396945509085      
   44574380798.5261926740407589216312142      
   44574338743.4556430495123903618521115      
   44574293095.0037545221917733059144718      
   44574243617.4166091970228694215344036      
   44574190065.0057334063893994873538393      
   44574132181.6864264054099371139308750      
   44574069700.5555007775518325632964632      
   44574002343.4119776154017507029047078      
   44573929820.2811913632806275323964202      
   44573851828.8127733299134619229302790      
   44573768053.6826544678208612911862479      
   44573678166.0664630969946844447118062      
   44573581822.9452620602442463762825759      
   44573478666.4349907695361937008297950      
   44573368323.0102655211769981104197865      
   44573250402.8847698384412739882807277      
   44573124499.0703546779275861082752911      
   44572990186.6000561233361271355839318      
   44572847021.7706752316788329384206062      
   44572694540.9442149758246934231141082      
   44572532259.7694464881309624645156140      
   44572359672.0485548207474739484276510      
   44572176248.5999003926996886457216441      
   44571981436.0250474875928479713775330      
   44571774655.4654103320218425609812074      
   44571555301.2247661780009650400234172      
   44571322739.2506338803074435612175187      
   44571076305.5812768214222642004577822      
   44570815304.6624239533121167584177100      
   44570539007.5283760146508912480942822      
   44570246649.8957298700657223911875000      
   44569937430.0915522759558796258446008      
   44569610506.9079009247485267553304650      
   44569264997.2593056306951191509908934      
   44568899971.8182989676180006369895029      
   44568514459.9720447368245690198466024      
   44568107435.7382819559410239010412492      
   44567677822.3397916587658198200476365      
   44567224487.3088960297682352609645168      
   44566746239.1212705594039393289552702      
   44566241823.8742152736185178903948585      
   44565709921.5649653701729437760835666      
   44565149142.3320435116278542780943215      
   44564558022.4883378048411176766883214      
   44563935020.2480890031213995464138104      
   44563278511.3885515637428349951063087      
   44562586787.1161946226433860653373241      
   44561858039.6255305763722804055965147      
   44561090370.8815223188757958600903097      
   44560281778.4033823255129851068018326      
   44559430151.9169629602065493516015944      
   44558533267.4946719662742301953725323      
   44557588781.4263756051231929718094552      
   44556594223.9654316765311059404559665      
   44555546992.5691605605695302592866578      
   44554444344.9074796273517601410315743      
   44553283391.6061998811727286020119452      
   44552061088.4692366630990164297577795      
   44550774228.5298167217825864825954993      
   44549419433.4954581265184890363379566      
   44547993144.9242513332161016571506548      
   44546491614.8198821392344767001300379      
   44544910895.8688731572144750764507691      
   44543246831.0098233601999760393813537      
   44541495042.5046930707745061698645478      
   44539650920.4327897405987364971528684      
   44537709610.4843308449525505788880343      
   44535666001.0246516593141521975638878      
   44533514709.4023889659789366156184432      
   44531250067.4838550262405376306953630      
   44528866106.1983604391457919568607999      
   44526356539.1125799632772188151177003      
   44523714745.0690600605426029933296390      
   44520933749.4309364444332671132986425      
   44518006204.2612834676145987593804805      
   44514924367.1129354662888109401625039      
   44511680078.0592091573330862844307150      
   44508264735.6041691375271896166133063      
   44504669266.6478492680640010012611360      
   44500884113.3361173132166917932547054      
   44496899180.3620779956403010494877679      
   44492703817.5704610931710714919840300      
   44488286781.2447452719843797112793023      
   44483636196.4606347681619350565215541      
   44478739516.5321129261017409523673268      
   44473583479.5648824204360519012952227      
   44468154061.4756245125185353688223225      
   44462436425.6753795503158385383467072      
   44456414884.5200125419948479615440539      
   44450072783.6014997640664704982488803      
   44443392524.1524883995106086176884745      
   44436355444.5321618075395458237124921      
   44428941765.3415970309722811202226617      
   44421130519.1129481073423297740352481      
   44412899475.8063385716897641187859613      
   44404225072.2905006969567144171309834      
   44395082337.9174444830323999598716666      
   44385444825.4206157638683300433961867      
   44375284546.7363943789789430577820038      
   44364571917.9449919251069251384084089      
   44353275716.0748966044670418445547776      
   44341363052.8934650651003034050545931      
   44328799369.1294226779107283875286923      
   44315548453.8028722505648750008161723      
   44301572491.8799285179193411378070855      
   44286832143.1226863913738814595739826      
   44271286653.2930042072711869274779523      
   44254893997.2584304717596110894979823      
   44237611051.4276234822975565780160476      
   44219393790.7279085326754603753980196      
   44200197504.4646858885952435865463300      
   44179977003.5371780837289522941240689      
   44158686940.4340533103072646052063268      
   44136281880.9304513542509086382568261      
   44112716627.1740258839768785592141567      
   44087946349.4795423483976602049357774      
   44061926888.8162738653629626469811363      
   44034614726.6308930638048594945976783      
   44005967212.5584633234633530220249677      
   43975942634.2323655294949824723230130      
   43944500293.2262770340286434778928429      
   43911600548.8487587512690662031161610      
   43877204843.1403464446437943813574211      
   43841275704.4945497633843601697442249      
   43803776730.8833569850048781184102048      
   43764672555.7062222643463679286873970      
   43723928795.9348409422712550335550031      
   43681511986.1300085560268929140761061      
   43637389498.8819791034393475196043776      
   43591529457.8281390958773663190221728      
   43543900640.0492059667380647829514341      
   43494472408.5052561094369377204235900      
   43443214481.7978929489311807380483445      
   43390097036.8859306884023513124278310      
   43335090475.9619930768377827347930226      
   43278165375.8553376019632368912555221      
   43219292409.7705542893461159580213059      
   43158442279.1459381310569858534829580      
   43095585654.0247604262125176517757829      
   43030693124.1748157336708675815985662      
   42963735158.6333191796278394648761659      
   42894682073.4688413151477494078664926      
   42823504008.7301073399801190532449121      
   42750170906.8149417400693122513781564      
   42674652501.7196376598939580228008653      
   42596918308.3196701686976235937873468      
   42516937616.1931587558325874619286239      
   42434679488.5010065868345751358327495      
   42350112758.3597765794156584826165309      
   42263206030.2100646909497819488101210      
   42173927680.4119134689622849732587742      
   42082245860.3184618430488666775826345      
   41988128497.4178322135788937792297791      
   41891543298.8160412231966174893028177      
   41792457754.6225459487699656780094980      
   41690839140.7240404810790931314448619      
   41586654518.6116531219736124174513164      
   41479870742.1820391033608659615037461      
   41370454457.7461306375160300808689879      
   41258372108.2887911365922353847422030      
   41143589935.8875129150600652524118385      
   41026073979.8100792357165643362054577      
   40905790085.3885016912834706671848216      
   40782703899.3823599770276337034573278      
   40656780874.1337157111950157696428436      
   40527986270.0163191106641957974212598      
   40396285194.3699369741288509980861053      
   40261642443.2884095275766254730795824      
   40124022746.8139307937729330155696505      
   39983390604.8564033805104971798101815      
   39839710332.9502071813354028257096787      
   39692946048.5703508367538545104794403      
   39543061693.7408216702482749404166939      
   39390021021.3515199209707127117838606      
   39233787599.5019191837035402938400470      
   39074324812.2612164623216059715504814      
   38911595856.9992204427868999736275497      
   38745563745.3042928119058081648949144      
   38576191320.0745074997435475170711982      
   38403441206.8313277165096132253574829      
   38227275870.8652081312391445254214426      
   38047657607.5965118915457664585758190      
   37864548507.0443907583760648948361537      
   37677910483.0779276786864154046975817      
   37487705265.8199860507931483388838292      
   37293894401.2479446944445978156067538      
   37096439253.7598680065224995267307803      
   36895301003.5853608058778335203323944      
   36690440647.9938785698552288698728356      
   36481819001.9249695805398391967933848      
   36269396696.2919090078089925830422886      
   36053134177.7610890750489274369238820      
   35832991709.6736184952764115206780897      
   35608929372.8301986522458177674815806      
   35380907063.9561849789732457354828781      
   35148884493.0177274319570893285336396      
   34912821189.8532220151224357377147596      
   34672676497.6184305461638533724025205      
   34428409575.9777358182187223567145065      
   34179979399.3448056879763206440906585      
   33927344759.9191479976624221121014170      
   33670464257.7980213476557168077966183      
   33409296315.1505326433229629765219499      
   33143799166.6643471999604701246637478      
   32873930860.4711747827709981865902623      
   32599649261.9195215194941790529240139      
   32320912047.8343197933629794278104310      
   32037676709.5591523479991046031334713      
   31749900553.1306357287821163207407220      
   31457540697.3855427184067047685486312      
   31160554071.5532972301757723607550183      
   30858897435.1942139839755684433836696      
   30552527324.2836975845020563298050015      
   30241400133.3027268294430090538834642      
   29925472039.0530671592578278747483579      
   29604699045.0869933117582512829387300      
   29279036950.2532283175280836356710820      
   28948441384.0208787920667363144519060      
   28612867780.8975378298655473515400554      
   28272271388.0639595319894032636091858      
   27926607269.1623239759433343076094227      
   27575830287.4905870246612203721196658      
   27219895129.8535193942760979560000370      
   26858756290.5909442945390344995543898      
   26492368075.6554607763178392669756398      
   26120684602.0997415120907028053245418      
   25743659798.3128845460589810165499559      
   25361247404.2672977860131647541398043      
   24973400970.6784855239255721922664058      
   24580073856.8152875799794132919923499      
   24181219239.2828116550496354173007590      
   23776790099.3172833081892652754956428      
   23366739230.7075550345682409989279303      
   22951019237.8133187921798605382832910      
   22529582535.5267622013021568416949186      
   22102381349.1764390018585492984689331      
   21669367714.3437671676299985922259621      
   21230493476.4711108047264728994070806      
   20785710290.9367626710212477602219276      
   20334969624.8969963008153691925049149      
   19878222754.6594525395914864773654907      
   19415420766.6242531969229299439101843      
   18946514557.0674747789803517809816921      
   18471454831.3711169393389583689520077      
