   48.784205172040892        65.838887453825805     
   48.784205172040892        65.838887453825805     
   48.784205172040892        65.838887453825805     
   48.784205172040892        65.838887453825805     
   48.784205172040558        65.838887453825635     
   48.784205171999297        65.838887453805000     
   48.784205170686242        65.838887453148374     
   48.784205153117092        65.838887444361760     
   48.784205022186782        65.838887378876748     
   48.784204376307294        65.838887055807547     
   48.784202017581578        65.838885875796208     
   48.784195141005654        65.838882434843001     
   48.784178274017727        65.838873992085581     
   48.784142133939618        65.838855894298760     
   48.784072601964574        65.838821055451547     
   48.783949980227774        65.838759573938773     
   48.783748618176496        65.838658530985100     
   48.783436943953298        65.838501987371757     
   48.782977838397379        65.838271147434725     
   48.782329280653720        65.837944651889572     
   48.781445160392195        65.837498943173301     
   48.780276161278493        65.836908650958975     
   48.778770629566203        65.836146951755836     
   48.776875380021941        65.835185878424454     
   48.774536400574675        65.833996564477886     
   48.771699468491093        65.832549439867648     
   48.768310664147094        65.830814380205098     
   48.764316839147533        65.828760855183333     
   48.759666030664896        65.826358081288873     
   48.754307874724390        65.823575216997938     
   48.748194008376267        65.820381601001088     
   48.741278477575960        65.816747043286810     
   48.733518157657457        65.812642169258055     
   48.724873149334329        65.808038791989134     
   48.715307166427067        65.802910311103687     
   48.704787884010095        65.797232111964107     
   48.693287238514081        65.790981948611346     
   48.680781656816322        65.784140288917811     
   48.667252219379073        65.776690613550329     
   48.652684745305166        65.768619655466594     
   48.637069791905446        65.759917569053016     
   48.620402574588859        65.750578027912070     
   48.602682816137062        65.740598253823151     
   48.583914523915794        65.729978974413484     
   48.564105707900588        65.718724317862552     
   48.543268050267635        65.706841651398236     
   48.521416532296094        65.694341369179341     
   48.498569040670084        65.681236644880769     
   48.474745932465360        65.667543139947043     
   48.449969619263349        65.653278708489268     
   48.424264110473459        65.638463057058559     
   48.397654593576000        65.623117425069239     
   48.370167001230307        65.607264242502893     
   48.341827598201242        65.590926796616458     
   48.312662583819055        65.574128904252461     
   48.282697716010141        65.556894595930018     
   48.251957948131654        65.539247808339439     
   48.220467094750383        65.521212095734569     
   48.188247515744621        65.502810355129796     
   48.155319824024652        65.484064571119063     
   48.121702603999978        65.464995569117917     
   48.087412167870092        65.445622797993366     
   48.052462310093411        65.425964116891834     
   48.016864092272982        65.406035604634454     
   47.980625641395939        65.385851382450895     
   47.943751949595814        65.365423444236100     
   47.906244706129300        65.344761508365124     
   47.868102115602284        65.323872869615045     
   47.829318743094319        65.302762266438506     
   47.789885355633601        65.281431754718056     
   47.749788771109209        65.259880587730777     
   47.709011650957777        65.238105073837943     
   47.667532559047487        65.216098557259642     
   47.625325517243098        65.193851173729470     
   47.582360052314762        65.171349835117070     
   47.538600966891771        65.148578075807592     
   47.494008203558202        65.125515961217459     
   47.448536660650724        65.102139960322532     
   47.402136026894865        65.078422833169157     
   47.354750579064422        65.054333495047558     
   47.306318994633187        65.029836895472812     
   47.256774123550940        65.004893860544470     
   47.206042771066855        64.979460957079709     
   47.154045451567882        64.953490327800537     
   47.100696124650412        64.926929518649530     
   47.045901920025862        64.899721301376189     
   46.989562827661409        64.871803465300161     
   46.931571376478715        64.843108613307066     
   46.871812290783495        64.813563933764016     
   46.810162129682773        64.783090962513782     
   46.746488870667633        64.751605312115572     
   46.680651515901232        64.719016408464910     
   46.612499629946534        64.685227186601523     
   46.541872886271200        64.650133791117625     
   46.468600574008661        64.613625237145385     
   46.392501051224933        64.575583061894150     
   46.313381289986971        64.535880993452295     
   46.231036295076720        64.494384569333874     
   46.145248562767151        64.450950754932535     
   46.055787581251764        64.405427597847435     
   45.962409295341153        64.357653843600247     
   45.864855684666601        64.307458618954442     
   45.762854304900223        64.254661088184193     
   45.656118063637734        64.199070248766574     
   45.544344992624332        64.140484711492931     
   45.427218226200360        64.078692605840402     
   45.304406258604139        64.013471654536644     
   45.175562677745468        63.944588947324945     
   45.040329726130473        63.871802899961423     
   44.898335529423193        63.794861651377367     
   44.749198242196805        63.713505386544874     
   44.592527558178219        63.627467208246884     
   44.427927277908644        63.536474640239440     
   44.254998467733500        63.440251505117317     
   44.073343008081380        63.338520073132251     
   43.882567597035901        63.231003520935317     
   43.682287930831222        63.117428523579143     
   43.472133122400692        62.997528107913340     
   43.251749619246432        62.871044116306415     
   43.020805048857341        62.737729803455437     
   42.778991122973238        62.597351843274403     
   42.526025628705298        62.449691828355782     
   42.261653250695673        62.294547083062071     
   41.985645155138904        62.131730725654073     
   41.697797210864231        61.961070907473200     
   41.397928116075050        61.782409968010711     
   41.085871007128752        61.595599596795076     
   40.761476788100644        61.400503067896594     
   40.424603717343388        61.196989106952756     
   40.075116369547182        60.984931410724514     
   39.712873970454844        60.764201617955827     
   39.337736757324095        60.534673331555865     
   38.949557635855250        60.296217099605357     
   38.548181898494029        60.048700350084708     
   38.133446943366550        59.791987337728450     
   37.705183242967870        59.525939890522572     
   37.263216671685370        59.250419030554106     
   36.807372233145884        58.965287495419908     
   36.337479212051370        58.670413189699950     
   35.853377825977084        58.365673604454997     
   35.354927401465524        58.050961216605948     
   34.842016143266122        57.726189903408610     
   34.314572435916475        57.391302316759251     
   33.772577675705207        57.046278177900454     
   33.216080406071207        56.691143340440625     
   32.645211479796131        56.325979389110522     
   32.060199779668423        55.950933441557140     
   31.461387822861425        55.566227660625401     
   30.849246456625604        55.172167935217189     
   30.224387643617494        54.769151021987852     
   29.587574335932391        54.357669480300885     
   28.939726440491089        53.938313748374199     
   28.281922110231729        53.511770897766795     
   27.615393888337621        53.078819832659548     
   26.941519626302668        52.640323013021479     
   26.261808271818850        52.197215003262478     
   25.577881427207593        51.750488593399297     
   24.891451460515714        51.301179258498259     
   24.204297091140852        50.850348768300684     
   23.518237443115950        50.399068732409809     
   22.835105440375919        49.948404698164325     
   22.156717681228368        49.499398914736560     
   21.484862583863496        49.053065879655776     
   20.821253255500160        48.610365428235298     
   20.167519244855111        48.172201627281872     
   19.525181238853470        47.739410613948472     
   18.895632338533662        47.312752553139440     
   18.280122535108390        46.892905273861558     
   17.679746889811607        46.480459728706229     
   17.095437715249435        46.075917337462649     
   16.527960904835290        45.679689271671641     
   15.977916362020016        45.292097639802193     
   15.445742204261663        44.913378417940805     
   14.931722294292721        44.543685935309774     
   14.435996488864838        44.183098622095706     
   13.958572948947719        43.831625717977417     
   13.499341818399017        43.489214609577076     
   13.058089640997826        43.155758493856624     
   12.634513956282838        42.831104097168534     
   12.228237556094221        42.515059191459159     
   11.838822103190621        42.207399756444538     
   11.465780718179518        41.907876569052632     
   11.108589729000121        41.616221490407433     
   10.766698649259100        41.332152540303149     
   10.439539467216346        41.055378888978254     
   10.126534419533002        40.785604909666354     
   9.8271026571869076        40.522533678334248     
   9.5406658171689287        40.265869899159206     
   9.2666526125358182        40.015322311528685     
   9.0045025302634158        39.770605627391191     
   8.7536687512570577        39.531442058598842     
   8.5136203920483275        39.297562487386053     
   8.2838441609456215        39.068707324402070     
   8.0638455732628813        38.844627176206650     
   7.8531483308481045        38.625081798620037     
   7.6512999211956583        38.409845548596607     
   7.4578639533149014        38.198699665428620     
   7.2724253394598390        37.991437415997801     
   7.0945886891326770        37.787862637081972     
   6.9239778742955158        37.587789481194264     
   6.7602355145528685        37.391042137956426     
   6.6030223707276017        37.197454497321793     
   6.4520166869002669        37.006869790684185     
   6.3069134956749577        36.819140211878370     
   6.1674239025919748        36.634126528229245     
   6.0332743491904921        36.451697675944509     
   5.9042058895265859        36.271730366734744     
   5.7799734735923884        36.094108700249180     
   5.6603452407106243        35.918723780723461     
   5.5451018266907282        35.745473333995264     
   5.4340357078955588        35.574261358175541     
   5.3269505483971757        35.404997758357425     
   5.2236605964692773        35.237598026767927     
   5.1239900888582453        35.071982911333137     
   5.0277726923819879        34.908078112965455     
   4.9348509725931375        34.745813995953782     
   4.8450758844305239        34.585125306596971     
   4.7583062957206144        34.425950915146139     
   4.6744085320710838        34.268233564206938     
   4.5932559447882655        34.111919628204213     
   4.5147285201840157        33.956958911878743     
   4.4387124737807353        33.803304403720730     
   4.3650999096975802        33.650912103851262     
   4.2937884871922618        33.499740846528738     
   4.2246810820864393        33.349752092669192     
   4.1576854998943666        33.200909780324082     
   4.0927141991940337        33.053180182375044     
   4.0296840170408403        32.906531735360538     
   3.9685159278776001        32.760934923290485     
   3.9091348053059742        32.616362130085520     
   3.8514692014053504        32.472787518012105     
   3.7954511512813589        32.330186942477980     
   3.7410159653747233        32.188537799782800     
   3.6881020527551152        32.047818944627224     
   3.6366507560484322        31.908010613433458     
   3.5866061857568741        31.769094314045411     
   3.5379150653174976        31.631052732643059     
   3.4905265977413986        31.493869680278635     
   3.4443923250741983        31.357529998347349     
   3.3994660064879172        31.222019496236083     
   3.3557035001519391        31.087324884816010     
   3.3130626543223185        30.953433728401457     
   3.2715031965859205        30.820334358230198     
   3.2309866385246861        30.688015829727370     
   3.1914761890809245        30.556467896044214     
   3.1529366576021500        30.425680921397234     
   3.1153343778231055        30.295645858631929     
   3.0786371284861933        30.166354201921635     
   3.0428140618334600        30.037797949332074     
   3.0078356295792332        29.909969552784716     
