   44856459306.1773179512254041012171284      
   44856449826.5025309515203793417712952      
   44856438705.8636854042579991350051827      
   44856425638.6372819026385895150742828      
   44856410274.6425898321352412350631751      
   44856392216.4063813159150500251580209      
   44856371017.0636732448700284171762157      
   44856346177.8066366888479356330669209      
   44856317145.4502188688665507503598017      
   44856283309.4821688128612601686194768      
   44856243998.8930426035692805662633287      
   44856198478.4226526828876164525112994      
   44856145944.3060400360060352035985445      
   44856085519.2877839799490781251055996      
   44856016246.8321274715678646750512741      
   44855937084.8449267328441080372796176      
   44855846898.5807357107290550154165815      
   44855744451.5476473417056620353433628      
   44855628398.6030825822154475342305597      
   44855497275.5652106754928179834274257      
   44855349489.9742301510186996585018683      
   44855183311.2040402060825342666826755      
   44854996860.8060336130404526826233375      
   44854788103.1040756808257453265732732      
   44854554836.1526261911982942387123567      
   44854294683.8323263122116208640522852      
   44854005088.9342742812572072564363000      
   44853683307.3286578611466235815273971      
   44853326402.7297956947660547816264742      
   44852931248.7619858024792937285951707      
   44852494519.0809188155147576705253999      
   44852012690.6695306543585971937828697      
   44851482051.6483050764132071018224205      
   44850898693.2309102547221823121645086      
   44850258517.6758456342509451694621351      
   44849557240.3770402176427469334574692      
   44848790393.2738062919683370182628143      
   44847953328.5178171250805540031606574      
   44847041221.2897861181173695612163336      
   44846049072.6096235657023828290793582      
   44844971712.0436039307960788917598962      
   44843803798.3900978851432921894424108      
   44842539818.2607002425105018441106834      
   44841174101.8673922119796280954840925      
   44839700798.1541925912265565388264992      
   44838113890.4504073075092292061887212      
   44836407191.3740200665835987910872716      
   44834574339.6116252274336388692605674      
   44832608800.3301156218815474372140285      
   44830503864.0752023888971289251018641      
   44828252648.0738043711690167159064496      
   44825848101.6020064545948752614359317      
   44823283020.6578807448267775145500614      
   44820550070.9231515132376565034780630      
   44817641834.8879014628575151376490133      
   44814550892.8532512144406020902176417      
   44811269958.5394600004122242074758048      
   44807791998.2645730572268498451564127      
   44804110135.2328008051359980573179240      
   44800215569.8844642022610940842007870      
   44796088225.6454197901466998433905435      
   44791692438.8231583610530128736732971      
   44787005746.5790122354521588742475369      
   44782016608.4655946940317207131478205      
   44776708669.0851209322516347061400344      
   44771062576.6640679240903839161541241      
   44765060472.1526554932843905407000219      
   44758688573.6743536899875275699766699      
   44751937806.4569475503964005858023912      
   44744802956.2185110876529595151184645      
   44737281239.8966238543682257369464246      
   44729370888.1023295635674009992507747      
   44721070242.0302296309810835451448063      
   44712377082.7541187236415041633354374      
   44703288355.2868069538945950457686542      
   44693800065.6221993708409369860181743      
   44683907299.3289921232075349660592932      
   44673604226.8934231659868492067307597      
   44662884273.4310870756935748593880525      
   44651740135.0750005157799072437025039      
   44640163875.2796072771227385655707384      
   44628146992.3832778143536145021617567      
   44615680477.1175585782828164712799745      
   44602754860.2371589173293148305000648      
   44589360252.6550206071022787883727612      
   44575486376.5080350351773735641798248      
   44561122592.7722226139244907332878596      
   44546257921.9777050305455095488588559      
   44530881061.9509951382691971819344141      
   44514980421.0940433426677814614730495      
   44498544055.0222100448999077718894567      
   44481559793.0209134636252954559963129      
   44464015167.0990925960379734981118141      
   44445897439.2025399163556146270872842      
   44427193606.6637259944820199589419209      
   44407890409.2340875157280105642943853      
   44387974332.4539396403228893500941700      
   44367431611.9009425908088757880342174      
   44346248236.2311155945488489282450454      
   44324409950.2976906316922891232529464      
   44301902257.5993627990344239024628197      
   44278710422.6606044463863945843174717      
   44254819472.1539273648987975855123230      
   44230214197.8875071491453661233888434      
   44204879157.3161384348137701462331050      
   44178798675.2121492489697338731247375      
   44151956844.7519793804338845415374853      
   44124337528.8583842996172369097696165      
   44095924355.3874545130452433642998858      
   44066700738.1439413303455732907853523      
   44036649849.8928412820523794059604694      
   44005754640.2872255390268787185919312      
   43973997831.6964189952153953079516199      
   43941361923.5529450244195024692746899      
   43907829189.7354899879435926096630602      
   43873381676.3246053001898195842328095      
   43838001210.7323066845237912879332675      
   43801669395.4654904687054361495775670      
   43764367608.9993685515755014934799031      
   43726077009.9110821109009223117768398      
   43686778535.7809638523933264817330317      
   43646452900.9954384049534711601359751      
   43605080602.5531275615136761690058748      
   43562641917.2802538021118600346021591      
   43519116899.9930376566339366508885261      
   43474485391.8379606872781650928883018      
   43428727011.6229055542775610865107361      
   43381821163.8122851113015611252094064      
   43333747033.9296478570078736173768074      
   43284483591.7555887622313888676132281      
   43234009589.4600770947970099472864370      
   43182303566.7127185102613374914873142      
   43129343846.6682706148794718945296820      
   43075108539.0726772459784295294566590      
   43019575536.4354490827502762130351924      
   42962722522.8756146570800128681552266      
   42904526964.1330753342343523254592940      
   42844966116.2071861747950648183270175      
   42784017024.2982779189844995349811661      
   42721656520.1631834464249116176250109      
   42657861223.4689330259908779720203138      
   42592607543.9104062439323486673140984      
   42525871682.6063634283402669544457320      
   42457629629.2645383950163280772053342      
   42387857163.7917769012952030698069457      
   42316529855.6030233703608750086400518      
   42243623070.7907112001640925673189530      
   42169111961.5886583539969130967936200      
   42092971473.2997288128132954920135148      
   42015176348.4174584731076390344598765      
   41935701116.0465100169447637086785369      
   41854520103.9195449593190225770496022      
   41771607428.1182755578241066725361424      
   41686937003.0482289759588890008081332      
   41600482535.5370451593394896723874889      
   41512217525.9288705378104308748949873      
   41422115271.3574110578867434366093571      
   41330148863.4935513797887928635923689      
   41236291189.8799171315153218343560185      
   41140514933.8866393863926761288863028      
   41042792574.9436927690299877079566953      
   40943096389.4091335328732251167567292      
   40841398451.5578740318924536697690351      
   40737670628.6963344605789864847157932      
   40631884589.5641210397721966207027504      
   40524011799.0962965203360649701887589      
   40414023520.0281026428300726064869544      
   40301890812.8336285135708752105547452      
   40187584537.5127119285574517701903507      
   40071075351.9297602564751012991415001      
   39952333712.7436339841091009511528397      
   39831329876.2297759602004738757679354      
   39708033896.8370931519357404707794666      
   39582415630.4939472327670586443956023      
   39454444731.0643720730146496291812328      
   39324090652.4794840575248725861147506      
   39191322651.3319273248504239783126901      
   39056109782.0703801352747168236600229      
   38918420901.4544402449556028453740894      
   38778224665.0562407253483950846378997      
   38635489530.6696064598766320537557660      
   38490183756.6509358740586150855956912      
   38342275403.9487924105250321319174110      
   38191732334.0337240986374212210489816      
   38038522209.0722894452356472430773148      
   37882612496.6132320583190563615025951      
   37723970461.9957700812036378521768160      
   37562563178.5677581292779512649386227      
   37398357514.5647907477997470792894874      
   37231320146.4549200808683984023832693      
   37061417552.2464592949252322080840384      
   36888616011.8017409990077561147032114      
   36712881609.1332538227970631672720541      
   36534180232.2115969069745307251755740      
   36352477565.2514947217626019218138881      
   36167739114.4061717762232166077299064      
   35979930162.3168212991943024733340362      
   35789015817.2041014713189961696986878      
   35594960984.0783997457862713997062230      
   35397730372.0746179863006561755903858      
   35197288494.6493526207426476150716391      
   34993599669.5543679781564922606841866      
   34786628019.1593420698918426641376074      
   34576337470.4280941645665568167502851      
   34362691754.0075473644516281372814200      
   34145654405.1911680865771329100385158      
   33925188768.2101116995563734766658517      
   33701257989.1411717087596034401058452      
   33473825028.2182356126307796156653804      
   33242852618.0293071025922601196946741      
   33008303346.3382812570964108267490987      
   32770139582.3427959920520384270373787      
   32528323480.7663315420515046894218548      
   32282817032.6709729737050984363775348      
   32033582023.9872903019735340835471754      
   31780580046.9203646926857056196090072      
   31523772499.6378903295657137331587049      
   31263120586.1791536954818334672290121      
   30998585318.4750440847966472028388551      
   30730127511.2800703606275263470978168      
   30457707788.7785297063153342858621638      
   30181286589.4108807877721681460425793      
   29900824157.0663410357016421671277340      
   29616280509.8143769037131436625812055      
   29327615521.1377370760813957006046820      
   29034788842.1087238190796966846957236      
   28737759939.8401570566360140151026593      
   28436488088.4229909791227507594205120      
   28130932368.6054614801403217963377406      
   27821051668.6319798339509635448499004      
   27506804684.4937843815976036110899121      
   27188149919.4731226923800547586544505      
   26865045685.0301546342117152027022651      
   26537450096.9570247280038620606441128      
   26205321083.4762600350748551839785889      
   25868616379.5922414588683146972070633      
   25527293523.3397916978685095839865983      
   25181309874.5332042138973751506073947      
   24830622593.8394949637580721368139768      
   24475188642.5804559793855620927231887      
   24114964797.4533549911284797937441823      
   23749907650.8995792433551348669510310      
   23379973592.2185460646893862459582857      
   23005118823.2764641389335692037587153      
   22625299354.6287491093091075175441017      
   22240471004.6599410350565367637529241      
   21850589401.5852866925717767986024438      
   21455609978.0241078618400549533115601      
   21055487982.8199399762600925947361157      
   20650178475.0564744274377915255778240      
   20239636318.3752421586256273398246172      
   19823816183.5323412972512135087384841      
   19402672557.1082233678256800990950093      
   18976159730.8880772665086860116409753      
   18544231804.0075726703769245767133417      
   18106842684.5886622115589914275417959      
   17663946094.6305963702326045659763447      
   17215495564.6975897569650909990478648      
   16761444438.8508704664084537166610990      
   16301745863.8068492574259416521855793      
   15836352798.5044010769410912725729094      
   15365218011.4579058732018011284858663      
   14888294080.1860042772624776824338124      
   14405533388.3587680315468891837430946      
   13916888144.8004530168778924409504221      
   13422310349.5398722232895752382721838      
   12921751823.4219574777248547512841141      
   12415164196.6034764415814303596106716      
   11902498908.4988069032022468057808728      
   11383707206.0704954564581557922466511      
   10858740149.8258518878849780548917241      
   10327548607.7258639709881807970920148      
   9790083258.26189805294449871988969272      
   9246294592.01271430373547889579668821      
   8696132911.25895186851654471796425742      
   8139548325.49140480951450548473155562      
   7576490757.38342304328104955925458989      
   7006909937.49714199720517164553270766      
   6430755409.45828809360306875508303468      
   5847976526.98598885656586773919673525      
