   45036804315.9083781717301385590105392      
   45036804315.9083781693454443700315532      
   45036804315.9083775761898263355950069      
   45036804315.9083461975919921765573912      
   45036804315.9077101543555827519751669      
   45036804315.9010428465440381926406141      
   45036804315.8574798187341993840196721      
   45036804315.6563746011058290612705367      
   45036804314.9411966869357911731064283      
   45036804312.8590869600346198419833765      
   45036804307.6752979599092356837505827      
   45036804296.2803722146267707572483015      
   45036804273.6336846965694957828833179      
   45036804232.2065511372855459168060889      
   45036804161.5029458015891056802917366      
   45036804047.7400679354706824432589267      
   45036803873.7508858137160089367290467      
   45036803619.2339131984488685312061037      
   45036803261.1899852263264434933292892      
   45036802774.6651044621561939952185333      
   45036802133.3081635655957003735289817      
   45036801310.3669050168703495926121547      
   45036800278.8271823343084673292507276      
   45036799011.2203492950014539324772124      
   45036797478.9378501839727027548984975      
   45036795650.6669846044987048720850752      
   45036793490.5706031554367480895126218      
   45036790955.2929677987250134047231759      
   45036787990.9957386520766692305130268      
   45036784529.7260122975864102263193190      
   45036780485.6511793991257626198164645      
   45036775751.8358546848295214049483349      
   45036770196.0776361694603448690116655      
   45036763657.4544427653600388309607134      
   45036755943.3080933802743714560806473      
   45036746825.8976543310446077512359890      
   45036736039.9723966125378353753688414      
   45036723279.6252546171154963477588962      
   45036708195.8900982091465183548563638      
   45036690394.4181051996779561388803732      
   45036669432.4653750709534041296119867      
   45036644815.9904595134034386106169479      
   45036615996.7704377909462531615651887      
   45036582368.3142763325446495566698707      
   45036543261.7135935800371820062439028      
   45036497940.5755564483127093285654623      
   45036445595.3433165109780938662297148      
   45036385336.5085857180886926554399339      
   45036316187.3012608954145644270268188      
   45036237074.6605996299744582174126877      
   45036146821.2029061216987796143210803      
   45036044134.9219166209132369954248902      
   45035927599.5845878797982838072536753      
   45035795664.8523711398547959719894147      
   45035646636.7993106110116593442907406      
   45035478669.6275279003635561181949809      
   45035289757.9046066550230277175853501      
   45035077730.3830001912684670127414216      
   45034840247.8725124030837960141091106      
   45034574796.8987731420020872250692136      
   45034278690.2605710760972833289331829      
   45033949070.1931904178191706226732294      
   45033582906.3426605474753893832945419      
   45033177000.1535931143491680307633926      
   45032727987.6310485940470537629539490      
   45032232342.8857105435957895678748386      
   45031686381.2159861833765451262088739      
   45031086262.1074832433859814478501589      
   45030427991.8178850721749289959782770      
   45029707425.2548289848741290243860244      
   45028920267.1148908150711355631614086      
   45028062072.3031771018239402455228043      
   45027128245.8960016379696317571220103      
   45026114042.0916318626956238603992617      
   45025014562.2935578625246028204856284      
   45023824753.1283988152762599556289414      
   45022539403.2685926035984727264157137      
   45021153140.0185829251755940986967125      
   45019660424.7463201412655950824191791      
   45018055544.0318875387833718138863548      
   45016332620.3538107544025000793958871      
   45014485582.2623346183662374882238459      
   45012508172.3873276801143039754931991      
   45010393936.9157537662414826682335892      
   45008136216.3740541885841744344129824      
   45005728136.8678021115244952639024401      
   45003162598.7434829654755411370594706      
   45000432266.3769288139028358636109716      
   44997529552.2164254791544845280854031      
   44994446601.8075911832294496864699778      
   44991175273.8628533009905663640296299      
   44987707114.6679240476307937323225261      
   44984033328.2971525315257350273264091      
   44980144734.0148464499850957489401755      
   44976031722.0094587544047147509248405      
   44971684203.3744693640300305729920487      
   44967091577.0498649486646024478815284      
   44962242738.8732108001724299827687705      
   44957126160.0723127803596721531358755      
   44951730039.0539345241432927117833337      
   44946042496.1464092009654067401404067      
   44940051786.5891245352793527672011346      
   44933746504.1734923620876467610363681      
   44927115767.2066007560657719550474541      
   44920149299.3789199044498140200499000      
   44912837573.2967798690075598236978314      
   44905171742.0797696508017659171522010      
   44897143568.5514830023024417416694829      
   44888745290.6698241074886446015657950      
   44879969465.3565853916855447662442050      
   44870808810.8727242617296085524821387      
   44861256068.1030503951508693464152773      
   44851303885.6823442854437182484836550      
   44840944746.9468133185755647535884656      
   44830170847.5422967846880401467390358      
   44818974150.6951992679084856100710326      
   44807346292.8390621519461826153086550      
   44795278589.6282889270083052640483117      
   44782762031.4939108044561934456377049      
   44769787285.4287841215568171623739213      
   44756344698.3797830385148931393513826      
   44742424304.6672269129540757803398877      
   44728015833.9322089706408535960785318      
   44713108718.4855725713766378816053504      
   44697692102.2634943859723590366070214      
   44681754846.5273824211110301178036124      
   44665285537.9838529781591134074945939      
   44648272494.7405721444559758576000506      
   44630703772.1967111733448209174223925      
   44612567167.9326447673454118304187662      
   44593850226.1535659067833657496830534      
   44574540259.7783586732053432888380769      
   44554624282.2250569573483974615308827      
   44534089120.0052320066464499201611933      
   44512921341.7088124809065892960190057      
   44491107278.4486311939384126659229891      
   44468633026.7901640255445697128215866      
   44445484450.6769102038127178894833545      
   44421647183.1324227319067314687495846      
   44397106627.9390684687382717642081657      
   44371847961.0137241357615525945896217      
   44345856131.7272676871158272453152212      
   44319115864.0415327731758788842146970      
   44291611657.6339232612331236109629896      
   44263327788.9151654765631476486220569      
   44234248311.7649110490811206563526190      
   44204357058.6541555845982353013064655      
   44173637640.9444815036443642929211095      
   44142073452.0945855008477770568979803      
   44109647661.2803912609845729491366616      
   44076343222.0969491650813846036497892      
   44042142871.2760479134492122239290753      
   44007029127.5031952424209649367601968      
   43970984289.2280390325846440394973229      
   43933990443.4241779122781616027873459      
   43896029458.7014333974607290092808341      
   43857082984.9860482016568539521276771      
   43817132468.0604690063708035869407885      
   43776159129.9124525491409642917500322      
   43734143981.4620303058703577882790010      
   43691067819.7866506257291895182749731      
   43646911228.2076009351679094626069637      
   43601654580.9514870261875535926746075      
   43555278035.9313488402932381711807819      
   43507761544.7418653392909313441800995      
   43459084842.7394251736768995839225933      
   43409227457.7987977256284957030060248      
   43358168706.3016270893631967217045932      
   43305887696.6228803779879418556754377      
   43252363324.6726141683094242349241791      
   43197574281.4561981054435149803662348      
   43141499042.4654688632752496097792543      
   43084115883.5864108901157260225139962      
   43025402866.0715548296511579607266571      
   42965337847.6363663825911377599934065      
   42903898477.1365559212755421959982575      
   42841062195.6895667477205735453016162      
   42776806239.6117281569926341690052425      
   42711107640.8471892635572961450423271      
   42643943220.0139690181232131708402084      
   42575289597.4543744742067797594708615      
   42505123188.3726445468185350286120532      
   42433420199.0913669699065343324964944      
   42360156633.2360896424625471984888632      
   42285308295.6454526860578521020969359      
   42208850778.3646354936506417120293855      
   42130759475.7010711270646983795225237      
   42051009577.4014126505600649496222503      
   41969576070.6486625240721798192598971      
   41886433741.3450234612026232062871240      
   41801557165.9560543587922095957177650      
   41714920726.7103229450535113887685940      
   41626498602.4525048949033201053968949      
   41536264765.4353930944315776380663165      
   41444192992.4800239765170384780558945      
   41350256856.2074138961490823607874463      
   41254429729.7062010459129839585675557      
   41156684784.1669781775893290280374642      
   41056994991.0844829903252709564618182      
   40955333121.1659250258646337414798875      
   40851671745.0638275537297824695273331      
   40745983234.8549120012310434011854738      
   40638239760.0156225799278471324300222      
   40528413293.4789052640460690727397239      
   40416475608.4495854113779256979313740      
   40302398277.7355468195179323913635007      
   40186152677.1374303079831943158914647      
   40067709982.8096183288058830016219206      
   39947041173.4341630123098286338470985      
   39824117025.8900835442228689203347571      
   39698908120.6657952516343339438689799      
   39571384842.1749815586220112280374094      
   39441517374.6549527967081324055676262      
   39309275706.5278540181790076499112521      
   39174629627.1860800541262387990838446      
   39037548730.4938363753984400660588352      
   38898002411.2023128941437846988983760      
   38755959867.9125584288676495236609914      
   38611390096.2437476653437991576487155      
   38464261908.7809505495212454102727161      
   38314543909.0602354220948379886473709      
   38162204509.0834398503914850834908628      
   38007211923.1516176357646891170251097      
   37849534170.2921085312988193218365117      
   37689139068.9150213888580947597728312      
   37525994250.6549821468711402407492198      
   37360067140.4616543764347217419541874      
   37191324974.4759874348147380294741772      
   37019734789.8372552174173191241781901      
   36845263431.7013967052903593739816946      
   36667877547.3122903386012490542848916      
   36487543583.0367231945617366941041413      
   36304227801.5134334425309288757979089      
   36117896262.8105146948501421889768515      
   35928514833.7724407296767967524874659      
   35736049185.1921664959588827591639601      
   35540464793.6708980760889921811052043      
   35341726946.5541639723267013317153609      
   35139800725.1727878541084024905622943      
   34934651014.3194212264727741807623982      
   34726242519.9131977660654950549028130      
   34514539745.3886557901153229552057290      
   34299506999.7149974162889840066358526      
   34081108397.9669095943388815782289763      
   33859307861.1274957849725357074024261      
   33634069116.1024785805510015501314837      
   33405355695.5607788427848579588964824      
   33173130938.8284605491980287085918531      
   32937357990.2313268946491014812377932      
   32697999802.6653371594222694719210022      
   32455019134.2018090460248307838274646      
   32208378548.6002961123440649417756984      
   31958040414.8753283608025427330206663      
   31703966912.9096584363361497029612681      
   31446120028.7921089369675097519809634      
   31184461554.6050928289463227736401354      
   30918953086.1022371146629236122866349      
   30649556025.7338401035872454120602123      
   30376231589.7051686637877795674597997      
   30098940797.4034894350327880602681481      
   29817644475.4494999067372695221961811      
   29532303255.7730953723818074508541883      
   29242877578.4175787603032938823432196      
   28949327691.4286657175152118288687112      
   28651613656.0688391857538751485835266      
   28349695335.4665079741870639689993707      
   28043532400.7027361621529641144289352      
   27733084330.8783765987749352069478298      
   27418310412.6792586804881926252026751      
   27099169739.9130744433257251205810540      
   26775621213.6106317228460768768352472      
   26447623543.6340811203051422649720271      
   26115135248.3462058241118016849687746      
   25778114658.1887751741696135672764879      
   25436519909.6658272251889083100355805      
   25090308946.0044038784965577743489044      
   24739439517.3727375716903302888820345      
   24383869186.9933590193970013099781508      
   24023555314.5526580781291131015311055      
   23658455084.3167838434380972599392551      
