   45036804315.9083781717305292193070515      
   45036804315.9083781717305292247441692      
   45036804315.9083781717304911462040064      
   45036804315.9083781710357293010816474      
   45036804315.9083779158903560748752164      
   45036804315.9083611199395790823724634      
   45036804315.9079678826444936738242570      
   45036804315.9034055642228455475669390      
   45036804315.8713193412752149360952028      
   45036804315.7148812373757743210066506      
   45036804315.1350339608266281820238099      
   45036804313.3919771483799730351722109      
   45036804308.9414040153733219796221747      
   45036804298.9582457095722353391633891      
   45036804278.7874046982853369360253376      
   45036804241.3816204675842437205328173      
   45036804176.8016360632927440836377611      
   45036804071.8673677497716240706211021      
   45036803909.9999629511049292887248304      
   45036803671.4349106830079923107910084      
   45036803333.6055389251947907144597604      
   45036802871.8530150709446821649028011      
   45036802260.0200637788310661761504546      
   45036801471.3751532820630257457405376      
   45036800478.9686029915222832625976548      
   45036799255.4404171310903758500157937      
   45036797772.4506246325475571520865178      
   45036795999.3580759291920837746713146      
   45036793901.2650909247872507461757528      
   45036791436.3842391004898605902492232      
   45036788552.9933398853123955565267606      
   45036785185.9172842359565389273640050      
   45036781252.7840549087094714711450293      
   45036776650.6835754013933846184721157      
   45036771252.1871513281652549926616272      
   45036764901.6966890116706664968609301      
   45036757412.4668920526353061016239122      
   45036748563.1974313080331780409799776      
   45036738095.5430521312459134161002597      
   45036725711.0125229222077844746111025      
   45036711068.4622743661021366046057513      
   45036693781.8657225851250053368123365      
   45036673417.2875171926305961376277464      
   45036649489.9946316808293670013582508      
   45036621461.7298867165104157276938119      
   45036588736.6536435836590172737444752      
   45036550657.3152701501796483247091860      
   45036506499.7257566177923219591644899      
   45036455467.8332728261884931302040292      
   45036396686.8916674718937170767915829      
   45036329196.0705698284286141743731626      
   45036251940.6225490350953325425203625      
   45036163761.9188484275843900349905016      
   45036063389.2288272390909313896978753      
   45035949429.1854094107343792088375293      
   45035820356.0012585492430564412430645      
   45035674502.0334561906113409565423956      
   45035510049.0528451019176109673440228      
   45035325020.5474900471532439055345912      
   45035117275.0255135526044361148653082      
   45034884503.7733521016989022104820321      
   45034624224.1503160601411864027188873      
   45034333780.8618187682682518155430141      
   45034010343.8755540698790756604916668      
   45033650915.8998231365116383963293292      
   45033252327.2880897739676690948126758      
   45032811243.2556304249114253602076916      
   45032324166.4828814690282703598557194      
   45031787440.3305939144208162937929424      
   45031197251.8249996891112076066419082      
   45030549634.3495091017285315601903013      
   45029840469.6652658091035553890508259      
   45029065489.0814739565292919594098953      
   45028220274.2839896346426759277418589      
   45027300257.0659248654441661995097190      
   45026300718.4627261507614143130316603      
   45025216787.3834999824124343137373497      
   45024043438.1061387064882562747596526      
   45022775487.7307298462032337226677359      
   45021407592.6152659587679588217628408      
   45019934243.9467175998594053819604509      
   45018349759.1765243110284644193913097      
   45016648292.3881478110507471656747191      
   45014823805.1441868427088729817485122      
   45012870074.5573801623902462030405197      
   45010780682.2685403227263253562900078      
   45008549005.7963387499198322968376289      
   45006168210.4712863114708500388004449      
   45003631237.9596460080739933837906899      
   45000930795.0438054038980751816894129      
   44998059340.3274096203525218722964863      
   44995009068.2327553692232921923737065      
   44991771890.0399692552928550600243670      
   44988339410.1088717162757713709447922      
   44984702895.7371312113298473391846618      
   44980853238.4362525134626897228663425      
   44976780907.8996531469136831778114425      
   44972475903.9145472229294570794978072      
   44967927717.7410975330305956494265973      
   44963125331.1915905665499785174083192      
   44958057281.8156494524678666329462278      
   44952711803.0859481318594217809973550      
   44947077013.9641306417850804994278480      
   44941141130.0970431625140384350529809      
   44934892671.2291508236475581452841590      
   44928320641.6869109515730423346697164      
   44921414679.3375577965944527510451957      
   44914165093.1134419626948537082094474      
   44906562929.0441972863476998295596801      
   44898599850.3302737712403588164998715      
   44890268021.2645136843432250815300237      
   44881559953.8818188712467163627105188      
   44872468348.4588985410828437875370941      
   44862985951.0556988946112760776151949      
   44853105433.8893424488572823215533815      
   44842819318.2303346642974202805700558      
   44832119844.5776617259207675238572015      
   44820999029.8219183513159800576646749      
   44809448566.3994983438284760205756344      
   44797459827.6422128676658194186256641      
   44785023861.9113816268304520867328578      
   44772131393.4791571447692055273949340      
   44758772825.9751579582527837930071075      
   44744938248.6838188525910692827217274      
   44730617444.9703721292948772594506188      
   44715799899.7538635680319512930765627      
   44700474807.0326680902711939837398784      
   44684631078.6001850773715994982456168      
   44668257349.2869875688655386808254131      
   44651341984.6559637278517305449267837      
   44633873086.4979254694294194352218485      
   44615838497.8849746468781324163564778      
   44597225807.8801883210428914221642982      
   44578022373.6613632731916560018408915      
   44558215251.4905228808820716845524534      
   44537791311.1169335194814043878872074      
   44516737163.7047831720562384042958068      
   44495039182.2395603662496099775555451      
   44472683504.9802833034426891309588484      
   44449656037.1159195702940429325075121      
   44425942452.7017280391949989085971293      
   44401528196.2120414604317779476255557      
   44376398484.0338564695913161977648660      
   44350538305.7511222851500227418899261      
   44323932425.4479499959216444497741451      
   44296565382.6014519542522592203248669      
   44268421493.3530977586778447557862504      
   44239484851.1254006091678623377193808      
   44209739327.7248532138244154472723328      
   44179168573.7861756568475937364056493      
   44147756020.3019132413790354822425981      
   44115484880.1039765578359482874257235      
   44082338141.6095845942828819105050425      
   44048298581.1386481198854663857747659      
   44013348755.8920201281414426009721212      
   43977471003.8444033494612025018930251      
   43940647450.1105883637247284436664511      
   43902860000.5430589161300701471908464      
   43864090344.6960190019580012778030158      
   43824319966.1371454120061022767194278      
   43783530124.7379272971774971518239200      
   43741701870.5790083767333650407015959      
   43698816036.4470367354221788429594645      
   43654853245.6479471757729120796552840      
   43609793909.1881075700467148059801769      
   43563618223.2846608101099223813132334      
   43516306176.1353649476685332226534180      
   43467837541.3472496834833223528851581      
   43418191885.2614889964228547518741699      
   43367348560.0982510215374755489834391      
   43315286712.7586497737804846181863551      
   43261985274.4391176196226206202748526      
   43207422974.3642320116804398127566643      
   43151578326.9167055253701384411222276      
   43094429642.9318201213519583644921302      
   43035955021.2665999566294678972968678      
   42976132356.4837310256925421669251029      
   42914939334.0252284113881915383140046      
   42852353431.9155132758729393984762432      
   42788351924.8341112393906987134529726      
   42722911878.7122786027448344659436695      
   42656010153.1307408430912623503836043      
   42587623402.9849692552984475088203162      
   42517728080.4726063398307565747593745      
   42446300429.7680372569694284933864755      
   42373316489.7330186423227587363211946      
   42298752099.9514002050674069007364339      
   42222582893.3231636711639266792085757      
   42144784296.0357709243243320388143309      
   42065331535.4355219799865992733225634      
   41984199634.8227432700047061247077650      
   41901363416.2885203347642780173509076      
   41816797492.1781510961040127113444518      
   41730476280.7147274432691235502330878      
   41642373996.7412884265453323868415541      
   41552464649.6283570498030173996467420      
   41460722048.2227474040944847764386772      
   41367119804.8938469179425319300864817      
   41271631326.9326775620557604003700774      
   41174229821.4319036771906285216609352      
   41074888295.4891463320924368161268301      
   40973579555.2262724516925174761752068      
   40870276207.8258862866820701488877002      
   40764950659.4482005545396120980811080      
   40657575116.7005892065004525496802977      
   40548121587.2234065092551404260382840      
   40436561879.4079364835565744554988176      
   40322867601.8239638787244368811045830      
   40207010165.4880502887728805103339278      
   40088960781.9681175811982354673167297      
   39968690465.4237495851380830575812456      
   39846170028.1801595058397905859933404      
   39721370085.8654953973187005097732611      
   39594261058.0368324711985159910747535      
   39464813164.9969314602052991033401712      
   39332996427.7712989242757427908544907      
   39198780673.6068004755247360068187843      
   39062135530.4671806987332202464718956      
   38923030428.1505816295396753181578019      
   38781434600.7219403924572626190518608      
   38637317078.7809550063614797493159895      
   38490646710.0380265175849621315057420      
   38341392132.5606461557392257616496893      
   38189521793.5659466422183407894877971      
   38035003942.4281581535606807101733333      
   37877806633.0443424249240763882132791      
   37717897719.3236238205632706093487523      
   37555244866.5674641060396157490801915      
   37389815535.5712422514538829155537343      
   37221576997.0226476568775976940380901      
   37050496323.0920230736815198348251687      
   36876540393.4062321378953126551102293      
   36699675890.0901657347418632029434923      
   36519869295.3299839011520568750261383      
   36337086904.9049582022925203939732778      
   36151294814.4054832671217305609423690      
   35962458925.2067274818083596678599929      
   35770544943.0720255918373419030375913      
   35575518379.1399593654586780343691912      
   35377344555.4607468998831854408778812      
   35175988582.3197489223716094708586090      
   34971415396.5920501200614046614698684      
   34763589720.9594511879593650432295013      
   34552476099.6766848797389906422898395      
   34338038876.1942408811425297104537417      
   34120242200.1615331844778667714304448      
   33899050027.1123239356249311632588525      
   33674426118.5108272813110145113614383      
   33446334041.6013528382792037071014400      
   33214737170.0903476546060017161707277      
   32979598683.0580752546697346734971718      
   32740881567.4893273584746112238118132      
   32498548616.0907869059466473369731720      
   32252562427.0718275756332800450794340      
   32002885404.7679772870108631059883891      
   31749479761.7874657962055224102052617      
   31492307519.2346052957250425274188695      
   31231330503.8321881384279968475485255      
   30966510346.8302460186690038491718455      
   30697808482.8986076941421499959101283      
   30425186163.6020090233467080865921466      
   30148604442.6437024858083987089358788      
   29868024180.9298587771077347212994836      
   29583406045.4647125451411546116558386      
   29294710510.2883052019486394425591388      
   29001897855.8346800207789251722096270      
   28704928179.2596202325214546951676981      
   28403761377.8648211049780961505471971      
   28098357156.9376590340691184604316831      
   27788675029.7356056951598715350446240      
   27474674317.3964418353803733801812892      
   27156314147.8100607196319198144746928      
   26833553456.1618277520802346484951048      
   26506350987.2252678651228635466626693      
   26174665292.1492543755104284481194257      
   25838454735.5818158027285482313009026      
   25497677488.6527513288747553330146533      
   25152291528.8830133632696299802543886      
   24802254641.2708126206125213035008373      
   24447524421.4007159643128224860449179      
