   45036798704.2390437974257174554902421      
   45036797110.9026508760921455479564357      
   45036795214.3379780680644372502565132      
   45036792977.3245981160065794507773818      
   45036790354.5182814163643316400580794      
   45036787289.3686253384037161158099041      
   45036783710.3764633439178618537578585      
   45036779527.4348359449961885934311379      
   45036774628.5003348571433827059035044      
   45036768875.4540898403746825352087692      
   45036762100.8486528017813040219062582      
   45036754104.5843646178091437340378914      
   45036744651.2647994166787245582114040      
   45036733466.9572548091119597832232898      
   45036720236.6304287459970671086046556      
   45036704601.9216767660592732244839546      
   45036686158.1525565063065127187530326      
   45036664451.8292750261870833958035919      
   45036638977.4898983210201992638312026      
   45036609174.6989526376259436103600045      
   45036574423.8859259440992251778906803      
   45036534042.0431926694531641147311033      
   45036487277.5067070245028572288006918      
   45036433304.1186602149905946733354045      
   45036371214.1237195531218704475874809      
   45036300010.8923344704784259908603279      
   45036218599.5091459874711616285612500      
   45036125778.7522876395069106530287333      
   45036020230.6620518868677943507711791      
   45035900510.9145488091690340353704304      
   45035765038.9822219509268116459180658      
   45035612088.8871503939230824057058979      
   45035439780.9929858720502001467272997      
   45035246074.6587142974381570845333356      
   45035028762.4432655963982880591969021      
   45034785468.0200100556071859878149385      
   45034513640.6306451571429110373425269      
   45034210555.5541341196441258316934246      
   45033873318.2738805822425701781860034      
   45033498861.7156280170106363140999368      
   45033083951.3576741046880185186828976      
   45032625188.0420920600684705876172417      
   45032119011.3453493050122477809794703      
   45031561702.7414200638531353910406401      
   45030949388.5132500678268881768235069      
   45030278042.1220871303604851310495121      
   45029543485.9669560671290312291835086      
   45028741392.4889011436393556454857362      
   45027867284.3464719528878753907865972      
   45026916534.1751333772275291749647596      
   45025884363.3607081046870689694826328      
   45024765840.2141418658005717113932546      
   45023555877.5143709190616014120390547      
   45022249229.5158492362091062381136438      
   45020840488.0014171543290814921469895      
   45019324078.1355006903674963633709114      
   45017694249.0159025523438628376275731      
   45015945084.3134411158279684285501597      
   45014070472.3461772413685389588615893      
   45012064113.9006133834708422270263478      
   45009919511.7073318148923817553971140      
   45007629961.0353956862452225865169218      
   45005188539.6528840577115742510065357      
   45002588098.8770361038796277914257503      
   44999821249.3969239363397041119127070      
   44996880347.9493441209518595633940898      
   44993757479.8434427289861452776974934      
   44990444438.8345091411191931172166442      
   44986932700.5144426778731809429265599      
   44983213389.1896772427750147637646191      
   44979277236.2600474729518831387873646      
   44975114532.0957124423442313357232555      
   44970715079.8363420548098604285719702      
   44966068166.5538662930675807956426546      
   44961162587.3836447656430004295626830      
   44955986739.7026682309940005085170812      
   44950528788.1034950012908843472790129      
   44944776863.4339951714909130966280163      
   44938719277.7103383314302815879055189      
   44932344721.7573571720690322605141014      
   44925642442.9636089431746794522472386      
   44918602315.6433248083337598606055847      
   44911214965.8957335669425955372343696      
   44903471687.4974153247030157371925803      
   44895364358.1554987258603946200607398      
   44886885298.2752076144383585365510936      
   44878027112.3064774071026952049626576      
   44868782534.4939983772300616150664254      
   44859144294.5360511982762320410206995      
   44849105008.8952282962283826641245364      
   44838657112.3463503175052902061953939      
   44827792744.4113638296552541029404313      
   44816503802.3564611873479705705311777      
   44804781854.2377728529090895998974849      
   44792618145.7296340866115122266345241      
   44780003597.1559883577909533325381569      
   44766928806.3544892599930870582168928      
   44753384051.9234043363799342766110026      
   44739359301.9358462712353931414530127      
   44724844221.3221801444043483604080018      
   44709828179.3868389320766972051503725      
   44694300258.6530345564513703072006807      
   44678249260.5934326478819694600626512      
   44661663713.5127920438545387158632863      
   44644531878.3940199417298266390803298      
   44626841754.5473853663006985871836391      
   44608581084.6530442991866574137757609      
   44589737358.9679857762586380978257957      
   44570297836.6573165747690415218702493      
   44550249479.6535459353774172471977507      
   44529579062.0116254811510894136698057      
   44508273101.1374579508365796728450738      
   44486317877.3349204196526258842722826      
   44463699436.8351247360850179319465162      
   44440403593.6401856326720711265924959      
   44416415931.2598536476398061260085475      
   44391721804.1889947075972101639394002      
   44366306339.4228089070356521128297623      
   44340154437.6229189474972180725906600      
   44313250774.3202661248253534490879195      
   44285579800.9851134003521216712264036      
   44257125745.9153449096899075100219172      
   44227872615.1833659282235241301441337      
   44197804193.5672331964994846847503449      
   44166904045.1796662278677271088985412      
   44135155515.5379579912425559733441706      
   44102541726.9330516213718236471340750      
   44069045586.7601336996168878551953103      
   44034649783.6862008488130835415560407      
   43999336788.3692473500131155063997953      
   43963088856.4421058587129037947075979      
   43925888024.1759613913087291177418631      
   43887716116.3805685043446194593708671      
   43848554735.6560720233131239388415672      
   43808385281.2964086844933579777341558      
   43767188930.0562248571826300198221075      
   43724946645.7106351578482616885439667      
   43681639180.1728006305802723960587663      
   43637247070.7105273590353536486823116      
   43591750646.1735329239791399828510467      
   43545130017.6057213389406437199117047      
   43497365091.8219338138159537005962883      
   43448435559.8759773062395462138698723      
   43398320903.2114170141682457927131021      
   43347000392.6165448139892830527877692      
   43294453090.6208680835718126407903773      
   43240657850.9369002086221280246690284      
   43185593314.6548905121351034385802297      
   43129237918.1976650951238493245354591      
   43071569888.7378356656691466384887842      
   43012567243.6827555859265616596592365      
   42952207795.9583430883807022841496489      
   42890469149.1368295944270623059583327      
   42827328702.2201331773061510168218982      
   42762763645.1469234328245286913754413      
   42696750963.8795670416903822908252931      
   42629267439.3718222844529348440833322      
   42560289643.9199077833864110055343524      
   42489793948.9325687119794834844513487      
   42417756518.2498848561726146674378921      
   42344153309.9106028073044507552693921      
   42268960085.2395728147038714215535204      
   42192152393.0056866540368675072751015      
   42113705582.8769199016742956762891691      
   42033594801.1934793037387126266474531      
   41951794991.3351654107773330938958987      
   41868280895.3867050522835570407644612      
   41783027046.4262788927739236017824621      
   41696007784.5749578726507205378407399      
   41607197240.6297338844861785809800342      
   41516569347.6060593388108550466069461      
   41424097838.3458386171885051901643470      
   41329756240.9688590059961252243739759      
   41233517886.0715532834981626107994963      
   41135355901.3467893861468726416765182      
   41035243215.1498781348679249816747824      
   40933152554.7913834894264231744395425      
   40829056448.2580178051079206558251692      
   40722927223.7603955052671647118158313      
   40614737008.5462612579682561142640012      
   40504457733.1441076210774044685388166      
   40392061126.4871139576461103814014911      
   40277518718.9725569937198928911996896      
   40160801843.7729192653474624031471375      
   40041881634.1725814291278963652459379      
   39920729025.6863594943606606930231299      
   39797314752.7558457735993962996210439      
   39671609352.9049605433665309312290306      
   39543583168.0939493521225690132124918      
   39413206340.0938840103580979221828136      
   39280448814.6826326389397397361184034      
   39145280338.3802358036120163687187681      
   39007670462.7798187024538114436437533      
   38867588540.2665364938583058228491617      
   38725003726.4142300729742889072429330      
   38579884974.8850277856190278028457315      
   38432201054.7194390294154562388994273      
   38281920528.6791456724782752743315500      
   38129011765.7503431632234693242827611      
   37973442938.7007983644190907858558890      
   37815182021.6612966778412470099737116      
   37654196793.2366014761252426765370151      
   37490454841.5662748212685115824454332      
   37323923550.2148278324060597010950618      
   37154570114.4754487153249273847467859      
   36982361523.9830362315412838555269993      
   36807264587.2811637494247690376161882      
   36629245907.6600724285197276580306260      
   36448271887.9723896878287323676462088      
   36264308750.9410197355647092986522631      
   36077322513.6500068043637943656913644      
   35887279000.8127750757519771319874678      
   35694143841.2240620659256029523471381      
   35497882475.1358556398379010904958325      
   35298460130.9741775432870005128692820      
   35095841864.6000076479694438063605778      
   34889992514.1931965401658947353789981      
   34680876743.2301321220651836997697931      
   34468459013.1375624276551970512702270      
   34252703591.1131436817480088925197412      
   34033574550.3673505387614424373880938      
   33811035770.0467881395321867905022274      
   33585050935.2083039856402024793642721      
   33355583536.6640977507164674458011437      
   33122596871.8528652951226879664233088      
   32886054043.7786427696069281314000381      
   32645917963.3042690767276224030900570      
   32402151346.8133354148674466846236196      
   32154716716.0910072205025719591396014      
   31903576398.1321601222763352913012579      
   31648692532.4813294953285450905327948      
   31390027063.0549922645336391061093432      
   31127541739.9323477353035859156064999      
   30861198115.9497829470602269098371313      
   30590957554.5455557937843236569690008      
   30316781229.1064205087214970013237040      
   30038630117.4519707792523884301366660      
   29756465004.7226166745424675845350059      
   29470246480.0444222868293955673142055      
   29179934943.2445950839929545525537151      
   28885490602.0971199870732919670931208      
   28586873474.8364310220185471179050243      
   28284043383.1977184799080958587421876      
   27976959956.8381719340972528621759166      
   27665582633.5093008885269385885402399      
   27349870658.1379777232116043825893791      
   27029783082.8558203741806510434922457      
   26705278768.3369950114213716473072894      
   26376316381.8994637968165136243076654      
   26042854401.4858212252718261642401983      
   25704851116.5500308318717783486019248      
   25362264621.6394286438664099656625525      
   25015052818.4881533091112299693510838      
   24663173419.2130278103135753405971714      
   24306583935.4632982926357510374660332      
   23945241695.9686176510736479367773988      
   23579103841.2050471637985377579468494      
   23208127313.8227766556183342293968888      
   22832268866.4106674929800947623215234      
   22451485060.7943691142239821105239889      
   22065732268.6200150902991066116614397      
   21674966668.9201823866752695202120485      
   21279144247.0676228054882947105763428      
   20878220803.2209674375143795296066172      
   20472151942.7521284845287163250019960      
   20060893080.9665604290741152479090474      
   19644399443.7688975418703344663154067      
   19222626063.8170385881346681574102916      
   18795527786.4847510144369143500018554      
   18363059261.3605994875832968929440130      
   17925174949.2868494885745778726336215      
   17481829121.1943427675166130619081913      
   17032975859.6891359009276820599201130      
   16578569053.2006517986732652607799827      
   16118562401.4268607408347049170465094      
   15652909408.7923962998670938197601044      
   15181563403.2398282987687103948539388      
   14704477508.1033246339588982696001736      
   14221604660.2186609895477509878330707      
   13732897608.3267670190807160766388696      
