   361.30407765374838        602.30457388493505     
   361.30407765374838        602.30457388493505     
   361.30407765374838        602.30457388493505     
   361.30407765374838        602.30457388493505     
   361.30407765374520        602.30457388493505     
   361.30407765336935        602.30457388493528     
   361.30407764183678        602.30457388494324     
   361.30407749171002        602.30457388503987     
   361.30407639657500        602.30457388570301     
   361.30407108516664        602.30457388865000     
   361.30405195224699        602.30457389766252     
   361.30399679618068        602.30457391600976     
   361.30386276578997        602.30457393211861     
   361.30357782826059        602.30457388036166     
   361.30303326023238        602.30457356220904     
   361.30207832125296        602.30457252178098     
   361.30051783341150        602.30456986630941     
   361.29811267109545        602.30456403818346     
   361.29458284601088        602.30455252340244     
   361.28961255811754        602.30453146471007     
   361.28285640565872        602.30449513537883     
   361.27394608476942        602.30443519761241     
   361.26249704243043        602.30433973598610     
   361.24811451011072        602.30419202293490     
   361.23039886318855        602.30396910397008     
   361.20895017774751        602.30364029725160     
   361.18337214561660        602.30316577810322     
   361.15327538650018        602.30249539363763     
   361.11828044961277        602.30156791020511     
   361.07802062110477        602.30031078642639     
   361.03214469839918        602.29864060019474     
   360.98031967236591        602.29646409145562     
   360.92223339175513        602.29367984793737     
   360.85759724001736        602.29018050217417     
   360.78614859178123        602.28585535727905     
   360.70765303175699        602.28059326269965     
   360.62190630117976        602.27428562735031     
   360.52873576636989        602.26682940182332     
   360.42800143178454        602.25812990363681     
   360.31959644582992        602.24810338797863     
   360.20344710784400        602.23667927070892     
   360.07951229199710        602.22380195051176     
   359.94778240820949        602.20943219602123     
   359.80827794201713        602.19354808391267     
   359.66104755810636        602.17614551144618     
   359.50616589866138        602.15723828633384     
   359.34373111300192        602.13685784680263     
   359.17386221719863        602.11505264918219     
   358.99669624234014        602.09188726896468     
   358.81238540776411        602.06744127468585     
   358.62109419377367        602.04180790732642     
   358.42299645064492        602.01509262702609     
   358.21827258580925        601.98741157024097     
   358.00710680162746        601.95888993570679     
   357.78968446020787        601.92966037213489     
   357.56618957701414        601.89986135051458     
   357.33680243263404        601.86963558281400     
   357.10169734090016        601.83912848528360     
   356.86104053865034        601.80848670838998     
   356.61498824483527        601.77785674247343     
   356.36368481927786        601.74738360546496     
   356.10726107413302        601.71720961926997     
   355.84583268540388        601.68747327207598     
   355.57949873585716        601.65830816773382     
   355.30834032056396        601.62984206010685     
   355.03241929082662        601.60219596682259     
   354.75177696564640        601.57548336939647     
   354.46643305384970        601.54980943766748     
   354.17638447794661        601.52527038264498     
   353.88160433640257        601.50195281621166     
   353.58204084690675        601.47993317385874     
   353.27761629608489        601.45927717625148     
   352.96822599207911        601.44003932361159     
   352.65373684377283        601.42226245433596     
   352.33398782672572        601.40597714214391     
   352.00878666275372        601.39120145900449     
   351.67791008681240        601.37794039324615     
   351.34110234797862        601.36618543722818     
   350.99807395495247        601.35591416089869     
   350.64850035998495        601.34708974150931     
   350.29202057012037        601.33966047972535     
   349.92823559909982        601.33355936917121     
   349.55670693501537        601.32870348175697     
   349.17695488763536        601.32499347346868     
   348.78845671667511        601.32231298957220     
   348.39064463067677        601.32052804100385     
   347.98290388388040        601.31948633451168     
   347.56457029644650        601.31901653843090     
   347.13492807061721        601.31892751517057     
   346.69320705862089        601.31900749394981     
   346.23858010009326        601.31902316582227     
   345.77016003527808        601.31871875931586     
   345.28699640584495        601.31781489661626     
   344.78807234851922        601.31600757537103     
   344.27230051623053        601.31296696341280     
   343.73851974038416        601.30833607348848     
   343.18549058262602        601.30172933561175     
   342.61189100098642        601.29273120616654     
   342.01631188437329        601.28089455730276     
   341.39725209794398        601.26573895374111     
   340.75311340210010        601.24674888798688     
   340.08219532724792        601.22337194404474     
   339.38268952381657        601.19501665705786     
   338.65267447707367        601.16105059638210     
   337.89010969641436        601.12079806290592     
   337.09283065755852        601.07353801010402     
   336.25854296668842        601.01850165273970     
   335.38481787697458        600.95487027867352     
   334.46908798672121        600.88177307654394     
   333.50864356608821        600.79828505873672     
   332.50062410314519        600.70342407988892     
   331.44204265014690        600.59615338084416     
   330.32975110004281        600.47537475895967     
   329.16046703556566        600.33993149024320     
   327.93077494185121        600.18860775610028     
   326.63713684653737        600.02012964246705     
   325.27590633409699        599.83316734216965     
   323.84334763658063        599.62633897796206     
   322.33565714073444        599.39821360104474     
   320.74899372346732        599.14732020092595     
   319.07950865166481        598.87215372277080     
   317.32338121820470        598.57118476884386     
   315.47685561049229        598.24287010214118     
   313.53627813219907        597.88566408235977     
   311.49813302603235        597.49803044073849     
   309.35907343951874        597.07845404502768     
   307.11594612416184        596.62545184029329     
   304.76580803625029        596.13758243891255     
   302.30593227714598        595.61345387050983     
   299.73380450122698        595.05172915770584     
   297.04710908859909        594.45112963816189     
   294.24371956709450        593.81043920918216     
   291.32161571554292        593.12849049237161     
   288.27895170325843        592.40418780884715     
   285.11397769382108        591.63649411509039     
   281.82497478129085        590.82442000329536     
   278.41032715903066        589.96704770514111     
   274.86848605280085        589.06352727351441     
   271.19800226179660        588.11309003015697     
   267.39757228110585        587.11506531979239     
   263.46610788614998        586.06890281074936     
   259.40283163074048        584.97420083630050     
   255.20739833509043        583.83074061160983     
   250.88004221883426        582.63852551912555     
   246.42174686763315        581.39782441197065     
   241.83443226088016        580.10921650877788     
   237.12115027499266        578.77363510746079     
   232.28627607537402        577.39240562751479     
   227.33567988090408        575.96727303634236     
   222.27686159375452        574.50041300044290     
   217.11903099148515        572.99442135112611     
   211.87311898192578        571.45227784254007     
   206.55170952231501        569.87728315013464     
   201.16889180094157        568.27297109551614     
   195.74003893870602        566.64300251658790     
   190.28152734500637        564.99105021281707     
   184.81041677659286        563.32068612010096     
   179.34411239246063        561.63528144220254     
   173.90002850392722        559.93792806597912     
   168.49527035712023        558.23138581749242     
   163.14634432438683        556.51805646603714     
   157.86890310639387        554.79998156171803     
   152.67752842662210        553.07885929471888     
   147.58552962672385        551.35606681194736     
   142.60489915680100        549.63272885604363     
   137.74606155639793        547.90970765049485     
   133.01791612122645        546.18767517400738     
   128.42778539461577        544.46713836187485     
   123.98142792850707        542.74846841187104     
   119.68308488154415        541.03192517131936     
   115.53555692998778        539.31767696678480     
   111.54030544515332        537.60581660046739     
   107.69757234066321        535.89637431456845     
   104.00651219766128        534.18932850613612     
   100.46533057290924        532.48461476266857     
   97.071423174860300        530.78213369950231     
   93.821510995743566        529.08175760569111     
   90.711769720604167        527.38333783242604     
   87.737946375064453        525.68670867501328     
   84.895467700889981        523.99169359936616     
   82.179534856619711        522.29810948568695     
   79.585206117999348        520.60577064468418     
   77.107467736450317        518.91449231697686     
   74.741293547713468        517.22409376990652     
   72.481694008615975        515.53440050483812     
   70.323756229643763        513.84524667113055     
   68.262675610806809        512.15647660176694     
   66.293780281795932        510.46794612109181     
   64.412549456157421        508.77952344481554     
   62.614626486291883        507.09108995147182     
   60.895827576476727        505.40254054306939     
   59.252146891992560        503.71378386886306     
   57.679758696974346        502.02474236294694     
   56.175017161334324        500.33535213709865     
   54.734454220843432        498.64556275704990     
   53.354776035923415        496.95533688728983     
   52.032851578883900        495.26464179841059     
   50.765734909428929        493.57348214507442     
   49.550616058803676        491.88184852013563     
   48.384844204979778        490.18975156927326     
   47.265913366456331        488.49721272158035     
   46.191455558718104        486.80426352697560     
   45.159234050304299        485.11094516858037     
   44.167136595324962        483.41730784535696     
   43.213168868022244        481.72341023449394     
   42.295448051356985        480.02931891591817     
   41.412196769133516        478.33510789680963     
   40.561737018128547        476.64085809486056     
   39.742484576269504        474.94665679362544     
   38.952943530627266        473.25259717938798     
   38.191701164184103        471.55877784986626     
   37.457423037472012        469.86530237681620     
   36.748848381834506        468.17227886013586     
   36.064785729251717        466.47981951294008     
   35.404108764910653        464.78804026165966     
   34.765752481176165        463.09706029719655     
   34.148709466522696        461.40700178518097     
   33.552026522135016        459.71798949596331     
   32.974801392560138        458.03015041879746     
   32.416179767945877        456.34361351574438     
   31.875352391402060        454.65850931922881     
   31.351552353009144        452.97496947355040     
   30.844052719672849        451.29312688428797     
   30.352164090138526        449.61311512320788     
   29.875232418771528        447.93506828664687     
   29.412636934895488        446.25912069328916     
   28.963788230322209        444.58540672767265     
   28.528126462570803        442.91406054261370     
   28.105119578683119        441.24521583119986     
   27.694261785317597        439.57900565336530     
   27.295072081873375        437.91556238392428     
   26.907092773972376        436.25501713348308     
   26.529888252086923        434.59750023790735     
   26.163043637222376        432.94314019685277     
   25.806163921789778        431.29206513679412     
   25.458872435645471        429.64440043005300     
   25.120810151540628        428.00027006147849     
   24.791634654153391        426.35979642445085     
   24.471019234012466        424.72309985137315     
   24.158651997564242        423.09029833039790     
   23.854235163757227        421.46150801538761     
   23.557484261905710        419.83684272059548     
   23.268127441050225        418.21641390900481     
   22.985904809970471        416.60033061261538     
   22.710567798707178        414.98869920586185     
   22.441878633393539        413.38162384730663     
   22.179609798176521        411.77920642406121     
   21.923543298427937        410.18154493331866     
   21.673470491884355        408.58873576252216     
   21.429191447101552        407.00087234441156     
   21.190514534583713        405.41804530583914     
   20.957256023478894        403.84034247879003     
   20.729239697573774        402.26784889990506     
   20.506296490673257        400.70064679068952     
   20.288264140079978        399.13881553727572     
   20.074986873144770        397.58243171923289     
   19.866315065017304        396.03156900828429     
   19.662104994169201        394.48629832174208     
   19.462218536969743        392.94668771526688     
   19.266522915959481        391.41280242515381     
   19.074890453054277        389.88470488382876     
   18.887198336170165        388.36245473573416     
   18.703328397530377        386.84610884601005     
   18.523166905111509        385.33572133807382     
   18.346604363756992        383.83134360703241     
   18.173535327079044        382.33302437003675     
   18.003858216218916        380.84080965070882     
   17.837475152339877        379.35474284008853     
   17.674291806991867        377.87486481022563     
   17.514217233007095        376.40121383777034     
   17.357163719315345        374.93382564190864     
   17.203046661973495        373.47273348289355     
   17.051784429847132        372.01796818582039     
   16.903298239240851        370.56955818314702     
   16.757512033787346        369.12752953617240     
   16.614352380779621        367.69190606850663     
   16.473748350338663        366.26270929067914     
   16.335631420736433        364.83995852002988     
   16.199935379756766        363.42367091252652     
   16.066596229121838        362.01386149016832     
   15.935552092561538        360.61054319099304     
   15.806743157694937        359.21372708726551     
   15.680111561822105        357.82342218964516     
   15.555601328757028        356.43963560250796     
   15.433158294567521        355.06237257029034     
   15.312730040655273        353.69163654835728     
   15.194265827325930        352.32742925522462     
   15.077716517819869        350.96975063066424     
   14.963034512817524        349.61859880911356     
   14.850173751656909        348.27397080284351     
   14.739089576961614        346.93586169448463     
   14.629738721352313        345.60426513991126     
   14.522079251276923        344.27917335222207     
   14.416070520684681        342.96057718590151     
   14.311673119632287        341.64846611723601     
   14.208848816615170        340.34282816489861     
   14.107560541809557        339.04365022002173     
   14.007772340257310        337.75091800828403     
   13.909449318832722        336.46461601458930     
   13.812557620195326        335.18472765902533     
