   49.902185079936899        66.545301102018897     
   49.902185079936899        66.545301102018897     
   49.902185079936899        66.545301102018897     
   49.902185079936899        66.545301102018897     
   49.902185079936459        66.545301102018669     
   49.902185079884553        66.545301101992735     
   49.902185078291708        66.545301101196856     
   49.902185057556672        66.545301090836020     
   49.902184906300064        66.545301015253514     
   49.902184172705013        66.545300648659506     
   49.902181530126207        66.545299327992481     
   49.902173912143461        66.545295520268141     
   49.902155400286617        66.545286265452177     
   49.902116045609461        66.545266584539334     
   49.902040831582724        66.545228955554819     
   49.901908938407743        66.545162937116643     
   49.901693408720959        66.545054988888239     
   49.901361215227915        66.544888489648230     
   49.900873686762928        66.544643930169286     
   49.900187205808272        66.544299235211568     
   49.899254065946536        66.543830155784320     
   49.898023396603442        66.543210680029929     
   49.896442080732740        66.542413424779525     
   49.894455585921257        66.541409964896403     
   49.892008700748654        66.540171102197448     
   49.889046157947092        66.538667071078095     
   49.885513165761843        66.536867703179709     
   49.881355852034126        66.534742563329132     
   49.876521660584068        66.532261090613474     
   49.870959715274147        66.529392758925056     
   49.864621173488850        66.526107277128716     
   49.857459560538018        66.522374822552834     
   49.849431095138833        66.518166315481523     
   49.840495010140451        66.513453728440126     
   49.830613836466348        66.508210409380482     
   49.819753648106904        66.502411406105821     
   49.807884263031923        66.496033782122893     
   49.794979372752010        66.489056899361444     
   49.781016602205625        66.481462659660579     
   49.765977493288190        66.473235695215251     
   49.749847413262060        66.464363501668274     
   49.732615375187919        66.454836503034542     
   49.714273786986404        66.444648053715952     
   49.694818135059066        66.433794378106882     
   49.674246598140066        66.422274447057816     
   49.652559612050517        66.410089798795497     
   49.629759388814172        66.397244309655420     
   49.605849398107615        66.383743919953901     
   49.580833825947394        66.369596323416815     
   49.554717009856112        66.354810623210199     
   49.527502868105067        66.339396965281267     
   49.499194292196279        66.323366140377502     
   49.469792680309951        66.306729223892944     
   49.439297219264461        66.289497111868926     
   49.407704423711010        66.271680142984280     
   49.375007572984707        66.253287676819696     
   49.341196187950068        66.234327683447816     
   49.306255526271052        66.214806337454533     
   49.270166095688161        66.194727618241231     
   49.232903195875622        66.174092923065984     
   49.194436468501351        66.152900683762624     
   49.154729479240117        66.131146000100685     
   49.113739308805201        66.108820279293965     
   49.071416169438315        66.085910889999695     
   49.027703033417843        66.062400827579069     
   48.982535274426041        66.038268383101595     
   48.935840323935977        66.013486831022703     
   48.887537342919309        65.988024124132096     
   48.837536888270506        65.961842590212910     
   48.785740596340865        65.934898642029054     
   48.732040869629778        65.907142491297790     
   48.676320546222598        65.878517865342587     
   48.618452597802602        65.848961727084401     
   48.558299803953496        65.818404000525064     
   48.495714417633771        65.786767288328605     
   48.430537827040318        65.753966591442534     
   48.362600213704255        65.719909029395765     
   48.291720178054362        65.684493543810973     
   48.217704360971020        65.647610602896592     
   48.140347033820532        65.609141889860908     
   48.059429682421523        65.568959988299028     
   47.974720540197950        65.526928038110157     
   47.885974119987743        65.482899388982389     
   47.792930646031721        65.436717207562211     
   47.695314999325447        65.388213822563841     
   47.592838188730859        65.337211339674838     
   47.485193683078741        65.283519676828845     
   47.372058612126622        65.226937021385993     
   47.253092517278347        65.167249052903131     
   47.127936508197934        65.104228361070085     
   46.996212268757390        65.037633767440298     
   46.857521029325930        64.967209620111504     
   46.711442351789486        64.892684970286922     
   46.557532792615746        64.813772669203246     
   46.395324368076444        64.730168338023176     
   46.224322824260163        64.641549212663151     
   46.044005606118944        64.547572807084975     
   45.853819540446352        64.447875385397722     
   45.653178143388907        64.342070215620836     
   45.441458398339819        64.229745494224559     
   45.217997123243670        64.110462030657828     
   44.982086421271902        63.983750378004629     
   44.732968570977889        63.849107646049909     
   44.469829801082739        63.705993661116686     
   44.191792866760885        63.553826434696951     
   43.897908271767875        63.391976882584629     
   43.587143680793417        63.219762517349970     
   43.258371424941508        63.036440104250225     
   42.910353306002072        62.841196857039293     
   42.541722475967966        62.633140079410161     
   42.150961594979314        62.411284860996773     
   41.736376640831899        62.174539563044803     
   41.296065529385260        61.921688702920207     
   40.827880564731146        61.651372836654161     
   40.329384474377832        61.362065476927853     
   39.797800503741378        61.052047524478958     
   39.229960218515174        60.719381509769995     
   38.622260829239607        60.361892525435891     
   37.970659611780206        59.977171434121068     
   37.270757618760953        59.562628743011039     
   36.518137616033840        59.115691629861296     
   35.709061754624123        58.634196025927800     
   34.841735942322252        58.117087993787990     
   33.917618778878762        57.565139075097562     
   32.941573481261820        56.981026047369809     
   31.920557145483059        56.368643622135103     
   30.862695362011145        55.732664443941125     
   29.777955752225434        55.078954434868869     
   28.678808692892488        54.414902999630804     
   27.579511239082702        53.748934508207597     
   26.494377123757644        53.089452803088157     
   25.436026034062920        52.443808178532620     
   24.414265487746849        51.817660379428460     
   23.435764817273288        51.214816474912482     
   22.504274261859017        50.637382766482411     
   21.621199044502301        50.086116481837898     
   20.786228446286820        49.560798557273529     
   19.997911143062762        49.060568254089695     
   19.254112150507602        48.584185137814622     
   18.552343323711590        48.130216401923327     
   17.889983592640046        47.697160215178791     
   17.264427395853897        47.283529658493528     
   16.673151118027146        46.887887694187384     
   16.113767788359631        46.508878961398658     
   15.584043950850203        46.145238884952214     
   15.081905694476216        45.795797175569078     
   14.605436680661798        45.459476825954695     
   14.152871811048653        45.135290543310013     
   13.722588534356778        44.822335707666127     
   13.313097096139112        44.519788572870553     
   12.923030372777554        44.226898108561208     
   12.551133758873641        43.942979784689072     
   12.196255387856979        43.667409501729587     
   11.857336856948123        43.399617804890489     
   11.533404572482578        43.139084478215899     
   11.223561776279658        42.885333574281454     
   10.926981265758032        42.637928900346211     
   10.642898811361581        42.396469964968716     
   10.370607229842907        42.160588361413907     
   10.109451072123834        41.929944562971450     
   9.8588218774876850        41.704225089509102     
   9.6181539377851504        41.483140011177689     
   9.3869205073147430        41.266420743014983     
   9.1646304176347737        41.053818097762111     
   8.9508250799456324        40.845100578405507     
   8.7450757618545580        40.640052852296783     
   8.5469811561685969        40.438474399879780     
   8.3561651976493909        40.240178308955159     
   8.1722750878715082        40.044990195975728     
   7.9949795148769267        39.852747239509696     
   7.8239670343855003        39.663297306192277     
   7.6589446054415165        39.476498163873444     
   7.4996362517248283        39.292216764180438     
   7.3457818467730087        39.110328593357302     
   7.1971359988017145        38.930717077128271     
   7.0534670343334804        38.753273037884128     
   6.9145560628770824        38.577894194817780     
   6.7801961253468965        38.404484709809118     
   6.6501913892305398        38.232954751943545     
   6.5243558403244606        38.063219230212511     
   6.4025150635020012        37.895201036143462     
   6.2845018913229156        37.728825279798180     
   6.1701583249341212        37.564022558265350     
   6.0593343883273825        37.400727816966608     
   5.9518876771926275        37.238880099926227     
   5.8476828196919453        37.078422218407283     
   5.7465911594561652        36.919300622146757     
   5.6484902586469889        36.761465076326459     
   5.5532636081891678        36.604868533101708     
   5.4608002596126139        36.449466913940896     
   5.3709944934829537        36.295218911818630     
   5.2837455590302058        36.142085863811957     
   5.1989573651852101        35.990031556251473     
   5.1165382483725228        35.839022105047128     
   5.0364007075480828        35.689025791201054     
   4.9584612015678751        35.540012955819201     
   4.8826399167990067        35.391955852217073     
   4.8088605822245256        35.244828545192220     
   4.7370502829855834        35.098606802736853     
   4.6671392822944542        34.953267986130676     
   4.5990608480485182        34.808790944121732     
   4.5327511202202260        34.665155945748850     
   4.4681489493770696        34.522344572235859     
   4.4051957609937409        34.380339640110115     
   4.3438354335207405        34.239125127093324     
   4.2840141772967302        34.098686100853833     
   4.2256804147994469        33.959008648150466     
   4.1687846721384441        33.820079795306384     
   4.1132794846933951        33.681887467535397     
   4.0591193000977466        33.544420428061457     
   4.0062603787232769        33.407668205977345     
   3.9546607199348709        33.271621065416340     
   3.9042799716069436        33.136269942016391     
   3.8550793596759165        33.001606403564310     
   3.8070216110813071        32.867622600234654     
   3.7600708894013737        32.734311231537895     
   3.7141927276661137        32.601665500670549     
   3.6693539642908739        32.469679077066445     
   3.6255226896034696        32.338346067892807     
   3.5826681848778352        32.207660977783235     
   3.5407608767149092        32.077618687725611     
   3.4997722761885637        31.948214408565612     
   3.4596749465506362        31.819443678955576     
   3.4204424427217837        31.691302312580998     
   3.3820492795250781        31.563786396234057     
   3.3444708864638475        31.436892255398217     
   3.3076835682533146        31.310616433382954     
   3.2716644690268688        31.184955672171963     
   3.2363915408616828        31.059906903257726     
   3.2018435059980459        30.935467217301809     
   3.1679998236697999        30.811633850345430     
   3.1348406634740082        30.688404168946953     
   3.1023468766877218        30.565775661079037     
   3.0704999678254561        30.443745921162250     
   3.0392820651161307        30.322312626260874     
   3.0086758971712211        30.201473523381189     
   2.9786647885591178        30.081226501100513     
   2.9492325931602301        29.961569412938083     
   2.9203637127009152        29.842500212413015     
   2.8920430585348540        29.724016885804275     
   2.8642560365473293        29.606117459586908     
   2.8369885236818315        29.488799977698356     
   2.8102268516404276        29.372062501313685     
   2.7839577955885773        29.255903122141547     
   2.7581685502713804        29.140319933324896     
   2.7328467157368270        29.025311029150103     
   2.7079802850387606        28.910874510186751     
   2.6835576299792505        28.797008477612653     
   2.6595674760059085        28.683711000936494     
   2.6359989104687434        28.570980185210612     
   2.6128413421797236        28.458814038060005     
   2.5900845170276652        28.347210625738821     
   2.5677184894723455        28.236167969932151     
   2.5457336156092678        28.125684071030459     
   2.5241205424052522        28.015756906293870     
   2.5028701973845968        27.906384428299503     
   2.4819737787681548        27.797564563733346     
   2.4614227460021407        27.689295212372723     
   2.4412088106692740        27.581574246271973     
   2.4213239277649627        27.474399509138433     
   2.4017602849052708        27.367768805429730     
   2.3825103036992457        27.261679940662418     
   2.3635666182962072        27.156130662248483     
   2.3449220768115784        27.051118697441108     
   2.3265697321258987        26.946641744645554     
   2.3085028348316903        26.842697472819463     
   2.2907148267478057        26.739283522081500     
   2.2731993352593620        26.636397507840424     
   2.2559501661458876        26.534037015450391     
   2.2389612980062594        26.432199602294336     
   2.2222268769341431        26.330882800459445     
   2.2057412109308876        26.230084116506756     
   2.1894987648187434        26.129801032843982     
   2.1734941548809394        26.030031007205903     
   2.1577221443074324        25.930771474640704     
   2.1421776384331719        25.832019848068118     
   2.1268556802093777        25.733773519087801     
   2.1117514459447593        25.636029859288357     
   2.0968602409906185        25.538786220407097     
   2.0821774959123722        25.442039936394330     
   2.0676987625960446        25.345788324535224     
   2.0534197104937539        25.250028686282182     
   2.0393361232117231        25.154758310478787     
   2.0254438944875384        25.059974468250857     
   2.0117390251258218        24.965674418855968     
   1.9982176193016281        24.871855406882766     
   1.9848758823152066        24.778514668618822     
   1.9717101176542879        24.685649432492159     
   1.9587167232334992        24.593256916792352     
   1.9458921889696144        24.501334331942957     
   1.9332330941082572        24.409878882846897     
   1.9207361044315181        24.318887767026222     
   1.9083979698088496        24.228358177296297     
   1.8962155220400101        24.138287305187802     
   1.8841856719866632        24.048672337955765     
   1.8723054077454526        23.959510462302813     
   1.8605717913171291        23.870798858931089     
   1.8489819593961567        23.782534719174674     
   1.8375331174343343        23.694715227054250     
   1.8262225399376790        23.607337568472989     
