   49.902185079936899        66.545301102018897     
   49.902185079936899        66.545301102018897     
   49.902185079936899        66.545301102018897     
   49.902185079936899        66.545301102018897     
   49.902185079936459        66.545301102018669     
   49.902185079884553        66.545301101992735     
   49.902185078291708        66.545301101196856     
   49.902185057556672        66.545301090836020     
   49.902184906300064        66.545301015253514     
   49.902184172705013        66.545300648659506     
   49.902181530126207        66.545299327992481     
   49.902173912143461        66.545295520268141     
   49.902155400286617        66.545286265452177     
   49.902116045609468        66.545266584539348     
   49.902040831582802        66.545228955554890     
   49.901908938408496        66.545162937117411     
   49.901693408726167        66.545054988893554     
   49.901361215256827        66.544888489677646     
   49.900873686896198        66.544643930304630     
   49.900187206333996        66.544299235743281     
   49.899254067763827        66.543830157611609     
   49.898023402212061        66.543210685627727     
   49.896442096423286        66.542413440303619     
   49.894455626208853        66.541410004366398     
   49.892008796675853        66.540171195171339     
   49.889046371603563        66.538667275775992     
   49.885513614190273        66.536868127569534     
   49.881356744542515        66.534743397171752     
   49.876523354304972        66.532262651805468     
   49.870962794507733        66.529395557594327     
   49.864626558905485        66.526112100799338     
   49.857468654676332        66.522382845302204     
   49.849445970790867        66.518179233379470     
   49.840518648248235        66.513473922784712     
   49.830650420073503        66.508241138392748     
   49.819808918735880        66.502457024891882     
   49.807965946206870        66.496099990349308     
   49.795097678328894        66.489151014845959     
   49.781184806618214        66.481593917007302     
   49.766212610402498        66.473415568104031     
   49.750170960499368        66.464606047833968     
   49.733054242852305        66.455158732263811     
   49.714861218778040        66.445070319831302     
   49.695594827699900        66.434340797307243     
   49.675261930352136        66.422973346265664     
   49.653873010697986        66.410974199320734     
   49.631441841734357        66.398352452319813     
   49.607985128993683        66.385119841940693     
   49.583522126201665        66.371290489079726     
   49.558074255961799        66.356880628568049     
   49.531664718339620        66.341908318936206     
   49.504318106482593        66.326393146109538     
   49.476060035298687        66.310355927088949     
   49.446916779621972        66.293818413198508     
   49.416914932682900        66.276803003420341     
   49.386081085314167        66.259332467017700     
   49.354441524712243        66.241429679203961     
   49.322021958165486        66.223117372613046     
   49.288847257205518        66.204417903955900     
   49.254941229005738        66.185353040043935     
   49.220326405153429        66.165943758853373     
   49.185023856261360        66.146210070419485     
   49.149053023959993        66.126170853335736     
   49.112431575805722        66.105843709807942     
   49.075175273471153        66.085244834410986     
   49.037297862826158        66.064388900544799     
   48.998810969615597        66.043288957450940     
   48.959724019425721        66.021956341780722     
   48.920044160262620        66.000400601828417     
   48.879776200114328        65.978629430794442     
   48.838922552844636        65.956648610733140     
   48.797483186695693        65.934461961845997     
   48.755455581662929        65.912071300706501     
   48.712834693364037        65.889476404909686     
   48.669612920880461        65.866674983947519     
   48.625780063509900        65.843662646054369     
   48.581323295827133        65.820432877794744     
   48.536227132733494        65.796977018378257     
   48.490473398544552        65.773284241566230     
   48.444041187437691        65.749341531115235     
   48.396906827067276        65.725133659999997     
   48.349043834225640        65.700643164373417     
   48.300422863206165        65.675850324042472     
   48.251011656853613        65.650733121972706     
   48.200774879160278        65.625267168792163     
   48.149674457634120        65.599425872705467     
   48.097668915853561        65.573180095246570     
   48.044713675431737        65.546498304145928     
   47.990760855209267        65.519346462938870     
   47.935759180072033        65.491687980962766     
   47.879653864926645        65.463483647673911     
   47.822386474480012        65.434691549908990     
   47.763894793006557        65.405266996683537     
   47.704112658670454        65.375162417800425     
   47.642969807103796        65.344327271209437     
   47.580391638152122        65.312707908385462     
   47.516299082510542        65.280247480020890     
   47.450608305983216        65.246885762658209     
   47.383230500298083        65.212559026438527     
   47.314071602351163        65.177199860159419     
   47.243032013624806        65.140736992797372     
   47.170006251467342        65.103095076561672     
   47.094882654557743        65.064194495546630     
   47.017542980610934        65.023951111238361     
   46.937862000540889        64.982276001807264     
   46.855707120017655        64.939075214944737     
   46.770937862498570        64.894249438341035     
   46.683405427119411        64.847693707108803     
   46.592952176182848        64.799297069749755     
   46.499411054008881        64.748942210457400     
   46.402605064315011        64.696505099082742     
   46.302346672237604        64.641854597308608     
   46.198437206329082        64.584852064361641     
   46.090666258721612        64.525350947096840     
   45.978811093914850        64.463196385004522     
   45.862636072061719        64.398224816759068     
   45.741892186692674        64.330263680850990     
   45.616316375772243        64.259130846137410     
   45.485631488940285        64.184634703576108     
   45.349545840135242        64.106573746395583     
   45.207753239608607        64.024736571613175     
   45.059933118607631        63.938901926487731     
   44.905751056123584        63.848838993304852     
   44.744859550593510        63.754307846091613     
   44.576898247178725        63.655059577277513     
   44.401499446435380        63.550839690185832     
   44.218284768490136        63.441386072472866     
   44.026871405952157        63.326432886458193     
   43.826874534339119        63.205712125120236     
   43.617911081256743        63.078956030489465     
   43.399603900996937        62.945899795050302     
   43.171586202144809        62.806284451914756     
   42.933506124548003        62.659859877191877     
   42.685031110437563        62.506387694061097     
   42.425851825280773        62.345643926007639     
   42.155685426357202        62.177421229220521     
   41.874277792311183        62.001530506278101     
   41.581404576564523        61.817801764524120     
   41.276870968933160        61.626084161777513     
   40.960510144058986        61.426245199232774     
   40.632181604279367        61.218169834566105     
   40.291762598162080        61.001755172077949     
   39.939151823612008        60.776912938780931     
   39.574258957497982        60.543562926782442     
   39.197001559153321        60.301631106739521     
   38.807303211960509        60.051048528602117     
   38.405081478686554        59.791743678481275     
   37.990257021877468        59.523648405002881     
   37.562745086021252        59.246692549749838     
   37.122456817046775        58.960804889306530     
   36.669300282663912        58.665913902338623     
   36.203182761879013        58.361949374630193     
   35.724014375532470        58.048844875871673     
   35.231713011263281        57.726541083604687     
   34.726210552846588        57.394989947917047     
   34.207460399990616        57.054159671055295     
   33.675446180166688        56.704040433070773     
   33.130191703296056        56.344650842895696     
   32.571771877948898        55.976044935304991     
   32.000324499854983        55.598319595203087     
   31.416062596298087        55.211622170288670     
   30.819286953351838        54.816157983250193     
   30.210398335658763        54.412197391519022     
   29.589908865859361        54.000081996249634     
   28.958451913588359        53.580229586022625     
   28.316789907864568        53.153137410154400     
   27.665819464823024        52.719383448281988     
   27.006573368610876        52.279625442066312     
   26.340219055207424        51.834597593771967     
   25.668053454239583        51.385104988131637     
   24.991494123880639        50.932015903345970     
   24.312066828395675        50.476252298959899     
   23.631389640336348        50.018778730670284     
   22.951154297285605        49.560590372931777     
   22.273100119444855        49.102696997184516     
   21.599006438725620        48.646120205632606     
   20.930641322605780        48.191862793656739     
   20.269751489281866        47.740905920634965     
   19.618030157109121        47.294192329341094     
   18.977089810868346        46.852613044031685     
   18.348436610433094        46.416995134028610     
   17.733447539017678        45.988090980285541     
   17.133351279350407        45.566569464772371     
   16.549213625416709        45.153009441153358     
   15.981927932232974        44.747895697205990     
   15.432210797793747        44.351617518306327     
   14.900602758836650        43.964469713085350     
   14.387473583497659        43.586655917929420     
   13.893031454187595        43.218293828652293     
   13.417335219695902        42.859421942320161     
   12.960308846394600        42.510007383160293     
   12.521757204190967        42.169954374355441     
   12.101382431081412        41.839112971319686     
   11.698800197603047        41.517287706201031     
   11.313555389129567        41.204245918392935     
   10.945136755989799        40.899725506858537     
   10.592990346029923        40.603442052486422     
   10.256531486066443        40.315095136751076     
   9.9351553453595436        40.034373937431560     
   9.6282460089863502        39.760962011955833     
   9.3351841822064063        39.494541367038806     
   9.0553535877501421        39.234795830671182     
   8.7881462009928342        38.981413810530377     
   8.5329664101173446        38.734090483096722     
   8.2892342814664275        38.492529509463665     
   8.0563880238247183        38.256444329785438     
   7.8338857686848336        38.025559091762915     
   7.6212067861239170        37.799609283239683     
   7.4178509019214083        37.578340792391359     
   7.2233443343592034        37.361515529431095     
   7.0372312592995732        37.148903059051534     
   6.8590794210313639        36.940286202155477     
   6.6884782568327346        36.735459372442001     
   6.5250383371053466        36.534228266809052     
   6.3683906960141679        36.336409499524287     
   6.2181860999549681        36.141830209443988     
   6.0740942506376063        35.950327631255128     
   5.9358029444522131        35.761748631757008     
   5.8030172393427470        35.575949267145234     
   5.6754586390875534        35.392794362011664     
   5.5528641982269091        35.212156992599070     
   5.4349857480148760        35.033918097988320     
   5.3215890745717651        34.857966024032500     
   5.2124531432844137        34.684196104406766     
   5.1073693684773156        34.512510273188958     
   5.0061408865004378        34.342816665758498     
   4.9085818755030646        34.175029249489796     
   4.8145169190110719        34.009067485664886     
   4.7237803786570973        33.844855979907706     
   4.6362158218209508        33.682324179330131     
   4.5516754697322837        33.521406068099559     
   4.4700196672845669        33.362039855507987     
   4.3911164402644669        33.204167826953046     
   4.3148409722748209        33.047735923347609     
   4.2410752047072773        32.892693601177747     
   4.1697074328559651        32.738993598882047     
   4.1006319248746470        32.586591727440833     
   4.0337485600311371        32.435446669326438     
   3.9689624968900139        32.285519793436691     
   3.9061838588296629        32.136774983858082     
   3.8453274392000001        31.989178475768401     
   3.7863124247623037        31.842698700767496     
   3.7290621422348753        31.697306148574757     
   3.6735038165424410        31.552973254250354     
   3.6195683121684343        31.409674144469765     
   3.5671899805923624        31.267384727270752     
   3.5163064199071807        31.126082437994722     
   3.4668582982090648        30.985746172232673     
   3.4187891790308345        30.846356186016582     
   3.3720453575126959        30.707894004871765     
   3.3265757070184749        30.570342337178118     
   3.2823315355459957        30.433684993509338     
   3.2392664510835001        30.297906813545833     
   3.1973362309353579        30.162993589349977     
   3.1564987095182673        30.028932003751560     
   3.1167136622607776        29.895709566664170     
   3.0779427015516023        29.763314555038988     
   3.0401491784434933        29.631735959065793     
   3.0032980894929304        29.500963428775940     
   2.9673559916279126        29.370987230825861     
   2.9322909186074457        29.241798198307340     
   2.8980723039032634        29.113387688305671     
   2.8646709096895133        28.985747545495169     
   2.8320587589578143        28.858870065066895     
   2.8002090679836220        28.732747953930875     
   2.7690961867788628        28.607374290578285     
   2.7386955507701871        28.482742529118553     
   2.7089836151309101        28.358846430958536     
   2.6799378052162117        28.235680043477331     
   2.6515364776390218        28.113237700797104     
   2.6237588680672852        27.991513979480597     
   2.5965850522092584        27.870503688888839     
   2.5699958981010620        27.750201824691704     
   2.5439730398704170        27.630603591556195     
   2.5184988334913285        27.511704356436091     
   2.4935563248847012        27.393499640569217     
   2.4691292153286395        27.275985093144619     
   2.4452018398424045        27.159156506239047     
   2.4217591291745117        27.043009785991792     
   2.3987865829646076        26.927540918337186     
   2.3762702481926454        26.812745987523073     
   2.3541966928470734        26.698621155867066     
   2.3325529827310016        26.585162655468714     
   2.3113266594880648        26.472366778099918     
   2.2905057195363812        26.360229867076256     
   2.2700785943853159        26.248748313206736     
   2.2500341332223099        26.137918548877344     
   2.2303615785851343        26.027737019916351     
   2.2110505627181043        25.918200232355634     
   2.1920910763081873        25.809304686563745     
   2.1734734636095165        25.701046916348755     
   2.1551883987294782        25.593423444883967     
   2.1372268827868863        25.486430830869267     
   2.1195802233035286        25.380065630068732     
   2.1022400233853369        25.274324402051580     
   2.0851981699018398        25.169203709092056     
   2.0684468209551539        25.064700108954820     
   2.0519783960209002        24.960810155198338     
   2.0357855656945505        24.857530398478271     
   2.0198612414894033        24.754857383206222     
