  -9.85224372217598550139100314495686861      
   430.749034881575381574185738219424364      
   1023.55937981766151398472254393227166      
   1796.65335529856782567244373983806714      
   2777.04259437757335748076304663849084      
   3989.61376415696526122989645489520114      
   5456.13603405753074269882834747210427      
   7194.54030122356533522708755257883531      
   9218.69950914049437300133229888221722      
   11538.7180748912007300250064482761785      
   14161.8172344544667552698495968714276      
   17093.6222977306984686422005681115389      
   20340.0162936591133515649471059235288      
   23909.4759733058699189506524560896284      
   27815.3681051234010900424429850574011      
   32078.7161332791574922370675265736394      
   36730.7841532087583019913075187777095      
   41815.6151817870485503908771709576313      
   47392.1801609618821902309585899246699      
   53536.6668553359601492940478516464642      
   60344.0797797844657555408346586776786      
   67929.7147624630821048915343269390624      
   76430.2544433019326399508075594312866      
   86004.8364566744732708778395940415560      
   96835.4816614651363722212342968527032      
   109127.716053411542826673206418898635      
   123110.838857638367834457365644444064      
   139038.195001639836277784498804162142      
   157187.229086594980965628716226094080      
   177859.760126322344849511690216208713      
   201382.114640937122690490407777824055      
   228105.330107234484258278391781234453      
   258405.492279707132424780779095637845      
   292684.258125892485435822055356376144      
   331369.292326712655099373681675837367      
   374915.101405275914777968867495459087      
   423804.013818163329018864915449598806      
   478547.232010695284994926349625878343      
   539686.171976176523270970285582637566      
   607794.423527986357379923788778837899      
   683478.832267999975840103050487969049      
   767382.429926872646371192772304564871      
   860186.239004910365309753678988796998      
   962612.776465301065189984589016274481      
   1075427.97205620111639834325288677321      
   1199445.51222356927983381889385515876      
   1335530.13787238273247119940590186051      
   1484601.29119054894173123769675995490      
   1647638.52094082444819146639672190838      
   1825685.95333674667640044195668751164      
   2019856.89822516506739373549136469750      
   2231340.87193147276954648573655285594      
   2461408.76606154087529434406729531735      
   2711420.68211573045941874452696924805      
   2982831.99692036234571864799890301740      
   3277200.94466211600979120390963468429      
   3596200.34982008089396008756776430469      
   3941621.68901033350001425724600871628      
   4315386.45025860158170105783166105025      
   4719560.43903637381103591398141731058      
   5156357.93677515186396941557309972343      
   5628156.55150397090260500780759853482      
   6137511.51753950347330919620761861266      
   6687166.18373207091240038571810542291      
   7280063.07508882133270913216260988267      
   7919364.32814861564741460393234473090      
   8608462.08467441772949135324737526290      
   9350997.12652992127512653857498498581      
   10150872.7824524593624508348033142752      
   11012275.1648730916932021238401576567      
   11939688.7588231734576573659026305090      
   12937919.9226064418892759795159084972      
   14012118.6994434132175220068563867962      
   15167816.1828934592409844271271716146      
   16410944.7351353476823272426911971893      
   17747770.2302187676429807493478843597      
   19184693.0990427735792495188455028610      
   20728334.3701102668803409448932408635      
   22386044.3589537006172707778762567423      
   24166147.2965934145270624024769290942      
   26077780.3249993448193996840488967414      
   28130580.6300155652223189856430829803      
   30334623.5831751936917225609033583577      
   32700280.0926804256118134937574008362      
   35238032.6852842617977216208006099197      
   37958504.9138226733073611743714749983      
   40872338.8401595256175677196122259516      
   43990174.9629407398289097591349708290      
   47323349.6542493918973637348706348262      
   50884456.1514874367761232133886474809      
   54687670.6402727990725364685639864962      
   58749482.0992879670498407464838786265      
   63089696.6950191277923776220193942343      
   67731070.1173222517056910500627757224      
   72698700.9003103292850951494632771757      
   78020758.6155638022307458863184718252      
   83727355.2999070771684362831972317387      
   89848520.2545284002363027316652413432      
   96414304.7941983864288848115854225110      
   103453809.021589179343139151824017757      
   110993222.431032119803169282595186535      
   119055578.809494404442600060985222704      
   127660705.197480768684552944873557164      
   136824654.764592219357931674835298223      
   146559895.628609096947856295647509173      
   156876235.483606441406580635086798202      
   167781570.895219852093645549873738988      
   179282694.253529673160626969341617560      
   191386459.143249935557855460766446252      
   204100639.057213305050550331205606263      
   217434364.903639368126953607855061079      
   231398388.499147925739500689287051494      
   246004947.237877142310860502501197494      
   261267402.427698907810626607579278477      
   277200166.385428757562129781951610645      
   293818739.808833981006565044032676421      
   311139354.144296656136640140073207165      
   329178471.268618428956664605418867393      
   347952675.753466195208196514973089500      
   367478839.827294443134424672821461171      
   387774281.212457234836472004987891950      
   408856804.982939943444534899206512555      
   430744672.568084395248428633738000134      
   453456549.851076824204315969987190838      
   477011465.080941882064072282081131097      
   501428771.620049460431982030965642910      
   526728133.947767435417725714782401825      
   552929507.015535912292694464411323646      
   580053127.590357608328206300218337707      
   608119505.794722591436167591377092856      
   637149419.350222073222617434362698647      
   667163897.804823697817389445034616527      
   698184231.800207961488298276130662458      
   730231954.633637571690349513156222904      
   763328843.426914748181090150043057447      
   797496911.482612726622599730200681315      
   832758411.693049545614597517823661043      
   869135819.503435622062839337223171138      
   906651843.592561853408160463518756679      
   945329414.599460424476211514281626423      
   985191690.750895632841230675326108981      
   1026262042.23638001256992694372788273      
   1068564062.14059971492919190370550554      
   1112121556.63444971350632317426769718      
   1156958548.03819927354085215106365561      
   1203099263.22156959650643030613177439      
   1250568149.36215427323926392214971112      
   1299389852.11379222567236834010660588      
   1349589231.31528885794373348523366579      
   1401191348.72409253412347173576501428      
   1454221478.08536075578779910601023825      
   1508705089.00636263856824173787390663      
   1564667844.88215389345067111946671568      
   1622135642.61586177996922613660014568      
   1681134549.17975854977631691665307901      
   1741690825.79816075367540596296552175      
   1803830975.09429674386219637096388383      
   1867581656.63982373442411909192835504      
   1932969729.58853942666483514946965069      
   2000022280.46475850445280730764175607      
   2068766562.31733509074465086034456141      
   2139230028.74681860055266194216534106      
   2211440337.41173016079159303597501794      
   2285425332.27670240890708673320737799      
   2361213055.01642514830172003563994216      
   2438831734.08514145825027536314855181      
   2518309799.36084734554933908789959337      
   2599675863.59393218590656780481153007      
   2682958739.93497364573278857758074781      
   2768187426.33354291678686716857636539      
   2855391117.89113411103571716182755077      
   2944599193.82979757480489731836619300      
   3035841230.19548956069259099059734235      
   3129146988.69325528489286494579630530      
   3224546424.70020308547782045081512583      
   3322069673.80212047718787704387819685      
   3421747073.73355909500038982324400092      
   3523609143.67503839800273753763667220      
   3627686593.86199229591521559942605229      
   3734010322.73377377458743949549452583      
   3842611418.07682260968354806424168336      
   3953521155.58960454258786021402423748      
   4066770999.88146441998324396460762093      
   4182392603.09665507919675357879943399      
   4300417805.42963361068770616793602507      
   4420878635.53023634292616333015251394      
   4543807309.70127772087093203813102778      
   4669236231.62149287520166214405027358      
   4797197992.61137822846737383725318063      
   4927725372.50908658166952771827997654      
   5060851337.21835036857982495020258795      
   5196609041.83933189109473789818974844      
   5335031827.61039616693918660418725287      
   5476153223.60262329880209537484520448      
   5620006947.41777310016415898748411160      
   5766626903.49314144651692959010385379      
   5916047182.54318652754664216289689962      
   6068302063.19791319373388234516446403      
   6223426012.28722661394857634831202087      
   6381453683.48605006570223817267855930      
   6542419916.00154063674546867067050752      
   6706359740.24295159919978010998065507      
   6873308370.83317590638967257731628726      
   7043301209.25633021283690365993091712      
   7216373847.13705118048740126461927387      
   7392562061.82299723024478114915553677      
   7571901818.06213908740908786744605162      
   7754429266.78633908532269962318407464      
   7940180751.18800961291010591262159733      
   8129192795.48374299379653527129412124      
   8321502113.67338285791659947770220158      
   8517145609.69209426891746752924827780      
   8716160373.44169788912787265309035277      
   8918583680.17158771169430016065117642      
   9124452995.18481988299755255802288582      
   9333805972.59078498951901857441663819      
   9546680450.65246796636260425708269495      
   9763114457.39257649256608597604405812      
   9983146209.90659617341540628782435626      
   10206814109.4624910922275880180919005      
   10434156746.9913022037660798385379830      
   10665212900.7565022275689010624143900      
   10900021539.6286920345878340474958314      
   11138621814.8590595814269410492635249      
   11381053069.8454315224748094628016709      
   11627354835.2113668221193614227928850      
   11877566825.6962671196098084885673180      
   12131728950.1648334693176850892929795      
   12389881302.4546832371226390404851283      
   12652064160.4008184343936378200041841      
   12918317997.2759414104157454545831072      
   13188683472.0288749594158096274549701      
   13463201427.5553359861987435388166062      
   13741912896.5917613081184549223920471      
   14024859108.8987213737269213478985641      
   14312081467.8096333645048916540799580      
   14603621572.2914515261701493782871219      
   14899521213.6553399067738938152193797      
   15199822363.4349614176861361032213986      
   15504567183.7535482773846223262299347      
   15813798031.1139226408990331026574239      
   16127557440.8295809808640455032755237      
   16445888141.1970401159712613036434260      
   16768833050.3546233449957762136387382      
   17096435270.0914078859979317466896428      
   17428738095.2905248432661190270103381      
   17765785005.2769906504642543044242721      
   18107619671.3262462365504257170518152      
   18454285950.4131620941166787171934082      
   18805827890.1959784282363775396552414      
   19162289724.5114067013779559761535039      
   19523715876.4837572083904394008456268      
   19890150958.9703253643870384558261908      
   20261639771.3277219961550011947291226      
   20638227299.1648924721699877401749357      
   21019958724.6452204744510770078762386      
   21406879408.1941044896293790464737285      
   21799034904.3186508825646220902847635      
   22196470957.4908087915666060459206301      
   22599233495.1811004735993522755315994      
   23007368636.1558421706826277621888804      
   23420922686.8321466401606718342669568      
   23839942144.2349241581348286429833517      
   24264473691.4324039494750903811195269      
   24694564198.3171802360221886485833719      
   25130260729.4349103719941372969575161      
   25571610531.8478572411862784321483455      
   26018661041.2117177684614567685714731      
   26471459886.4254910246235460424272076      
   26930054879.5461037450842031679399481      
   27394494022.2830678506799384834088768      
   27864825505.9328090011269867309369722      
   28341097708.4089464100878095784226213      
   28823359196.6441201003068038478674876      
   29311658725.0048775605466825114550235      
   29806045238.1607903572237085819385488      
   30306567867.8052900050371187201041352      
   30813275932.0475212022612236308723380      
   31326218940.0475928879490292655211135      
   31845446587.4530071278141237000610291      
