   44.009449715867760        61.509789395842347     
   44.009449715867760        61.509789395842347     
   44.009449715867760        61.509789395842347     
   44.009449715867760        61.509789395842347     
   44.009449715867639        61.509789395842283     
   44.009449715850351        61.509789395833650     
   44.009449715237395        61.509789395527555     
   44.009449706293928        61.509789391061254     
   44.009449634786904        61.509789355349014     
   44.009449261064262        61.509789168683049     
   44.009447829259642        61.509788453397434     
   44.009443484179783        61.509786282126115     
   44.009432459376377        61.509780770855428     
   44.009408146364429        61.509768611033557     
   44.009360199071082        61.509744617184964     
   44.009273817676252        61.509701361672910     
   44.009129307178469        61.509628943368632     
   44.008901942387276        61.509514903584531     
   44.008562113388884        61.509344271458147     
   44.008075686801391        61.509099699790433     
   44.007404503047141        61.508761645017351     
   44.006506936129355        61.508308551226854     
   44.005338463038640        61.507717013994245     
   44.003852216346381        61.506961919577044     
   44.001999513821957        61.506016570608566     
   43.999730390692527        61.504852829780724     
   43.996994129739718        61.503441295036581     
   43.993739829008071        61.501751542877528     
   43.989917006826076        61.499752448825376     
   43.985476241778059        61.497412587603336     
   43.980369836601731        61.494700704978044     
   43.974552484278078        61.491586242331863     
   43.967981903746555        61.488039885602817     
   43.960619452304151        61.484034130037649     
   43.952430624993895        61.479543796346377     
   43.943385480137309        61.474546508425242     
   43.933458952063731        61.469023097453878     
   43.922631046873953        61.462957922593354     
   43.910886898081628        61.456339083831971     
   43.898216730189134        61.449158553622176     
   43.884615684226169        61.441412193613225     
   43.870083557300887        61.433099687335712     
   43.854624463845560        61.424224395005716     
   43.838246395498494        61.414793113519465     
   43.820960762703528        61.404815800612099     
   43.802781868688406        61.394305229530055     
   43.783726365480419        61.383276612398589     
   43.763812698648302        61.371747197576632     
   43.743060546180047        61.359735849164089     
   43.721490271354000        61.347262622525271     
   43.699122377163526        61.334348334028000     
   43.675977000606039        61.321014147767386     
   43.652073421650435        61.307281170123275     
   43.627429601027671        61.293170061412766     
   43.602061757289505        61.278700671566916     
   43.575983968480081        61.263891695292052     
   43.549207808740128        61.248760352282893     
   43.521742016946313        61.233322092559263     
   43.493592189911197        61.217590320890586     
   43.464760507095569        61.201576150251235     
   43.435245477219674        61.185288172847173     
   43.405041706893655        61.168732252001227     
   43.374139686535877        61.151911331660891     
   43.342525590352828        61.134825260763179     
   43.310181034480387        61.117470607800144     
   43.277083113169354        61.099840609446623     
   43.243203911633834        61.081924882766323     
   43.208510532178828        61.063709383917100     
   43.172964870676537        61.045176252235237     
   43.136523436029790        61.026303681485210     
   43.099137151430632        61.007065777444559     
   43.060751162700072        60.987432431376774     
   43.021304613401590        60.967369168431851     
   42.980730413186414        60.946837003334025     
   42.938954979747777        60.925792267896057     
   42.895897972217639        60.904186450620976     
   42.851471976630165        60.881965992621545     
   42.805582190237580        60.859072094436563     
   42.758126081338489        60.835440502654315     
   42.708992996143685        60.811001259418184     
   42.658063797964545        60.785678477455214     
   42.605210438488392        60.759390064150303     
   42.550295558070303        60.732047463866756     
   42.493172074189062        60.703555387097417     
   42.433682794108748        60.673811550432227     
   42.371660059078430        60.642706428740638     
   42.306925464179891        60.610123047776455     
   42.239289667202435        60.575936824421582     
   42.168552327824031        60.540015475895679     
   42.094502241289689        60.502219042275868     
   42.016917714976529        60.462400047881850     
   41.935567220430606        60.420403825068334     
   41.850210426655053        60.376069062253592     
   41.760599637549511        60.329228599481169     
   41.666481702532366        60.279710510947901     
   41.567600402599069        60.227339486561014     
   41.463699329323646        60.171938526965931     
   41.354525175619784        60.113330912077956     
   41.239831343686916        60.051342394698445     
   41.119381685133774        59.985803513640128     
   40.992954151498601        59.916551897604577     
   40.860344069669473        59.843434397164138     
   40.721366789384270        59.766308874640529     
   40.575859419195346        59.685045493191907     
   40.423681493088587        59.599527385286848     
   40.264714475477703        59.509650635541973     
   40.098860162063609        59.415323593075719     
   39.926037963443228        59.316465495211482     
   39.746182357211993        59.213005146276629     
   39.559237785650112        59.104878041013016     
   39.365156291982373        58.992025059253990     
   39.163894128489751        58.874390516534483     
   38.955405154507055        58.751918243726017     
   38.739642941095063        58.624552853612734     
   38.516555599719197        58.492236624903029     
   38.286084864541586        58.354908922562622     
   38.048165005950715        58.212505510326480     
   37.802722209815464        58.064958144112452     
   37.549674335077071        57.912194383603506     
   37.288931147060360        57.754137764703763     
   37.020394450072111        57.590707800835752     
   36.743958808317721        57.421820466343071     
   36.459512200325968        57.247388605324062     
   36.166936860719439        57.067322474813729     
   35.866110219999506        56.881530362932331     
   35.556905954553145        56.689919289777627     
   35.239195118876218        56.492395769658152     
   34.912847397452119        56.288866665025097     
   34.577732467808012        56.079240110601731     
   34.233721486229143        55.863426528551891     
   33.880688744105569        55.641339753969497     
   33.518513477013023        55.412898255514094     
   33.147081884827884        55.178026486584670     
   32.766289365460231        54.936656362070039     
   32.376042999105373        54.688728877642944     
   31.976264275730447        54.434195862164941     
   31.566892143998526        54.173021899277970     
   31.147886336840713        53.905186386102237     
   30.719230986245897        53.630685715994041     
   30.280938613032777        53.349535653587353     
   29.833054327581383        53.061773745651507     
   29.375660389239147        52.767461894762029     
   28.908880958223893        52.466688945062600     
   28.432887015759022        52.159573275417706     
   27.947901417702877        51.846265367998299     
   27.454203929458821        51.526950254110872     
   26.952136130870397        51.201849775124771     
   26.442106066630632        50.871224592788323     
   25.924592427269289        50.535375832593779     
   25.400148099731993        50.194646293706718     
   24.869399592820816        49.849419052005693     
   24.333061729767206        49.500125795365435     
   23.791918022798395        49.147233523161418     
   23.246832562030296        48.791251398989381     
   22.698743475992575        48.432726159087935     
   22.148657559856940        48.072238552280929     
   21.597642794284354        47.710398786197587     
   21.046818532498964        47.347840855217882     
   20.497343618254035        46.985215947698805     
   19.950402040355264        46.623184552883437     
   19.407187791846280        46.262408562550547     
   18.868887704262931        45.903542154479560     
   18.336664127352606        45.547222828850870     
   17.811637630587473        45.194062521478052     
   17.294870542394179        44.844639217212034     
   16.787351970082625        44.499489383634334     
   16.289984897151260        44.159101520436160     
   15.803575856863539        43.823911076372802     
   15.328827400422821        43.494296826542033     
   14.866333539249313        43.170578798311695     
   14.416578092513967        42.853017711563844     
   13.979935722110101        42.541815798505347     
   13.556675372905389        42.237118866351260     
   13.146965691570323        41.939019367777718     
   12.750882023842699        41.647560275182997     
   12.368414550555862        41.362739530039981     
   11.999477102845882        41.084514815295563     
   11.643916353405563        40.812808511526676     
   11.301520995554547        40.547512616382697     
   10.972030689991801        40.288493530577021     
   10.655144567520352        40.035596585272721     
   10.350529155072245        39.788650259808854     
   10.057825610587463        39.547470017928745     
   9.7766562411163918        39.311861756802131     
   9.5066302748046230        39.081624858464586     
   9.2473489077413848        38.856554850008372     
   8.9984096258380699        38.636445671579970     
   8.7594081215961825        38.421090146034203     
   8.5299487705775086        38.210287679486115     
   8.3096357594323429        38.003836228369892     
   8.0980829566131334        37.801539744218282     
   7.8949135890031625        37.603207432026885     
   7.6997614754656576        37.408654376121817     
   7.5122719478564468        37.217702000531375     
   7.3321025746323931        37.030178453442574     
   7.1589235271709608        36.845918760588695     
   6.9924178952112870        36.664765000286032     
   6.8322817400287637        36.486566305139242     
   6.6782240503156931        36.311178824302573     
   6.5299665919345173        36.138465630503589     
   6.3872436967188566        35.968296605021891     
   6.2498019370272644        35.800548241844893     
   6.1173998003177932        35.635103477309322     
   5.9898072900588071        35.471851459253358     
   5.8668055095740268        35.310687315586719     
   5.7481862307625526        35.151511914300166     
   5.6337514861193734        34.994231651732420     
   5.5233130861452704        34.838758162582053     
   5.4166922372623683        34.685008166536576     
   5.3137190415690725        34.532903114619643     
   5.2142321112854946        34.382369030238301     
   5.1180781797694159        34.233336303380156     
   5.0251116171287560        34.085739376278966     
   4.9351941078101635        33.939516604888560     
   4.8481942597030914        33.794610033716459     
   4.7639872464660620        33.650965201047235     
   4.6824544627443796        33.508530949550824     
   4.6034831968982646        33.367259241894665     
   4.5269663177865658        33.227104991705524     
   4.4528019814229083        33.088025899668715     
   4.3808933430404497        32.949982296237536     
   4.3111482972381907        32.812936994600634     
   4.2434792154575760        32.676855146780198     
   4.1778027066939583        32.541704104456748     
   4.1140393966086144        32.407453304569124     
   4.0521137087852512        32.274074143599023     
   3.9919536639324775        32.141539866194428     
   3.9334906851570941        32.009825454605419     
   3.8766594172224980        31.878907526770789     
   3.8213975575745720        31.748764243194280     
   3.7676456881776597        31.619375204930375     
   3.7153471279488062        31.490721375055834     
   3.6644477897059451        31.362784998568877     
   3.6148960454344441        31.235549526871857     
   3.5666425952406593        31.108999538950762     
   3.5196403455567733        30.983120673471969     
   3.4738442983000866        30.857899563792589     
   3.4292114420138184        30.733323778340498     
   3.3857006505320166        30.609381760361263     
   3.3432725851699345        30.486062770265100     
   3.3018896084216043        30.363356841186228     
   3.2615156936365084        30.241254718428777     
   3.2221163481946369        30.119747821905133     
   3.1836585297276607        29.998828173865775     
   3.1461105992509042        29.878488456732200     
   3.1094422159135990        29.758721826126926     
   3.0736242974397987        29.639521970662667     
   3.0386289517143821        29.520883048458611     
   3.0044294241765588        29.402799668586400     
   2.9710000391721758        29.285266843557078     
   2.9383161491444536        29.168279969037801     
   2.9063540854184722        29.051834784270731     
   2.8750911153342433        28.935927362982643     
   2.8445053966315950        28.820554076739523     
   2.8145759360296645        28.705711574213304     
   2.7852825502653600        28.591396759116783     
   2.7566058295669293        28.477606768399180     
   2.7285271035539598        28.364338958143634     
   2.7010284029960401        28.251590871353443     
   2.6740924410805831        28.139360266091675     
   2.6477025559619785        28.027644976593585     
   2.6218427164059013        27.916443061155800     
   2.5964974773212695        27.805752697538001     
   2.5716519524876764        27.695572170641732     
   2.5472917942438591        27.585899874369215     
   2.5234031715257847        27.476734301505569     
   2.4999727418395006        27.368074014738671     
   2.4769876387710466        27.259917665572559     
   2.4544354462762579        27.152263958781859     
   2.4323041816531550        27.045111656399030     
   2.4105822773797363        26.938459565528010     
   2.3892585613706374        26.832306522147459     
   2.3683222509513717        26.726651422589573     
   2.3477629213540387        26.621493155019106     
   2.3275705020684003        26.516830636056660     
   2.3077352596957525        26.412662794848814     
   2.2882477846310971        26.308988566494929     
   2.2690989781068525        26.205806886754807     
   2.2502800399040530        26.103116690037400     
   2.2317824568255338        26.000916901165649     
