   125.505705488927482931126956201274487      
   152.952304278535008017319030185345552      
   180.665707245871130098898908960006837      
   207.439966513460500754354517302432867      
   232.142749241708390609337136832841279      
   253.823095960343235246880822122573962      
   271.850008155304085933339606261210775      
   286.000411964049334192313583282257320      
   296.523427762633022965030811890647629      
   304.169581669944107750261640187842040      
   310.158219878938771978189651823571673      
   316.116639617625176375743406388215807      
   323.994510431009218243686498020487280      
   335.929711248360435752476448234072989      
   354.140642929815427664312498681195914      
   380.777405134282669889791623323360088      
   417.835980711268528835749726274149912      
   467.046697081380183610608596220767214      
   529.840794060685264568291504844358400      
   607.294312535489286458933069016182320      
   700.140129945323458529023999060028991      
   808.763200024514364252065022887284209      
   933.263682518034378920866924306058763      
   1073.46676101459278157396179997323558      
   1228.99908083580242738678098106029763      
   1399.32531404109688203200637587922917      
   1583.81552546431171644055924842626701      
   1781.77248525174191324904311729239708      
   1992.50567982255333201647281578209708      
   2215.34989338377872599633143105611152      
   2449.70615740720265920133052832338945      
   2695.07165191198526785789839927206037      
   2951.07377095420421528979694108718303      
   3217.46593101064722502238047390073443      
   3494.16757761048266640729856031737013      
   3781.25199345880661455613774519201685      
   4078.97635866200836733105950190617954      
   4387.76452996096844128664616489023084      
   4708.23113484284106036861937934255301      
   5041.17779096727973370781641035523733      
   5387.58111060440516749841974587200445      
   5748.60484716166059737259921020908767      
   6125.61393908194900477942905031587655      
   6520.14443974010041800077075598445733      
   6933.92949521899704983251948106071297      
   7368.89117123999346726219764616632443      
   7827.14620904995575294323582804033880      
   8310.99886721663397037457410967456656      
   8822.96368891455526456852164519520352      
   9365.77263328325854698388594397851320      
   9942.34382026028440086848368244969522      
   10555.8475816321555899642325569119536      
   11209.6873202868257204059368751178055      
   11907.5034251863029407407404796883831      
   12653.2098285460814243934866147737632      
   13451.0041539644475118877276196974036      
   14305.3916290001134039797510750363561      
   15221.2014808789969214159297542359153      
   16203.6167960403247471642367435114938      
   17258.2379836856739335724875565587962      
   18391.0716024175660345500433695023886      
   19608.6077335158222197329520496270271      
   20917.8756210345047085588131048287544      
   22326.4736072859581588389948444748423      
   23842.6513084260591551606267222435805      
   25475.3793284137562027259159988052250      
   27234.4418152216787597353793932175062      
   29130.5498749900361776199867030033716      
   31175.4890476051317234892338120000102      
   33382.3485606335962716087348808585599      
   35765.7654156839933410314564259629250      
   38342.2796434351314419957880806527437      
   41130.7312518088791726365517283030710      
   44152.6569249555792640931942655231574      
   47432.6425420406712451542977209773042      
   50998.5060830274472395739666754901095      
   54881.1980266269920962128533531067862      
   59114.5564790585526170622307002774842      
   63733.9910742854284223870552392067667      
   68775.5909935407586876457326735879879      
   74274.2363539410511215214607606566537      
   80261.5832364620407768425204088016154      
   86763.7337961887793743493802817681108      
   93799.5492383763676586402399337695768      
   101378.609120972274627321235248282631      
   109500.045536488702774120213473720438      
   118152.337391096538884894870852101391      
   127313.621697702681652914596742187056      
   136952.278889669216065678861755736468      
   147029.634298468386351947918380888566      
   157501.896747633406303592855609799215      
   168322.670637047080825532471520154372      
   179446.140316331256533538079683078279      
   190829.215580810883508541348587610364      
   202434.116974318099280643236754416168      
   214229.263041287102785732848728308793      
   226190.292818909393901979633795463309      
   238300.795846956002333102578582453405      
   250550.985242084234001708714087322634      
   262937.133359671833381138061352228404      
   275460.808485629449615528867597525948      
   288126.941427758058003988441772040741      
   300943.069016108670707499604652051800      
   313917.980406903035157524476444363614      
   327061.185570251565476194845619924862      
   340381.835760157958290875800916786774      
   353888.941058076745059882795693941883      
   367591.007097159971662329150128768328      
   381495.441679502982815187142963621743      
   395609.223538066727774991447864129548      
   409938.794265602148053070441577934997      
   424489.214972024696919202481355355877      
   439265.598070538826181030476054187421      
   454272.726937715260139460026857867711      
   469514.117947162569965249336117656427      
   484993.299044617802330777950444133154      
   500712.623446423756336200658389301624      
   516674.868640782510785859070716323845      
   532881.472199186675901339314970748289      
   549333.964064883731514598745010641044      
   566033.591666002733967719643899563184      
   582980.480943075080669933694151203190      
   600174.390068719605187402995073910979      
   617615.500482534535264966255404394148      
   635301.896179811825782353013304246019      
   653232.368791353922735616730419393685      
   671404.149960033904383687228701605896      
   689814.352616317312150682117521688896      
   708458.198945345428679326058768170794      
   727331.091337262077579847582898357226      
   746427.820684535429079505077378472958      
   765740.080130254845686604142323322361      
   785260.617036785145497123349867372352      
   804980.828607841391531563523828292103      
   824890.023814943351555682697660964103      
   844977.628046679719769233625098910871      
   865231.814706716452065244884063622008      
   885640.603647817540820727292069024249      
   906191.110614320553938659555756947430      
   926869.859800884680608983084771427740      
   947664.879958483326482886724915876242      
   968563.045017749062293041522025610947      
   989552.325411953133103415274933707159      
   1010622.08566934520747520993802791523      
   1031762.55557867774948778925280623242      
   1052965.07031399232686966758997356488      
   1074223.45689047370022020156472469617      
   1095532.58740717164589626257953995903      
   1116890.05191056589248862201868376174      
   1138295.24632767718845468212938661246      
   1159750.33835046730542941114605797769      
   1181258.86658599529528716843280726957      
   1202826.88081815766954251273092171410      
   1224462.27381654463242940258366477784      
   1246174.63185840488815439995648260110      
   1267975.08455752814507655485169077131      
   1289875.13495053241978980412253338220      
   1311888.64884769140724485058189903023      
   1334028.51631088694229061600163999765      
   1356308.73350431438379110264639264002      
   1378741.53587625346848109855543584565      
   1401340.33078967097252790823931663269      
   1424116.33777950305396149125697628197      
   1447080.70664724502600288738171098027      
   1470242.86732742862446267790563511728      
   1493611.95333412250432257113145725983      
   1517194.05789932260445540692691607626      
   1540996.84793585039611572376207019586      
   1565024.31287789200407221764996757735      
   1589279.84040616610955215157045779644      
   1613766.99130816046235319291412983319      
   1638487.30861718405014664095660177689      
   1663442.57364654455957543668960941256      
   1688632.10248647967134274663881829055      
   1714056.58215508816514794869579663362      
   1739716.66859790607469468975087030246      
   1765609.47219614484155677237801665562      
   1791735.12057906567967278441489653801      
   1818092.89695225933381856438017226515      
   1844680.41124492426138480579322853443      
   1871496.69533656129506390365893311391      
   1898539.78672706049582711105653723926      
   1925808.97185776401913420512574126027      
   1953302.17357553004852960388432715063      
   1981016.94240734203613401601387944769      
   2008953.47376593658970108733502146324      
   2037108.85357444482806466235317789466      
   2065482.38862530619622621597454882656      
   2094072.55324120067367152710701854601      
   2122877.23222300780035390251852291476      
   2151895.86616860040177623087123471451      
   2181126.27003855486587798239885316936      
   2210567.62670318834274080081400609174      
   2240218.38449955459405012033907256815      
   2270078.14200080787372786417858651434      
   2300145.91388498835720207293413211516      
   2330419.96249209914072476844524818966      
   2360899.52166961850720999931304153092      
   2391583.69593127750522547030397677000      
   2422471.60698621450387596343474510351      
   2453562.52244981995914570395405353777      
   2484855.55381440516603276584085044850      
   2516349.93050323715462034309706830808      
   2548045.00417091849722683285779584139      
   2579940.08687337737117850209121547676      
   2612034.55289129769085076346370177897      
   2644327.90902921119411019894604352694      
   2676819.53968405283152063908159549558      
   2709508.83172122116390431925444883312      
   2742395.45070950673060832024101390374      
   2775478.84714859001975868223798237269      
   2808758.61314006242035047172285665556      
   2842234.23884526662298526149310231969      
   2875905.48481792167570123713653400195      
   2909771.76361528751191542554645360313      
   2943832.89780573279452924379224334823      
   2978088.49783746066873838291219187761      
   3012538.21452080791659200113798950453      
   3047181.74280522478217785821729361335      
   3082018.98044176535980442422031871721      
   3117049.46865380575712392561818617834      
   3152273.11104540345626000472043410749      
   3187689.44716031004865995026426016607      
   3223298.50622748127347383324773912638      
   3259100.09586089859242254931675236856      
   3295093.82773948516843337876436689269      
   3331279.79956105984372132219158000020      
   3367657.60083803181219666739815433210      
   3404227.27370908640814305401920894813      
   3440988.56003857078915872733068113147      
   3477941.22735028402817134145205221984      
   3515085.40690605866406002481810070401      
   3552420.88094560364595408992014352043      
   3589947.28750255433319512223971858273      
   3627664.95217087458247712008057238598      
   3665573.53896957907079519299865674220      
   3703673.13307127494268462547894929260      
   3741963.37471218053902804274037540030      
   3780444.54127026751363842532603469593      
   3819116.42503146215501533260408789219      
   3857978.86596218840458636239391138425      
   3897031.85487326972028362476489094966      
   3936275.32000755998234792998449245007      
   3975709.24405549494558723339927309616      
   4015333.29171396257404028574718357602      
   4055147.88826149037814867684173165292      
   4095152.70539487835646435126134101205      
   4135347.76022730910810864632505081858      
   4175733.19610293108282304683922745225      
   4216308.88465188497615208891064664466      
   4257074.63799690196487326359598391766      
   4298030.72076204156002825552647538504      
   4339176.87030364608734461177944936017      
   4380513.19693575153964105174285675238      
   4422039.70484653634117027329184568438      
   4463756.45280729840676024764690677742      
   4505663.23916047048029884428715871980      
   4547759.94784561659678244242309288824      
   4590046.73434805877676512908463635058      
   4632523.57740748968333733562478642379      
   4675190.45976936355032626934331111512      
   4718047.22555894178021280446995139285      
   4761094.06669667273654005006194522123      
   4804331.00546837050349609496248610396      
   4847757.98124824890100400758978117283      
   4891374.87380009644766016135252345275      
   4935181.70453702124929315809950020344      
   4979178.87530420696710966010802595372      
   5023365.73257896099259970060335931638      
   5067742.59071323501445780743981088886      
   5112309.32606278841456677732812971395      
   5157066.23809653501899114871348052706      
   5202012.87199456326778581635562693221      
   5247149.56243039839544780255783653851      
   5292475.89157946991824438385700298697      
   5337992.62351236521414159656748035514      
   5383698.82528825117416141716856037777      
   5429595.00514534241371754882854551290      
   5475680.89280593600356523684779785472      
   5521957.21244249963665894742882181752      
