   44856486506.8459268774374838326012349      
   44856482375.6414806076089640310460224      
   44856477876.5931600637523000908649574      
   44856472977.0013839000511518551509377      
   44856467632.5336823225812710617313122      
   44856461785.9096187644489717575431723      
   44856455365.6006948297418645286533556      
   44856448285.1054580439360930292610911      
   44856440442.5538164945650150190171870      
   44856431720.4187266504188267542925188      
   44856421985.7244536572178999181564202      
   44856411090.3992450835819897265833938      
   44856398871.7966766896058331784147414      
   44856385153.2672955306102294195415751      
   44856369745.0058403693396421005375157      
   44856352444.7063148178687782437058347      
   44856333038.4751277800155371808909781      
   44856311301.3416402199036885463617213      
   44856286998.0192001441942479705000343      
   44856259883.4342727476424107853724064      
   44856229703.0689822697728738701646240      
   44856196193.4066617509464971041857333      
   44856159081.9005994715196132318236822      
   44856118087.0191143174473301394945058      
   44856072918.0507107938695386305217777      
   44856023274.7334910534665888724587318      
   44855968846.7008122944380227707368970      
   44855909312.8280430803131837666463239      
   44855844340.3093481522385763905213603      
   44855773583.5697669358737570893332025      
   44855696683.1097547033826783988182481      
   44855613264.0540309012810654597482758      
   44855522934.5676476927358022634409141      
   44855425284.1192747855329809905554774      
   44855319881.5241622858209823779990415      
   44855206272.8617867456997308538956742      
   44855083979.2784279261388941995510308      
   44854952493.7977326575582492685081323      
   44854811279.7700344260299297156246180      
   44854659767.1740944371700729260233740      
   44854497349.7314075917449061721215407      
   44854323381.6037277952979166038946500      
   44854137173.7618411621597929228779425      
   44853937990.2497963513488292590342825      
   44853725044.0215956137444284232531000      
   44853497492.9869316501653823305799565      
   44853254434.8340193491546377399511350      
   44852994902.4917443018776017159102671      
   44852717858.7789293657513992674955388      
   44852422190.8643992262714119584519594      
   44852106704.2027090294781534639172767      
   44851770116.2614718995429588825921031      
   44851411049.6336786722512877242506322      
   44851028024.7663345360692148300607766      
   44850619452.0455534190572717964747053      
   44850183623.7344342438678847773313902      
   44849718704.3797089471255835235347849      
   44849222721.4718925342788258348039661      
   44848693554.6467179865973121511324147      
   44848128924.4455680582734233300768742      
   44847526379.7856189513224026830694301      
   44846883284.3721282934990200650997592      
   44846196802.0872687292742549367850303      
   44845463880.7161862508940804778777886      
   44844681234.3945805002886177627318065      
   44843845324.2432301199860320342712880      
   44842952337.2527713932946721355447777      
   44841998163.3729169990143085256701691      
   44840978370.5724086798422932561945520      
   44839888177.9007752313065750522625466      
   44838722426.8756349080655973874887385      
   44837475551.3982060396670226414637233      
   44836141546.4758847701124706793433302      
   44834713936.8463459873921491302520488      
   44833185746.0842227451459692813236445      
   44831549467.6787438417697722349763543      
   44829797039.1824936431274044117099033      
   44827919821.4523550607963391443531739      
   44825908584.1196061048401168910081972      
   44823753498.6304882734601204606699035      
   44821444140.3602185038121929340290435      
   44818969499.8909491514116783478982082      
   44816318003.5369053552494276217669747      
   44813477542.2062001250059940016576051      
   44810435507.1670396910307280568882953      
   44807178835.3098668489698041195675961      
   44803694030.3415094290125490467472129      
   44799967251.1426456323197006365932117      
   44795984309.5104555699441321525567876      
   44791730730.9151815638998824685095519      
   44787191773.0672119458493401845499801      
   44782352495.9505470973071688832439897      
   44777197725.5293930654433323938681601      
   44771712107.5192966743662430593049698      
   44765880110.4964942884674529233391708      
   44759686032.8863613558928203297705735      
   44753114006.1801485400126059865267163      
   44746147994.8275209159995535876645940      
   44738771794.0022682626989667164722315      
   44730969025.1661370611911825172416754      
   44722723130.9199980454783268265396597      
   44714017368.6728350203467768108095104      
   44704834804.0875838694210488429444117      
   44695158304.8364009216034898497945985      
   44684970533.9261705354286021812447213      
   44674253943.7247092645724148067134572      
   44662990770.5947310627468102022691279      
   44651163030.2365179462890611980531807      
   44638752508.4539786299759372137242717      
   44625740776.6304320238999865670987700      
   44612109161.6311265326040561833008072      
   44597838762.1998656528111887727919391      
   44582910444.4790249085375819729795452      
   44567304841.8098881050373658535660731      
   44551002356.3454146424658244513637221      
   44533983162.7080888492151127365578461      
   44516227211.0653752851787329691082183      
   44497714233.2311699622929994717534442      
   44478423749.3075437924078629567127507      
   44458335076.0335426385286768925124692      
   44437427336.5732542129858012329208055      
   44415679471.5676769810123120288607196      
   44393070251.6285888203656158551788468      
   44369578290.7977332773944270942803202      
   44345182060.6495141732800620536472001      
   44319859905.7382562278522266454188744      
   44293590058.0109726129212881034286475      
   44266350676.8947316802909431890267764      
   44238119762.6559550156752146957280313      
   44208875322.4278988625239689288542902      
   44178595278.9543301844815863793837377      
   44147257506.4534696098000723390894259      
   44114839838.7226149754829954858496763      
   44081320074.3433343314895194980149795      
   44046675980.3439105626241556008946109      
   44010885292.6991201990372166347030115      
   43973925714.4963075020580520162263089      
   43935774911.4042590568914992931267032      
   43896410505.1446097749583175834867825      
   43855810064.2462019710070433875161657      
   43813951092.9376471589632508724729772      
   43770811018.4513507488635109136270914      
   43726367176.7593979974959167366666440      
   43680596797.6788954324953492867556790      
   43633476989.0021620171426957404279611      
   43584984721.2211059902796685708631718      
   43535096812.3328492556898035112746542      
   43483789912.5710619721844408917299597      
   43431040492.1783264440496267456611735      
   43376824827.3178599369208919055881253      
   43321118991.1620999399744279879182865      
   43263898842.4186526873937383517461562      
   43205140019.1018647217820921894574298      
   43144817930.6753728153364264862720494      
   43082907753.4015215591761661599770862      
   43019384425.5641413087994288868177056      
   42954222647.7059454771664992436414736      
   42887396872.7315423292963486052603461      
   42818881315.0533583511948531164331110      
   42748649943.8271357511194501586783493      
   42676676484.5055281515863765337738119      
   42602934420.0734946504181406956600199      
   42527396991.5505387812324802967695611      
   42450037237.1808267827724996903477446      
   42370827840.2980148794546933287567029      
   42289741366.7928773007304318856118682      
   42206750106.5122719450031142521411633      
   42121826114.9175220451437693818026681      
   42034941216.7809998856219889968258665      
   41946067007.3641466819040995469074111      
   41855174854.0381744718016495773474517      
   41762235899.3158292350527534398233605      
   41667221061.6191848158577569782452427      
   41570101037.1475332380962892238307800      
   41470846302.1164478736622427927914332      
   41369427113.7229235332258749539063088      
   41265813512.7946416744921939584924963      
   41159975325.3963089795455656637577745      
   41051882164.4735261586335530815124873      
   40941503423.8022004636922367616373663      
   40828808293.2807191085297363808336123      
   40713765749.1414350230068064042018326      
   40596344559.3755623747319210478801394      
   40476513285.2515326709077439752126703      
   40354240280.3768412977075810507987778      
   40229493692.9460402428483550846314195      
   40102241466.5775251846453048159823480      
   39972451340.7074894923433954819704611      
   39840090852.2280567105212599618890667      
   39705127335.2851458820794572399660385      
   39567527923.1560531687617923923383887      
   39427259548.4309099432451006446118649      
   39284288943.6363404826940902254056877      
   39138582641.7309370315351570440292733      
   38990106977.3916336513811379558173047      
   38838828087.4930879966422252030766657      
   38684711911.4040906434120438532428827      
   38527724188.8024667782488025049633443      
   38367830463.6355691127742553094932212      
   38204996084.9825006512828775862703653      
   38039186205.2718089080800216916617523      
   37870365782.3509256848672097949806226      
   37698499579.4153981138698965784955209      
   37523552167.9928520253278468887786721      
   37345487915.6501606649523080167383540      
   37164271004.6923381014162363108144966      
   36979865420.2827500023305504021728338      
   36792234955.3465577300188397779729996      
   36601343208.6454285402135563980427834      
   36407153586.3638972710702332695508895      
   36209629302.9206276698705657659246802      
   36008733380.6467131905845634318337839      
   35804428645.9754098962131193607259087      
   35596677737.8514023993907504118526937      
   35385443101.3583411423781427907961239      
   35170686989.8640751093351161444714324      
   34952371464.7651732458127009289023429      
   34730458391.9155865927578556618231540      
   34504909459.2424733811047074712162778      
   34275686152.4900457712064519432228115      
   34042749769.2099908241145374358135171      
   33806061410.8187702325878784222820544      
   33565581996.0460255796899020450589766      
   33321272250.0723723121684242809053511      
   33073092700.7309674782752385043976495      
   32821003698.4057454499573032597705424      
   32564965393.9440035235939404180667385      
   32304937748.9914665085732816964151728      
   32040880536.9670306891911742831063317      
   31772753340.4273297821783465926864921      
   31500515546.7762987184838586787446715      
   31224126360.3072539827438184982036530      
   30943544792.3245079436761821697135032      
   30658729664.0051847186353981001692028      
   30369639603.9514360479274955058541749      
   30076233055.9044828970532830540090281      
   29778468270.7512263578424951976298065      
   29476303309.6448953874702815097629884      
   29169696044.0750202835709115606025942      
   28858604155.2961875442602474691349305      
   28542985134.6801771084519549280723384      
   28222796283.9132806353222508785554334      
   27897994715.2476067449779487076398364      
   27568537350.7065568734186464037339625      
   27234380922.6107528359214531010609384      
   26895481965.8957485772364652373217848      
   26551796845.8822779729576467783744006      
   26203281720.8914917181751235373068701      
   25849892565.2317497654576286030999491      
   25491585157.0889697489887517606478879      
   25128315103.6111352919769417753947551      
   24760037791.6067633249358878031019503      
   24386708444.6876595063370441022910986      
   24008282085.5898313618102917765338094      
   23624713558.3882789145468093877329331      
   23235957496.9679070730139932699845026      
   22841968361.0516259893053269962354018      
   22442700418.6580923751517595077248051      
   22038107744.2233441886205949396077835      
   21628144228.8735299298077726644838717      
   21212763568.7821683443501762238960231      
   20791919272.0303498159364550941911650      
   20365564660.6299354752804366755653801      
   19933652844.7397391759839326121437140      
   19496136799.6083208084194131433840262      
   19052969240.2988759438960213753287033      
   18604102746.6145616825499962062724122      
   18149489667.9576286174679199429914170      
   17689082228.0543868477728830272808447      
   17222832376.3197563221202928918752675      
   16750691930.5466087150339424704173636      
   16272612504.8061659958179729384612959      
   15788545524.0023329693864861207843434      
   15298442220.9975450041128237897899641      
   14802253640.5725744408762319082334360      
   14299930646.7570276519624759527708996      
   13791423890.2816745040645854061723587      
   13276683846.5265962139540813177961055      
   12755660813.0917572639624041626479571      
   12228304881.6432044787087433935392531      
