   44856507528.4232681202167386066597089      
   44856505816.5625383917797447511345012      
   44856503817.2301837302920151872366800      
   44856501519.8741294452493981281790616      
   44856498917.2294801640639293760511316      
   44856496004.0086731298051359607917231      
   44856492775.0739067806923743734086563      
   44856489223.5156489661075643456906985      
   44856485338.4595881791338285001206388      
   44856481102.7483162991285586275752210      
   44856476490.7479890157766814451484599      
   44856471466.5230069337302197620567183      
   44856465982.1447698162481524551020755      
   44856459976.2517309155491501625171757      
   44856453373.0170949487869841812163361      
   44856446081.4806827739439970285555575      
   44856437995.2313282011439294491671191      
   44856428992.1988585641441539461790711      
   44856418934.9632656827351122196801397      
   44856407671.1434131678429853954168577      
   44856395033.9480613451553227285151372      
   44856380842.7725303718269531139128732      
   44856364904.1169286205625127539922838      
   44856347012.2397145796834892546688600      
   44856326949.9104310287682465567221622      
   44856304489.1072015695315328537270947      
   44856279391.6136070981360595816994510      
   44856251409.5969005381718735745948735      
   44856220285.8713290331364317244033852      
   44856185754.2881908755368824668607956      
   44856147539.6816930947845548631552206      
   44856105357.8771410537044763578629270      
   44856058915.4221092095464598776786180      
   44856007909.1752577143907042687436678      
   44855952025.7012535298284263021698882      
   44855890940.5798665967196079837247287      
   44855824317.3880579208414995905590023      
   44855751806.6275821117352038105040228      
   44855673044.4552356434485485480979306      
   44855587651.2531724203009048799027509      
   44855495229.9226435715790447671739941      
   44855395364.0793181681845181557059490      
   44855287616.1703037241429986167759268      
   44855171525.1357579499576443531173410      
   44855046604.4417015664013581008081721      
   44854912338.5071359149834886363718938      
   44854768181.3553280660602525336723025      
   44854613552.6934801914626252108963898      
   44854447835.0677607819721624694361935      
   44854270370.4356161528720636937125454      
   44854080456.4635251370091532569644962      
   44853877342.7531854827583664832370070      
   44853660226.6170781422594563541305871      
   44853428248.9308323098951538807185341      
   44853180489.0027254994383607914254879      
   44852915959.8816007555730579611344558      
   44852633602.9106376541357768125546762      
   44852332282.0593785017428292610746562      
   44852010777.8067221227353474332605605      
   44851667780.6576635407628654346628910      
   44851301884.2071281510465330497497839      
   44850911577.6589516156009670353523819      
   44850495237.7845835488322691496767807      
   44850051120.5892408197616584058830009      
   44849577351.7097174046618189740584977      
   44849071916.5987613040951293426278895      
   44848532649.7861161301594606521577532      
   44847957223.0298335136571501708355857      
   44847343132.6953495438259908428619137      
   44846687685.8097753467795504766032343      
   44845987984.9685648428993023195572671      
   44845240911.6618211203252208069716813      
   44844443108.3118172128697479010663754      
   44843590958.3972711551146565934503988      
   44842680564.7026890485805943304836385      
   44841707725.9473313886691859585210055      
   44840667911.1987030886340759949157590      
   44839556232.4119476572607123076376961      
   44838367415.4301064557380576094486929      
   44837095769.3671053874641583143515023      
   44835735155.3044633312698903793199161      
   44834278955.0004765853511174725589061      
   44832720040.2695453240318559214598424      
   44831050744.9473733860935971316685800      
   44829262840.2855506666841518874265431      
   44827347515.9174834718610049860318464      
   44825295367.2907036228948180666404367      
   44823096391.4551763682430059538436699      
   44820739991.6239882562334459135005597      
   44818214991.3000220339670653366383883      
   44815509657.3307702493221798533934831      
   44812611730.8908243328629245544897481      
   44809508465.1257612286233046020704365      
   44806186666.7332349159005151951870572      
   44802632739.9594394803951478397838602      
   44798832730.0605897193930276206333754      
   44794772364.6557871623944612933494501      
   44790437081.7608412090349747343395470      
   44785812097.0841012483398352901668054      
   44780882381.9241511569640641024446278      
   44775632714.3039177689756047041821991      
   44770047687.2825698008590729699746875      
   44764111719.2642151324002773002122528      
   44757809059.8041877064796908468608818      
   44751123791.8489155853962659648849164      
   44744039830.7345085634251394072610072      
   44736540921.5398161840921213620655067      
   44728610634.1753535576696738172380191      
   44720232357.8222063668682505553579577      
   44711389294.6815024389692740170215366      
   44702064453.3882315261093213184764620      
   44692240642.4516747570142145526746937      
   44681900464.1400432243126085550316909      
   44671026308.3061250906786472565417331      
   44659600347.6214256421792018809363635      
   44647604527.4710902225736734446159581      
   44635020581.5297082921664115488092066      
   44621830000.3159884298478763107454316      
   44608014047.3931764572487480419911521      
   44593553753.8388575311261965228981097      
   44578429917.4839013955934647693075219      
   44562623104.3508547395096563349551405      
   44546113649.8450567600634001988496776      
   44528881662.6362609622027466164205865      
   44510907028.4240310298676891527441291      
   44492169416.6008961014882599671631897      
   44472648287.0442769508688150842730527      
   44452322898.8685410439210953852192585      
   44431172320.9763815860447535141185085      
   44409175443.0980594271261956444013592      
   44386310988.4697618208248640593100008      
   44362557528.4408487714654525780595884      
   44337893495.6197273742165865027361335      
   44312297200.4841148994801558864285456      
   44285746870.6617138660643037257470170      
   44258220562.2315655999280492286739808      
   44229696331.5500272540834761908376190      
   44200152141.8114834395341140544413655      
   44169565900.3779204626733389744707284      
   44137915469.1508640742687325116582010      
   44105178671.0213636712985625038037958      
   44071333295.2678970133438765426533650      
   44036357099.8799211680281567588429705      
   44000227811.4511003099847623746736286      
   43962923122.8864945646075815792505390      
   43924420687.7347263329518918641124362      
   43884698113.2357738942918422865788689      
   43843732950.3634432824211107009768522      
   43801502682.4002461803522176419054354      
   43757984711.4104732586817802007592781      
   43713156343.9235855413899806864541185      
   43666994775.8273558011941155259132320      
   43619477076.5405171244435872149128205      
   43570580173.5743799333017189970215236      
   43520280837.3587126638626803232811251      
   43468555667.3003623325936744477212228      
   43415381077.8176657806838261918802901      
   43360733287.4074189780795651870898948      
   43304588307.0871328262005270561109535      
   43246921932.6037235088002754354530482      
   43187709735.3752550307829584109287831      
   43126927057.4424627042654572297911980      
   43064549006.0158623219448719562355312      
   43000550451.9466629343173437587798893      
   42934906019.7208201499039050716683525      
   42867590096.0567234019325850889415478      
   42798576823.2589891441486182062274939      
   42727840099.0298552511746973161884916      
   42655353578.2607855973801821870638975      
   42581090672.9620629444372740960272837      
   42505024553.7636919299260312485160652      
   42427128188.5894679811008704413850229      
   42347374193.2637070787589524055491717      
   42265735064.0218321713232029088007756      
   42182183021.9660119652718424414042201      
   42096690054.9604483980793783500887335      
   42009227920.7877391849961787120894595      
   41919768148.2087965631702842676627078      
   41828282038.8815357566238756240774595      
   41734740669.8444341856413063210306257      
   41639114893.3839834596992409718344392      
   41541375343.4157037778872990121086014      
   41441492429.6763901528104256367094562      
   41339436347.6507646724660314414469960      
   41235177074.8774425863030920367438078      
   41128684377.2454128812813718569317425      
   41019927798.9341187888985241396769337      
   40908876678.4554060242454089719131257      
   40795500141.9233144681437243946336585      
   40679767103.8072877731310410599063710      
   40561646272.9048694244003139759490690      
   40441106149.2285618199369251053167573      
   40318115026.7563733066251480305146662      
   40192640993.2226867739051299486128199      
   40064651933.1251244039926029172450525      
   39934115526.2080575596996352209362949      
   39800999250.8445930947683508963577073      
   39665270382.4111254357417352753354044      
   39526895995.3000696055617263452997329      
   39385842963.8434713176231008994704171      
   39242077962.2783351900632556010763391      
   39095567465.5804698984580474509914264      
   38946277750.7380806938260041487768219      
   38794174897.1659525655428755435951938      
   38639224785.7171223070694156555972572      
   38481393098.9286375463498257138334990      
   38320645323.9999475813905396357212616      
   38156946752.4402426784480541300347661      
   37990262479.8906255377779113638845810      
   37820557407.6653592298449583815384262      
   37647796241.7729516200929309844718340      
   37471943497.1928712319007749217851581      
   37292963484.7578714920773546867227767      
   37110820329.9365690322198892355743190      
   36925477961.7922833244643684384620590      
   36736900116.8897535543884105814393402      
   36545050337.3732367217810479406507538      
   36349891973.7655496048135284073472153      
   36151388184.8948014026509470503571334      
   35949501934.4226228700643832364258875      
   35744195995.4736278679243688836374099      
   35535432950.1721930293670454491983685      
   35323175187.5798719082267794273104057      
   35107384904.8069813376490672913643478      
   34888024108.2092950461942125973014595      
   34665054607.2409138972486419046226183      
   34438438034.0061467280743818895954106      
   34208135819.1602756200093877491781829      
   33974109203.4672413331257731808339123      
   33736319234.0282307173368250467213951      
   33494726774.8824157568326037721553956      
   33249292490.2882519846434039038628352      
   32999976857.8484207940186331811980607      
   32746740171.0361579998331542934512066      
   32489542524.8261691910791944988723726      
   32228343825.3377025923451054832894520      
   31963103790.4352685458615925164479890      
   31693781947.0504985665905616215964118      
   31420337627.6880921024585648339377743      
   31142729980.8381218512018847058947834      
   30860917962.3604249430988791591370152      
   30574860337.3905331967112265841183711      
   30284515680.2118093278800171805818362      
   29989842378.7394461122817712239177916      
   29690798628.4157809187316816265229611      
   29387342434.9005950381545512513014358      
   29079431614.4594213371076597077415709      
   28767023792.7512833111689467290164568      
   28450076405.8656855408337614312694827      
   28128546700.3504045849341161920869853      
   27802391732.8806402969302548528084399      
   27471568370.1790359086886315442909505      
   27136033282.8174961567436107106731119      
   26795742968.8903119926927576956465940      
   26450653720.4867203274266595180412542      
   26100721646.5095144939510094778950669      
   25745902665.3012638548870263285567713      
   25386152500.5045689935689923074079704      
   25021426703.8056920393696999677202108      
   24651680606.5280084806329943494821073      
   24276869377.3422190720513451480325348      
   23896947983.2811041264420814978390985      
   23511871212.7151653557017239266645066      
   23121593644.8883852518790805695300999      
   22726069683.9994993628602789296756628      
   22325253543.0614256542088245519750449      
   21919099240.8883336697827748752261270      
   21507560613.0512870517758586626430377      
   21090591301.0879012108715666105051095      
   20668144760.2229554424455623538034948      
   20240174249.3180412565250052011068785      
   19806632828.5519753401060702589741160      
   19367473419.2574778823126942576134019      
   18922648680.8973987601906946176448100      
   18472111123.4958313785249113800427784      
   18015813079.7721675740678200007572985      
   17553706678.9810323527591530177146722      
   17085743830.2114568859759155066037837      
   16611876294.6181932036668407915570878      
   16132055632.2442221349895892948758723      
