   44856513694.8125532425847454599889348      
   44856513694.8082158175304606984707501      
   44856513694.7767144218601621288819872      
   44856513694.6196530862395124144507742      
   44856513694.0285970829695246618534673      
   44856513692.2334738983987898266174347      
   44856513687.6175383204306344650599088      
   44856513677.2123925503463790941381103      
   44856513656.1892856999850144410753872      
   44856513616.9484196770330737854415862      
   44856513549.0242277084281574906657624      
   44856513438.3519018795173671340863905      
   44856513267.1179974602997387652351718      
   44856513013.8336502099613862542856145      
   44856512653.7537138397053446952587460      
   44856512159.5115281026275738364021144      
   44856511502.8413826647099240021752701      
   44856510654.8334096760584244803641613      
   44856509588.4033245148441499904652225      
   44856508278.8071940454870688608536231      
   44856506705.2043222946890536081484375      
   44856504850.6979079372835276851488931      
   44856502703.0099214760991883729751600      
   44856500253.3108792257215209348108385      
   44856497495.5810887800931140172969494      
   44856494424.7069179056939236162309256      
   44856491035.0850002479571625004955287      
   44856487317.9753363665951962880001806      
   44856483259.7283659842227116051304842      
   44856478839.1246318047616617437417859      
   44856474025.6572857934890937911194899      
   44856468777.5063844783165133843286839      
   44856463040.2189848103913141767202427      
   44856456745.2696261976098733226945294      
   44856449809.3389601772152739371008810      
   44856442133.7726805256600079083511865      
   44856433604.3198776283144051565542122      
   44856424091.2190479303343528110537780      
   44856413449.5561968896024547085284521      
   44856401519.7342268862647826170184486      
   44856388128.0624198885812252934630508      
   44856373087.5349539671826264917116767      
   44856356198.5707881133038839171932439      
   44856337249.8780218534432716102658925      
   44856316019.0244106236864973872779874      
   44856292273.2165118550338690477451618      
   44856265769.8700523234871400929401279      
   44856236256.9848391839034243616211678      
   44856203473.6681706744293320993165873      
   44856167150.1350006260564680757627528      
   44856127007.8297366998973506411000007      
   44856082759.2702031423281740019491229      
   44856034107.7875734921962440133262086      
   44855980747.0160162280695157893914810      
   44855922360.2943106212667990635421753      
   44855858619.8921831254559663778007066      
   44855789185.9570969149931819157288372      
   44855713705.4420848481563249522665616      
   44855631810.7910601569737652880007095      
   44855543118.4362048386790857877453016      
   44855447227.1550520247521363798681454      
   44855343716.2558461017840577732895423      
   44855232143.6048893568789163189307202      
   44855112043.3269473772915381257835152      
   44854982923.6212183748220192104255939      
   44854844264.4216679981325169280681876      
   44854695513.5566651207389922384728152      
   44854536085.3651525377987363717794308      
   44854365356.6278046791927949195964164      
   44854182663.3437635651467885413106564      
   44853987297.2022866480671842401316601      
   44853778501.7247577371939412484585576      
   44853555468.1268261345321764131913291      
   44853317331.2750441061379986898676469      
   44853063164.5304923000080299038998384      
   44852791975.1405561328108163920436778      
   44852502698.9439619910061636014751728      
   44852194194.6567577162212220482370402      
   44851865237.9627176695417089786647946      
   44851514515.0388342786199740292396019      
   44851140615.7862820685356323817184811      
   44850742026.4447631574676854884827201      
   44850317121.6545225338383208735076421      
   44849864156.3871224824103809653520498      
   44849381256.2991968220945569066081861      
   44848866408.3061100351557659497231509      
   44848317449.8505608513312592235361214      
   44847732057.4717220098444911804095978      
   44847107734.1391897877075485053890454      
   44846441795.8225778696933559963032010      
   44845731356.3739709364061344429747594      
   44844973311.3889303076482051635578581      
   44844164320.2632963709096455882893319      
   44843300786.4517103418372679272360510      
   44842378836.1679691611973622784699783      
   44841394294.8384892401009636120856280      
   44840342661.4103221573744373466502165      
   44839219080.7760220772276027765753278      
   44838018314.1229663989230908581666997      
   44836734707.5004224331560542836927514      
   44835362159.3531616724200054559730361      
   44833894087.3077091320905551108911013      
   44832323395.6280086666657900460280925      
   44830642444.2164029564893397392144444      
   44828843021.2572563164799061622860521      
   44826916320.3586871376361177083565691      
   44824852924.8687088941562020130708208      
   44822642799.9869981265738554032941019      
   44820275294.7006590374332042133344676      
   44817739153.6685580195950730698628026      
   44815022539.1298483125763685581575531      
   44812113062.0701271983728347297251663      
   44808997820.8940751922861011314461471      
   44805663445.4430932573286233008490366      
   44802096144.9409465148776863361758304      
   44798281753.7380075819860440717013830      
   44794205778.5483917297258490702812437      
   44789853439.0968894669545657650622035      
   44785209693.6658030380491103788090364      
   44780259310.4835277726513591825103469      
   44774986833.1290939171389123154015547      
   44769376634.6066028514376902383591556      
   44763412920.4191844695040031916435762      
   44757079735.6012905839915500004503875      
   44750360967.2181102612636451671454767      
   44743240343.8221762680848036828929116      
   44735701432.1310429161293973082288864      
   44727727632.0893199245871427904603455      
   44719302170.7182830228018722969041890      
   44710408095.0693866784341319684424232      
   44701028265.0474162404450966454275195      
   44691145346.2985364343872108183597460      
   44680741803.1596674828434885252627648      
   44669799892.2524161240377129862997034      
   44658301656.6562873892346066892553569      
   44646228915.5651686950969128874258992      
   44633563279.1621975134658842009546441      
   44620286116.7583981556409414957091475      
   44606378572.4208355214807625592135788      
   44591821558.7929814064314188717216257      
   44576595756.4809243913503668308098216      
   44560681613.9642763879884397684698410      
   44544059348.9765153392497914243902994      
   44526708951.8684116257920083331443262      
   44508610188.6119967372777408656790361      
   44489742606.7852112039375005602964785      
   44470085541.6278089063653780454308957      
   44449618124.3736005027992097402497095      
   44428319292.2250711239736749861160478      
   44406167798.5387461306714515586312944      
   44383142225.3051773280483523702612271      
   44359220995.9667508370690958322969830      
   44334382390.5444928607284038713825437      
   44308604559.1930956918328119975783433      
   44281865564.0360370004977820820075596      
   44254143288.2463394384033611770476243      
   44225415609.8882582415367715838730970      
   44195660308.4398396579609025616834111      
   44164855103.1516275072268305948866515      
   44132977663.4726467457061017183765804      
   44100005617.9678971435097717436029545      
   44065916559.8387283680667583135792110      
   44030688051.0661284736765257533174299      
   43994297623.3092709933534723115298475      
   43956722777.3441054585586965003121884      
   43917940978.1665869246831683228782265      
   43877929649.7834661828065085559231171      
   43836666165.7076401815010031063809498      
   43794127838.5887717838086726396292811      
   43750291907.5518269242395533463447320      
   43705135524.0510206407024946797022534      
   43658635736.9907472529621687115612006      
   43610769476.9579268088193801935686043      
   43561513540.3895119064416007232634360      
   43510844574.4276495708098007460371609      
   43458739061.2870858111607037968130247      
   43405173305.6061170500028525865172582      
   43350123420.1424351780683074888158154      
   43293565316.5056431316263823794504618      
   43235474693.3851219424169000512522574      
   43175827030.0404738801257771510062462      
   43114597577.7769365578181507331561531      
   43051761355.5924883234188694317592620      
   42987293147.2005768461111433149720598      
   42921167491.4254741705450273716499813      
   42853358690.1342145096738091333902503      
   42783840800.0877311801737771370451048      
   42712587634.1847884732886507433470757      
   42639572762.0183829325118590786431344      
   42564769510.3232048689697973997007435      
   42488150963.7825620041139466053510053      
   42409690004.5643615774654080256806829      
   42329359159.3319940111618561312482610      
   42247130837.0261971253788269729378733      
   42162977170.3631105666062655732334517      
   42076870058.0521264093833447786496208      
   41988781167.8256577094110688228931035      
   41898681937.6632191097718381506714453      
   41806543578.1411834636231301627315051      
   41712337074.5482578444673114499229380      
   41616033187.3662510871328527766957643      
   41517602455.5042119426001948714727388      
   41417015197.4383723982533699170981112      
   41314241513.8677769041779499786877248      
   41209251287.7896680138999498404035134      
   41102014189.9139453948424650641939260      
   40992499670.2681106902485312960721422      
   40880676972.4827021851181754641562139      
   40766515124.7189627020528592326961964      
   40649982947.8223871252956612446120047      
   40531049053.1010398801083751100072505      
   40409681843.9075288318914848472680860      
   40285849517.5504092303082530294708454      
   40159520065.6406596995561429132012121      
   40030661275.2489755915630504522613230      
   39899240729.6194687341608977726123259      
   39765225808.8228692146718926841234015      
   39628583691.5659403046463170819238036      
   39489281354.8628500583826431633585189      
   39347285575.2466835212859850225978685      
   39202562929.5996027198797779261603823      
   39055079795.3591780896923285367127784      
   38904802351.7270952663986965552871147      
   38751696580.4405865135826376216248088      
   38595728265.1179664980836628905942198      
   38436862990.2975544185177670428942148      
   38275066145.9920178965155936353572874      
   38110302925.8172200049047096107570263      
   37942538328.2938857732202398833690602      
   37771737156.6130547799274051311233999      
   37597864022.2855417212833918752473264      
   37420883332.9256220668173588093273586      
   37240759312.4336759722272312262017115      
   37057455985.5368302152027878985526105      
   36870937183.6083995323746065946440111      
   36681166545.4438049665135179588531283      
   36488107516.8358503337503552269244217      
   36291723351.3694643896195843467516263      
   36091977108.6396462367133363092586203      
   35888831657.8224912439812783653028382      
   35682249675.2089555850466256628850197      
   35472193644.3278499850762180679809900      
   35258625855.7469220332125928343702262      
   35041508413.5325235210565832978642516      
   34820803220.7456132163371545688548664      
   34596472006.4087725512678807288002213      
   34368476290.3120715022192896141935417      
   34136777407.3493799753223069192143165      
   33901336507.5826438619696928129868029      
   33662114538.9138400951454098576661232      
   33419072269.0155165784783602453897279      
   33172170267.8042791642307247251873944      
   32921368918.8663017736770613100290576      
   32666628413.9483786215114046406731202      
   32407908753.8231402045160556513040771      
   32145169746.9695388651665294118448384      
   31878371019.2585979897549749793467911      
   31607471999.0433677297654456706220315      
   31332431928.8595971154027191627919473      
   31053209853.0574712997429055534835646      
   30769764634.7390897281963851198341458      
   30482054944.2194063631423805569084360      
   30190039262.3327667887057749318494331      
   29893675879.1472004947551612820732969      
   29592922895.0751935735732142505724904      
   29287738220.5839910497103604882608399      
   28978079576.3607864207508099202366283      
   28663904493.0499809771679512031229783      
   28345170311.4492801277306860656921507      
   28021834183.1853926404994792192696435      
   27693853069.7456312211723521196673748      
   27361183742.8864677573637264009354656      
   27023782777.4991691140229939005774168      
   26681606584.6462352858456238341387053      
   26334611341.7760946761081572309895404      
   25982753080.3641512847267486964071339      
   25625987623.5651569274822287171306808      
   25264270593.5481072870352851046102421      
   24897557440.8373778574238054543535401      
   24525803419.0986914352356821566601455      
