   27.1330481652765029889870591499727151      
   28.0869866070927878458085801850095075      
   27.7999310613844031628557345344440691      
   26.2575710487778323857781890231854790      
   23.5844739197730506249445296351613129      
   20.0461471153930785955049441353631778      
   16.0342868419434580963761469416253911      
   12.0260944419753599464425790283731434      
   8.54925912099682451584739424649243924      
   6.13018756095375299479796049982207912      
   5.24745497690975873666809476910529133      
   6.30022197642839046499916464555345661      
   9.57066339523405216410641186668570241      
   15.2189663179464303485533498483199677      
   23.2729775426625708229526578650907140      
   33.6528538847813042681645562938117913      
   46.1805485214568958076588470909613550      
   60.6086461219981014531798188337055787      
   76.6452805841885920221156377091534412      
   93.9858523604804246271588729343850693      
   112.326325537493280290849698439477672      
   131.386298220070251044764557586423320      
   150.915931712765651167479988993062333      
   170.712156615549034839875876267500391      
   190.611668681150613653141772519492708      
   210.501772049627173019825451611083383      
   230.313671262207067213851558723411312      
   250.025623332488567355150844232911977      
   269.648556350325295053370522069001712      
   289.233350075549598148256079739420134      
   308.859554232475914344570228042674583      
   328.634785338938491486370178351091535      
   348.687300896763012398631160858444333      
   369.168217867630317609073371852870430      
   390.242783730447963272936127673226275      
   412.090362374461429602027810008430474      
   434.903784537620257988875386995998844      
   458.888632087994168476093844098929132      
   484.259896747697296027137909687743632      
   511.242676715180480887269044609234791      
   540.072870827189721518175634646361390      
   571.000760405860360287999763507228174      
   604.280884189209708341443788317131258      
   640.187650840031071358629047777583905      
   679.010054740298497407915613923827181      
   721.018289511134532982146303154043372      
   766.574329825399598193810082605326656      
   815.978633977051292842098998258182632      
   869.614782932264223379473787204602282      
   927.806613013852898895246289221198173      
   990.962790965412912000110152155091672      
   1059.49649434030653742773645590020099      
   1133.80938729261359264407493979059805      
   1214.41589440425793977117733496192011      
   1301.77341863189854202950793580712939      
   1396.37475902339155891418145259270811      
   1498.78555748767200297855760765049260      
   1609.55634022672907781034610629567652      
   1729.30930117080112251087192161573198      
   1858.60700614941081721921754588316544      
   1998.12534185504242360936767156785625      
   2148.58890132752548482616685961054983      
   2310.61802230788080449581401582647734      
   2484.98553689080742770247805267465837      
   2672.45453970197215224738490636815998      
   2873.80712383698750159669976414462597      
   3089.84968363108394264266382837435060      
   3321.35567435058369485785634524175646      
   3569.24741448172959358530750309122269      
   3834.29694688174301040165449258160566      
   4117.38766599941013484007269136093942      
   4419.31938240288863482691609412242989      
   4740.90566110133148887686473833119969      
   5082.85443309589220502738189082509522      
   5445.85555281516751952718803095603466      
   5830.52674462914660814887199191606229      
   6237.25600439423699825235083917627859      
   6666.37778728251342687315763388110038      
   7118.01917188733115335725490392887526      
   7592.32221785157312414164979526741193      
   8089.42527021410290664735407674045641      
   8610.23672155986523176635942748258940      
   9156.17903547344288244126274027378057      
   9729.34944936717643742993561128583433      
   10328.3094740156324397660845906869864      
   10947.8443723659348049774689773933099      
   11577.6448889231002315665079191700246      
   12206.0826230675532703206819566886380      
   12824.1807930499309603384472103828839      
   13430.3688314980610362096584908494058      
   14034.5505147472676213230229738134996      
   14661.0570378380916810296077122596193      
   15347.7129321494877670074361042997078      
   16140.4865135597539067218563159738497      
   17083.1520759103677837926066658665406      
   18203.9078703530664682901624383170384      
   19502.1143372528453272458252555469103      
   20938.6095173949788023331507186612851      
   22431.9144716143896782616623918754563      
   23864.1160737166542334783914691853248      
   25095.8108856785622708966292228630280      
   25985.2494095572116896333963969126553      
   26411.5008429454855023194284167126937      
   26295.4959392507927498645996300411794      
   25615.5787393405843471138925291860918      
   24414.3061098079332278920871102263061      
   22795.9346701275997936342064902779279      
   20911.6895560642546433403266728137729      
   18941.2967061582482456898362034621331      
   17066.8553368663132858958856923553242      
   15448.3617705175223261322205823604996      
   14203.2432863382034451270482529800038      
   13393.8456424078632065763094602866926      
   13024.7569843388170565869431417367633      
   13050.3781989133241339255119984086016      
   13389.2402141608763178024692920715383      
   13942.2057607669828939123500834302471      
   14612.6172125877246286547935100596125      
   15318.4786939602794499723724245801872      
   16001.0173356978586270183313875660454      
   16626.8689618869655668263831789819275      
   17185.2259010515508131688128024487882      
   17681.8000839860472975671141727979122      
   18130.3100585519492191106183211660772      
   18545.0257243051436330088473748448303      
   18936.7245243577794793346659409435970      
   19311.1705858286860829146347634606732      
   19670.4219591636455303148571875661166      
   20015.1917872278532009723371447797824      
   20345.9763061315774400893694183747754      
   20662.9821829919235396225030995890367      
   20967.4514652321372125366632425476368      
   21260.4831688920692516264296076780029      
   21543.3171691432495849410454119549505      
   21816.9435588268835954726286858701899      
   22082.7113144055303362493464370766724      
   22341.4158535030033879719177896055979      
   22594.0389740364139045360946800165777      
   22840.9488982663106118725865741241663      
   23083.0038233620919331812598367105752      
   23320.6417142531829140339778210175669      
   23554.1067980341209483368562517377356      
   23784.2238669221923847091598553116231      
   24011.0419526546035317410958428986643      
   24235.1263861021988782296518874410484      
   24456.2514724880373640563784698966969      
   24674.8890495762112688539259374411973      
   24891.2672081891248195944271412037432      
   25105.2341326188260706532745777544928      
   25317.5735989392123603125461884917440      
   25528.1413940037898398822887000736070      
   25736.8509574989241132343992698373531      
   25944.1931082316964236341940598372908      
   26150.1090391987620216294024482220793      
   26354.9587062836750020501056120583725      
   26558.2398552016816451650520836315087      
   26760.3729126149382681899607461131442      
   26961.8094211809753017076659712712694      
   27161.7836328414831837011098539736865      
   27360.8033356955694663203892921226950      
   27558.9363956311483615130916354039955      
   27756.2176886981250094297343736784786      
   27952.2735722503708000677882575176195      
   28148.0154828208993161355741687133941      
   28343.0926007683001531347500842519956      
   28537.1968122979278300450766414449693      
   28730.9980800765236430684601178894849      
   28924.2485474596733486290117433671460      
   29117.1381750502110156416619471421155      
   29309.3364685838548309716298870468910      
   29501.0796173006716775364243600295868      
   29692.6761539346162384035448713061551      
   29883.5223228297953395586156980292970      
   30073.9912985817587795202341829160666      
   30264.0922703075383229784228458473389      
   30453.6383683822602078944891937249065      
   30643.1010384419033727734135499318570      
   30832.2153151085519715740486246247367      
   31021.3490271617349970090106576956928      
   31210.0002582485549125396232030101176      
   31398.5037610082381303357408838135229      
   31586.7880461700322234394596954452581      
   31774.8898813918178936963817285308560      
   31962.8109328831979799585357369834339      
   32150.5423259205206377047812176927512      
   32338.1241195396466563916500984508354      
   32525.5782758553479443922743381462645      
   32712.8725203877411242889742674682455      
   32900.1097307968778075201777329286247      
   33087.2348877013386867192861114490100      
   33274.3206720691855335105729343583299      
   33461.3346761873920653752613638863663      
   33648.2962017818982197860131743207197      
   33835.1888992722691921295612759192975      
   34022.0174525294002096274216768982653      
   34208.8039637127786207486324250905717      
   34395.6398575499537927482327772568960      
   34582.4004705421068363361745208282935      
   34769.1014391523532430847170946913630      
   34955.7279280814914401921614749146710      
   35142.4735580748824853048418441380668      
   35329.1184450786197505871927071707615      
   35515.7664354837694690840961785002985      
   35702.4916592346008600493916831993039      
   35889.3334406670476566222648983529322      
   36076.1345101961962194456992401375687      
   36262.8670035226529315882073569776810      
   36449.7034544763940231476903912067264      
   36636.5792854122272775155417785713621      
   36823.3112921724827080776579237071238      
   37010.1930508686253213594739770026724      
   37197.0087563630705955891171132278705      
   37383.8204028478671740805996137361532      
   37570.7532284983347931394706894530151      
   37757.8595593748226499884610534933392      
   37945.0390323446778324562388710121507      
   38132.0301812797461681620815198786374      
   38319.2762969727311826738379980350493      
   38506.6816900492651668845782005700441      
   38693.7963744088687765554409116827747      
   38880.9852478236730583877004815285197      
   39068.2475239996068805030285189802987      
   39255.5739317063428017837903791822892      
   39442.8244869805722343548656477322918      
   39630.2210707251856134080677430180687      
   39817.7938743828607743379802810796206      
   40005.1613918985080160027474412488835      
   40192.6772106323293642040243906936343      
   40380.3211470493820416793557755310828      
   40567.9969196950475860363724547540956      
   40755.6463365399478753287734468840575      
   40943.3653304622777898930402853383738      
   41131.2793818559450844172679349612619      
   41318.8709558881900113325113457288756      
   41506.6375794293057107548084259064800      
   41694.5405781970753068358807093781962      
   41882.3390764773730401163054969586792      
   42070.1839431359608492591810994243801      
   42257.9105526463886297379207976906402      
   42446.0381517454399889757608819550851      
   42633.9031885073344406513806626279052      
   42821.9101675478136759648139085873932      
   43010.1558799031631031320539265768117      
   43198.3680806510620061270248739945655      
   43386.4931637018942086308201532252128      
   43574.6115237415185076019295548187157      
   43762.7647319253178639631437478405023      
   43950.9673205957471119268997934236436      
   44139.0066949591496947371166288155313      
   44327.2707349174864956163049080429409      
   44515.3413176370064901625038715750940      
   44703.4307730131046861701679519046045      
   44891.6794694531980799529090620544801      
   45079.9848126445552740784381262713951      
   45268.2311659425191636243264201965936      
   45456.3875733178519139099001041721565      
   45644.6881268582343346823672404086390      
   45833.0252270228632459961647223671423      
   46021.2956553235861776498247831693348      
   46209.5882925000720900871858423703086      
   46397.9449057147463830766789501147275      
   46586.2415507952666048652466228158509      
   46774.5016408798924580643954762374074      
   46962.8123535172157792885379705624004      
   47151.0897169078783293461163673761331      
   47339.3278537416387079023001019507470      
   47527.5540035765919098598383287888383      
   47715.8363182156260771503462248504161      
   47904.0982693209133980033062303256994      
   48092.3409447588966988594789687434752      
   48280.6309354742369113707771290143440      
   48468.8757495662364059866282053738079      
   48657.0370957226121019710130251323997      
   48845.1629141968369751506549879572241      
   49033.3263030052071870887496403828417      
   49221.4858739735283329163451834279459      
   49409.5727548336789883929442912373310      
   49597.7065066153807577230454434854464      
   49785.8167318655084945333528838284037      
   49973.9013418076609235525675641881747      
