   47.326235308428870        64.314490046515729     
   47.326235308428870        64.314490046515729     
   47.326235308428870        64.314490046515729     
   47.326235308428870        64.314490046515729     
   47.326235308428643        64.314490046515616     
   47.326235308398651        64.314490046500637     
   47.326235307396558        64.314490046000017     
   47.326235293486860        64.314490039051037     
   47.326235186835170        64.314489985768347     
   47.326234648728366        64.314489716915858     
   47.326232647573242        64.314488716972519     
   47.326226726210948        64.314485757620844     
   47.326212022657849        64.314478407131347     
   47.326180192548172        64.314462488915368     
   47.326118420786152        64.314431582343559     
   47.326008669915090        64.314376637970909     
   47.325827293793445        64.314285773948455     
   47.325544998330876        64.314144240019317     
   47.325127143354372        64.313934546638976     
   47.324534294845641        64.313636708621047     
   47.323722933890679        64.313228551296973     
   47.322646226486491        64.312686026131416     
   47.321254801709870        64.311983509659726     
   47.319497429083079        64.311094027794795     
   47.317321677747110        64.309989464697821     
   47.314674438739026        64.308640697060127     
   47.311502435924268        64.307017742659610     
   47.307752657200950        64.305089893646056     
   47.303372794842950        64.302825900287800     
   47.298311665009045        64.300194191866339     
   47.292519638866963        64.297163159825374     
   47.285949060085009        64.293701487235936     
   47.278554663543176        64.289778526647765     
   47.270293957236525        64.285364699516109     
   47.261127562725527        64.280431903250829     
   47.251019488428419        64.274953900766434     
   47.239937333018936        64.268906679662393     
   47.227852389161683        64.262268755510746     
   47.214739664917516        64.255021417529974     
   47.200577792235336        64.247148892949866     
   47.185348845820087        64.238638437154862     
   47.169038061063304        64.229480339281778     
   47.151633473923248        64.219667851720160     
   47.133125475476689        64.209197040106503     
   47.113506312888781        64.198066569667176     
   47.092769523416870        64.186277422603482     
   47.070909313860724        64.173832560664593     
   47.047920018114297        64.160736576832505     
   47.023795313940120        64.146995233333200     
   46.998527648489862        64.132615051072037     
   46.972107555325188        64.117602837827704     
   46.944522997522213        64.101965210468009     
   46.915758723197371        64.085708109491321     
   46.885795636979246        64.068836311666260     
   46.854610195023533        64.051352946041405     
   46.822173817181479        64.033259013116577     
   46.788452325433809        64.014552914060843     
   46.753405406175723        63.995229990711948     
   46.716986093793402        63.975282075882511     
   46.679140278361345        63.954697057956601     
   46.639806239096387        63.933458460535320     
   46.598914170864944        63.911545025194798     
   46.556385763628057        63.888930316196927     
   46.512133764205259        63.865582331854299     
   46.466061557486277        63.841463123625338     
   46.418062752669691        63.816528424480381     
   46.368020761664759        63.790727276610660     
   46.315808387652964        63.764001670796567     
   46.261287387975017        63.736286173122707     
   46.204308043029499        63.707507562306525     
   46.144708699795949        63.677584454351418     
   46.082315283585338        63.646426911837537     
   46.016940800163255        63.613936052153939     
   45.948384796129858        63.580003631910280     
   45.876432775197962        63.544511608748707     
   45.800855584540670        63.507331686669737     
   45.721408736474096        63.468324821569318     
   45.637831677253601        63.427340698118243     
   45.549846415512867        63.384216880763411     
   45.457158782693014        63.338779244162488     
   45.359454455716801        63.290839836989235     
   45.256399771557106        63.240197060166864     
   45.147640133511295        63.186634658572167     
   45.032798674365807        63.129920816834897     
   44.911474807132855        63.069807176466590     
   44.783242588666440        63.006027734136531     
   44.647648889045918        62.938297614954116     
   44.504211312085090        62.866311687590439     
   44.352415856162509        62.789743011502317     
   44.191714251489330        62.708241085880594     
   44.021520886152743        62.621429830744077     
   43.841209325207998        62.528905339017236     
   43.650108224466621        62.430233230131904     
   43.447496701898309        62.324945702731185     
   43.232598814406387        62.212538040316012     
   43.004577145170970        62.092464601745370     
   42.762525273444616        61.964134163981626     
   42.505458810608658        61.826904454314196     
   42.232304848242400        61.680075777180036     
   41.941889254797807        61.522883475077364     
   41.632921496921838        61.354489022919424     
   41.303976380618025        61.173969489134159     
   40.953471897107953        60.980304944413461     
   40.579642325788775        60.772363417794907     
   40.180505421611130        60.548882842598132     
   39.753820287828269        60.308448185415941     
   39.297047543328901        60.049470735599925     
   38.807277758660113        59.770150043220752     
   38.281172005832808        59.468444285107147     
   37.714886844223386        59.142033296049505     
   37.104012633831154        58.788291064514219     
   36.443568709665854        58.404292224086269     
   35.728170249125917        57.986916233731655     
   34.952580381046481        57.533165025071014     
   34.113048397027498        57.040912365508994     
   33.209416088838239        56.510061035071331     
   32.246721415816310        55.943404571828069     
   31.234025097861483        55.345972319698504     
   30.181808568112082        54.723656489457035     
   29.101613128958608        54.083091001886160     
   28.007180363023014        53.432279373967170     
   26.914149075779264        52.780343651694182     
   25.838143289636506        52.136365628113765     
   24.792668477980762        51.508153839944768     
   23.787825998067412        50.901510938917497     
   22.830028909364110        50.320091479848919     
   21.922444918426482        49.765679224886306     
   21.065718357856063        49.238615714802123     
   20.258767014658194        48.738265597426143     
   19.499436020748057        48.263392500841178     
   18.784992418623460        47.812440403629317     
   18.112464159577762        47.383724658137993     
   17.478853403761438        46.975550799780208     
   16.881273134779264        46.586291618487174     
   16.316996209321779        46.214411955337404     
   15.783497618060624        45.858493449864802     
   15.278457803444576        45.517235851426925     
   14.799757410973356        45.189454069031164     
   14.345465809111266        44.874071766709946     
   13.913826827808137        44.570113357909932     
   13.503243708908823        44.276695469101554     
   13.112264257296875        43.993018422793568     
   12.739566747056763        43.718358060385825     
   12.383946820712751        43.452058064941461     
   12.044305553762348        43.193522937351993     
   11.719638279173966        42.942211255821924     
   11.409025207931373        42.697630243086714     
   11.111622374856552        42.459330267103525     
   10.826653879972074        42.226900255372037     
   10.553404960864224        41.999963582629803     
   10.291215838649954        41.778174449571758     
   10.039476289569945        41.561214696793421     
   9.7976208676278382        41.348791024360004     
   9.5651246229700551        41.140632530731708     
   9.3414993665127088        40.936488566408649     
   9.1262903287242274        40.736126843327241     
   8.9190732063393146        40.539331769228745     
   8.7194515277418425        40.345902976006798     
   8.5270543030593178        40.155654015587089     
   8.3415339219652900        39.968411200619620     
   8.1625642686400539        39.784012570595912     
   7.9898390265767461        39.602306965324900     
   7.8230701497410129        39.423153194195478     
   7.6619864831110691        39.246419286774135     
   7.5063325113434116        39.071981815408897     
   7.3558672197729065        38.899725278301865     
   7.2103630760925617        38.729541550646950     
   7.0696050713445189        38.561329363192264     
   6.9333898601711397        38.394993834822877     
   6.8015249994799776        38.230446068559516     
   6.6738281922427056        38.067602726302916     
   6.5501266588668781        37.906385700992438     
   6.4302564864312712        37.746721743706082     
   6.3140621194104254        37.588542202032841     
   6.2013952275385051        37.431781839074624     
   6.0921165533229367        37.276382041814671     
   5.9860919698807660        37.122285350351611     
   5.8831944010390833        36.969438703687040     
   5.7833029070312785        36.817792413953917     
   5.6863022633081242        36.667299894641019     
   5.5920826863165853        36.517917528795174     
   5.5005394781302144        36.369604445282974     
   5.4115727891205303        36.222322403160511     
   5.3250873024420953        36.076035586293528     
   5.2409920347651759        35.930710514616443     
   5.1592000558142646        35.786315853269102     
   5.0796283141832603        35.642822333770688     
   5.0021973899193286        35.500202585879805     
   4.9268313508935417        35.358431076314403     
   4.8534575290895523        35.217483952931460     
   4.7820063828319297        35.077338978784425     
   4.7124113163141974        34.937975408191861     
   4.6446085541713131        34.799373929132827     
   4.5785369825628939        34.661516551015765     
   4.5141380207821706        34.524386531523923     
   4.4513555019428317        34.387968304804041     
   4.3901355537736260        34.252247407039782     
   4.3304264892474746        34.117210411354222     
   4.2721786917267224        33.982844840802983     
   4.2153445424403486        33.849139169130375     
   4.1598782945806905        33.716082677483854     
   4.1057360036743580        33.583665454821549     
   4.0528754436564398        33.451878334091745     
   4.0012560236269090        33.320712842335183     
   3.9508387148579622        33.190161153492966     
   3.9015859832405626        33.060216047261797     
   3.8534617175847878        32.930870865266954     
   3.8064311667431574        32.802119467928343     
   3.7604608787162497        32.673956199389046     
   3.7155186494264587        32.546375860154903     
   3.6715734574013523        32.419373656633994     
   3.6285954232182926        32.292945188559315     
   3.5865557558250267        32.167086409942200     
   3.5454267035517821        32.041793597913106     
   3.5051815138078646        31.917063332796420     
   3.4657943865225640        31.792892467000218     
   3.4272404418412168        31.669278113044552     
   3.3894956668386342        31.546217593406663     
   3.3525369041823678        31.423708471211423     
   3.3163417912175626        31.301748475905843     
   3.2808887418396107        31.180335513404764     
   3.2461569102559080        31.059467642574496     
   3.2121261648196664        30.939143065491091     
   3.1787770560422111        30.819360104709894     
   3.1460907907162574        30.700117192710799     
   3.1140492035979368        30.581412851223327     
   3.0826347369666376        30.463245693465360     
   3.0518304112488406        30.345614393997732     
   3.0216198097723663        30.228517700712782     
   2.9919870511407773        30.111954407247424     
   2.9629167710135169        29.995923351010582     
   2.9343940997061075        29.880423393717610     
   2.9064046457905799        29.765453430567220     
   2.8789344802901677        29.651012376564907     
   2.8519701146518992        29.537099154747359     
   2.8254984903327234        29.423712703770885     
   2.7995069536721959        29.310851947809478     
   2.7739832482049840        29.198515811535902     
   2.7489154962943192        29.086703203568199     
   2.7242921905401412        28.975413030184804     
   2.7001021753293308        28.864644174353707     
   2.6763346299444186        28.754395472175336     
   2.6529790794858550        28.644665811840483     
   2.6300253488759369        28.535453979610288     
   2.6074635738840390        28.426758755977627     
   2.5852841851354302        28.318578890132162     
   2.5634778977668402        28.210913097842031     
   2.5420357011233832        28.103760059632318     
   2.5209488500374051        27.997118420658662     
   2.5002088549916417        27.890986788286831     
