   6.60744367286539495104807887681717422E-0003
   3.33783967683183672526672955131606473E-0003
  -5.34505106867857917987054242857719174E-0004
  -4.58889722500087950078360315799155328E-0003
  -8.37898289512569840389935421405836098E-0003
  -1.14758550550067063561742604731207549E-0002
  -1.35373861846173294263122931119964098E-0002
  -1.43452706862451866520758370746906142E-0002
  -1.38303987736059689091794947209318612E-0002
  -1.20812219397690727308855355250986140E-0002
  -9.32061025872743139679084161923156073E-0003
  -5.86688445947623265519373072195110163E-0003
  -2.10004563547973709857970298989526638E-0003
   1.60607614463557710160946011773688536E-0003
   4.91024887168052156553532113425801055E-0003
   7.56480324613039178502633488744867089E-0003
   9.40551062752592962622310031652033008E-0003
   1.03909051379884632707947126421415528E-0002
   1.05519115078441028792645340270729363E-0002
   1.00064591193479476577594385201627284E-0002
   8.90194060762799117808578299213665998E-0003
   7.43114772037888322581361498692719754E-0003
   5.75242726798684038713870559912837917E-0003
   4.02996555209335955739428258424194753E-0003
   2.38162353218923488762302332613330278E-0003
   9.04907764106300457580638687268088494E-0004
  -3.47590479217813718859367507958088322E-0004
  -1.33744589207566929045892605644981797E-0003
  -2.06658973027808853199495395534576626E-0003
  -2.54470148822536851157859038508558642E-0003
  -2.80434709349863928551561797315694360E-0003
  -2.87229231575834856681214192601684717E-0003
  -2.78943437566683612094691006280055073E-0003
  -2.58806441688808761179460511001471227E-0003
  -2.30447554021354563269899191223965937E-0003
  -1.96869318142852541651830020477951044E-0003
  -1.60546507697540406517508467494348139E-0003
  -1.23195195383045145955116281741267828E-0003
  -8.63082212314290519850646994868368294E-0004
  -5.12472688008702647141241052385767906E-0004
  -1.81353863449883820208402719658282778E-0004
   1.26423371994255846235514124999400338E-0004
   4.10080903092653870408511935698976767E-0004
   6.70285783233178152202382380780001018E-0004
   9.14748475677204569045282302953250029E-0004
   1.14254387939147493970966042366589464E-0003
   1.36076526107524203796593231721179501E-0003
   1.57684761578216062059509421868976104E-0003
   1.79632782116399532159872190418574212E-0003
   2.01811633768562274434477915190054528E-0003
   2.25013238255514838611904146518822003E-0003
   2.48991333219053313369994592205896367E-0003
   2.73010843116986102929958611706257681E-0003
   2.96316012342627899006622961887612127E-0003
   3.16971568308470570569585394542343335E-0003
   3.32294245121828754408259319133777772E-0003
   3.38129812257816743419471355195119110E-0003
   3.29614979649647081336972562684459617E-0003
   2.99978422032891181878045959345815864E-0003
   2.40415535394069637381199797719972752E-0003
   1.41152636104503408359228710583335012E-0003
  -1.33066801456621572744285530072977899E-0004
  -2.17036943082771197074843538779929911E-0003
  -4.99657430098823661545222830121113934E-0003
  -8.57617610027637010774872369964804486E-0003
  -1.30103219168909862480480850172871865E-0002
  -1.83297438235783368079492149762493543E-0002
  -2.43101238178311219919635173502204740E-0002
  -3.05218365982800112640812205902975081E-0002
  -3.66164402329310983971153340589273337E-0002
  -4.21677623904687077319998981380123215E-0002
  -4.63448474223079075382053871623804028E-0002
  -4.85277513571035279952195149575325736E-0002
  -4.80255294533520351886362162481324215E-0002
  -4.41392576381379906579165923871835016E-0002
  -3.63567604124381987540474049288799874E-0002
  -2.46054170959877087626784466615714228E-0002
  -9.27551443221495140592143009546667730E-0003
   9.19201539448443131940600488748863389E-0003
   2.97159181575214191627517182624791994E-0002
   5.10271347729376432035579714660320662E-0002
   7.10992240479127021235056074475167521E-0002
   8.86225394915888469724283058918443992E-0002
  0.101494712469900249294793340759378596      
  0.108509358234500964927025473283489322      
  0.108883436103209792176737180731712370      
  0.102201114875974355748934970502566810      
   8.87248492386316120646998895698694036E-0002
   6.96549847920235158158442567778912626E-0002
   4.63857417723040546393224429206137921E-0002
   2.07280563505760792988168450537785264E-0002
  -5.29734854053569415686151798846145528E-0003
  -2.94891163233410024119586249672304848E-0002
  -5.03392864580286673528273087949244133E-0002
  -6.65573012006836066927153094392089417E-0002
  -7.72032241967041826290143498732030414E-0002
  -8.20448947277816221194684547708444737E-0002
  -8.15426270359253754647858148105216515E-0002
  -7.64634350742324337786753627845708362E-0002
  -6.77046702260782265594504969500813282E-0002
  -5.66169772279364943172496250797402372E-0002
  -4.46330700467868638857094276100006299E-0002
  -3.24363145518862993190505795027795105E-0002
  -2.12740476832166256641759924747641898E-0002
  -1.15915936392240763803446066883225280E-0002
  -3.61865893216594948677661877759973801E-0003
   2.36485736172421064676090840388973587E-0003
   6.38786689091494638770541439909605149E-0003
   8.80225399828101309834076723140821998E-0003
   9.97099581833152028512823820735713156E-0003
   1.01268740499547287930498019797507157E-0002
   9.88078395342628690296027878845538001E-0003
   9.68292614958640978804873682941067268E-0003
   9.63695538734585870545351676005692899E-0003
   1.02949883540182074917250333500100991E-0002
   1.15882947566523680240479340729604097E-0002
   1.46124344507742228040249945535824684E-0002
   1.89757999483391090873008509807565554E-0002
   2.39591007091531168317716707041606961E-0002
   2.92801020703276123635176385183178040E-0002
   3.43713999477916586847766232668276773E-0002
   3.92840518372192663355380767084949632E-0002
   4.27348903048924189867491460162658326E-0002
   4.48365208247701222393757117268422124E-0002
   4.46572820745970456034611990775040962E-0002
   4.19347530922809880199654606338506315E-0002
   3.64218505436548032418096713540684473E-0002
   2.86714917495183673107888734826775652E-0002
   1.81367316896137558001008317613751269E-0002
   6.33150784706779654501537914562994268E-0003
  -6.76335362765789600578267673074070793E-0003
  -1.99810204863627864018346038481160538E-0002
  -3.24483666162194463532603081147222388E-0002
  -4.30797289453638144687189183342115506E-0002
  -5.14311376070429607430361404639684720E-0002
  -5.74586391861970539932875633477726207E-0002
  -6.01385551742502566504500310334711727E-0002
  -5.99043362671190214075101133993108374E-0002
  -5.71107475850660012050835757991243116E-0002
  -5.19227658212211503701108647255405455E-0002
  -4.49510074912364740853339047066273497E-0002
  -3.62496476634346406856474868822535149E-0002
  -2.70373445542787086331813949125680206E-0002
  -1.75736575814638282039399624274933947E-0002
  -7.79344934127756494853961505583637745E-0003
   1.08861120964114553023800710914957850E-0003
   9.22824879810410067461182880295530477E-0003
   1.63640118924864623258437325182944337E-0002
   2.23852594140040463278071711565773383E-0002
   2.66562461240740808940743840544543398E-0002
   2.94816681334215739994779592301303072E-0002
   3.13144742348188917364591686673020081E-0002
   3.25936808631580087157710505540285629E-0002
   3.24197144337156370715259430993264854E-0002
   3.09366436339796884295799721267105084E-0002
   2.72947008526811068612705826188567929E-0002
   2.37000482987830502378097867850178356E-0002
   1.90176262717118461902386563187680485E-0002
   1.48196774674667947696010950103355638E-0002
   1.06236129617191610220997597790231705E-0002
   6.71333879616250000414267077917371009E-0003
   3.81180017571247390555897511412633914E-0003
   8.17509985056951406964445589503724128E-0004
  -1.64452999878085052546791334042566654E-0003
  -3.05262614221839584524975009754663641E-0003
  -4.44851917207789106797383035788070325E-0003
  -5.39108901041914299743223282807445509E-0003
  -6.17001177188050934908164148842219714E-0003
  -6.32719908655793763579612605760550599E-0003
  -6.19968766914370420168239003436686732E-0003
  -6.55097379475754659511372068553036412E-0003
  -6.11629120800852578381610925130616130E-0003
  -5.52741608990893480526186123444396448E-0003
  -5.18518191604413531908504967329360047E-0003
  -4.58420443149172038324250956046096017E-0003
  -3.98380408619452739702109496354138914E-0003
  -2.97151825402560220109635884361303452E-0003
  -2.50801437396906384211549535035227030E-0003
  -2.11051782839168278533509026362944210E-0003
  -1.13820782842132503845411721046729511E-0003
  -8.57712900650182895686995110280981381E-0004
  -6.64681811223812581347632649470868609E-0004
  -4.54655373406785219931601805343791322E-0004
  -2.76063114111321561324593366008670063E-0004
  -8.06592785960788528409164830630980388E-0004
  -6.20369433264805715311966731535344446E-0004
  -8.86796595823861487213395268689441598E-0004
  -3.70030404996466491061245473823041808E-0004
  -2.86894690050372121688048121183551235E-0004
   4.14340513851691320952786926118324403E-0004
  -3.42219531413239475198276102728693835E-0005
  -1.57492283691849039191222874842769770E-0004
  -1.68585567913968236045600692733522518E-0004
  -1.43747316987309588139400522505318253E-0004
  -1.08401676824783194204452585426680881E-0004
  -7.93507429109018511935612894540897627E-0007
   6.13300814069479260113573102594093057E-0005
   8.71483742738750490072518622403872296E-0005
   1.59569220773614208641451116116011695E-0004
   2.39395118644512944581569678871764214E-0004
   2.64280863005558569822766979970834911E-0004
   1.92610174911461166776428228350090178E-0004
   7.21137998291455854428030987279268614E-0005
   1.99174693212285038374973798170781745E-0005
  -5.53918189488688675495344960993655651E-0005
  -3.62752219032317676115325561093233632E-0005
  -4.46631009618702480819587309528385167E-0005
  -7.47959587411706794290837083606687056E-0005
  -4.37444504005183204357682007060021870E-0005
   1.44031772665783722160785979285663853E-0005
   6.25174771966324025590028888751159210E-0005
   2.07531644481212033988568040714152472E-0004
   2.16944148231175335963506058750391640E-0004
   1.08264377065069144141541114480156033E-0004
   1.04741184187092964161263065465100086E-0005
   2.93709038664922190897377925010826749E-0005
   8.23717100156034143516237586729074648E-0005
  -7.77037969413438056570934777678974558E-0006
   6.76963887644580590634499097980292614E-0005
  -2.72547383891918135118798787081784719E-0005
  -9.96187745274585038082013597596816696E-0005
  -7.62559849206652104719512055931637486E-0005
   5.41510652492919835263777995520474630E-0006
   1.06363196396013105044901408441940241E-0004
   1.28020094464447788883707193388807020E-0004
  -6.66691376195043165275701353150056090E-0005
   1.67218497673812717881640482991793861E-0005
  -1.38011274995799550389684469749076635E-0005
   1.22968913428543251822516404126643772E-0004
  -5.16680118156901232244782203717860858E-0006
   1.41104271550547268256366063761894142E-0004
   6.67957118104246976732124859155442135E-0005
   9.00717368632213947552915164526774521E-0005
   5.52381193590190125206072541558390913E-0005
   1.22382842545329279050630117646453583E-0004
   1.06313529253363811459902214733727325E-0004
   7.45811889010047309944604638851101300E-0005
  -3.21990013309071240682266764784644416E-0004
  -4.04107709667237603508759774872258369E-0004
  -4.14826503713646875907943833108366907E-0004
  -1.14169213702987811032971047925659245E-0004
   1.64558362879643268046204851119327123E-0004
   3.19506645178809832582935290284077471E-0004
   2.98925015084538270940897586792187722E-0004
   3.99028990139116885457917091487866506E-0004
   1.94241670086718252544678996265677680E-0004
   7.99855107408458064422138055868014808E-0005
   8.63142966170239703386920414880358527E-0005
  -3.33634689321640317745022438645493718E-0005
  -4.07992391441212966630508018079983874E-0004
  -3.47854003255344771838060072068911955E-0004
  -1.92581119903762176290027979926251048E-0004
  -2.84633132502423864999820997519154642E-0004
   3.43982383123086171395498733045119787E-0005
  -1.45429919824220774627347712420197901E-0005
   2.90673246111906385844438601949311043E-0004
   2.28608261770949323198219120856130651E-0004
   3.97048741276081448851613160903325692E-0004
   2.00462610450405233374358002232737329E-0004
   5.55776456964262100476713284912726537E-0005
   1.62261226847190614737643795920292221E-0005
  -2.14163370124004476813048323838805421E-0004
  -2.46928282482106586047153257488493044E-0004
  -2.22342170735286613547376013565773160E-0004
  -1.14753819493467779163760294263633851E-0004
   9.09351151197347906543153965564213098E-0005
   5.07322354694821346225627429289608478E-0005
  -1.48009951951405818128465054840284958E-0004
   1.75753313022255664263002702137181300E-0004
   1.19604633929824132877188890672869100E-0004
   6.02213619059142205205682136740918182E-0005
   1.52903125708674889486313109125545922E-0004
   1.43961747368691196156450279713528201E-0004
  -2.04011796160862938208404524608851763E-0004
  -1.58082038637385692006755870672388087E-0004
   5.67992453304691630476733539041470521E-0006
   6.41163870204448323129438057624751605E-0005
  -3.00119066290829915293224531282710882E-0005
   1.37547711375475927919649260413036489E-0004
  -1.22156015101833567911973703448745962E-0004
