   47.187114837458140        64.239700593140839     
   47.171144231896776        64.230746922803945     
   47.154149682731855        64.221177031726000     
   47.136134021592405        64.210992713220733     
   47.117103405344039        64.200198862818297     
   47.097066799675133        64.188803199984690     
   47.076035436838424        64.176815944815175     
   47.054022237202375        64.164249454637584     
   47.031041200900859        64.151117819548375     
   47.007106798194485        64.137436444760311     
   46.982233345204570        64.123221609356008     
   46.956434392488568        64.108490021452667     
   46.929722122431791        64.093258370416635     
   46.902106767181955        64.077542884818229     
   46.873596018511506        64.061358885938134     
   46.844194582260471        64.044720402289570     
   46.813903550467678        64.027639716690246     
   46.782719997325628        64.010127005576180     
   46.750636517524434        63.992189964291178     
   46.717640810505486        63.973833457786483     
   46.683715298076855        63.955059192857220     
   46.648836770963058        63.935865410543556     
   46.612976065949006        63.916246599349194     
   46.576097770712373        63.896193228193454     
   46.538159956720271        63.875691500627937     
   46.499113932662624        63.854723120206174     
   46.458904028539706        63.833265082824099     
   46.417467389994876        63.811289478908087     
   46.374733815551188        63.788763315992220     
   46.330625585936055        63.765648349571471     
   46.285057328928772        63.741900933475648     
   46.237935901653479        63.717471882766830     
   46.189160275246529        63.692306343213446     
   46.138621463095312        63.666343687658440     
   46.086202447463045        63.639517414249447     
   46.031778139363951        63.611755066725323     
   45.975215354199619        63.582978164644615     
   45.916372828081457        63.553102161436563     
   45.855101254746579        63.522036416279690     
   45.791243363896001        63.489684187897382     
   45.724634059867611        63.455942673975741     
   45.655100599565898        63.420703068042585     
   45.582462836721930        63.383850660509871     
   45.506533548514703        63.345264992649071     
   45.427118820597116        63.304820042179621     
   45.344018564857045        63.262384500004039     
   45.257027097838645        63.217822081226927     
   45.165933837226333        63.170991911076868     
   45.070524129449474        63.121749006402872     
   44.970580119067591        63.069944771512020     
   44.865881805541363        63.015427641252820     
   44.756208095243139        62.958043713918052     
   44.641337453207562        62.897637194584661     
   44.521051105993209        62.834052247424090     
   44.395131241295580        62.767132133579615     
   44.263364047391534        62.696721003227026     
   44.125540261556360        62.622664343947910     
   43.981456035416329        62.544809611602275     
   43.830914260515591        62.463007129409895     
   43.673722354836386        62.377108997678334     
   43.509696431585766        62.286971592353865     
   43.338658520718496        62.192454155993509     
   43.160436846071178        62.093419091883106     
   42.974865141042201        61.989731709508625     
   42.781781808818884        61.881259855846260     
   42.581028801088330        61.767873378481639     
   42.372450393980003        61.649443506575288     
   42.155891869639042        61.525842159878678     
   41.931199274812961        61.396941875901973     
   41.698213924658262        61.262612628041872     
   41.456776900207245        61.122724506982024     
   41.206724325352731        60.977144973182185     
   40.947887123856383        60.825738737093211     
   40.680090154326287        60.668367267108444     
   40.403151499331798        60.504888390715614     
   40.116881961379647        60.335156022701270     
   39.821084765125988        60.159020022558828     
   39.515555482366963        59.976326195044486     
   39.200082195041382        59.786916451943902     
   38.874445915165104        59.590629134423374     
   38.538421299729826        59.387299540619665     
   38.191777666071268        59.176760648895602     
   37.834280356029325        58.958844083881040     
   37.465692550998568        58.733381358928661     
   37.085777487284140        58.500205403616768     
   36.694301220725265        58.259152433685699     
   36.291036037110729        58.010064236625382     
   35.875764471557474        57.752790840160820     
   35.448284146331041        57.487193687871127     
   35.008413424717908        57.213149312120748     
   34.555997989182742        56.930553563308322     
   34.090918325270636        56.639326365149891     
   33.613098157967315        56.339417010497911     
   33.122513772539563        56.030809949876627     
   32.619204031773549        55.713530913035100     
   32.103280915117864        55.387653261135590     
   31.574940191896484        55.053304286849539     
   31.034471798074524        54.710671185934345     
   30.482269368780770        54.360006339486226     
   29.918838351165292        54.001631533235518     
   29.344802042072917        53.635940709339124     
   28.760904995052307        53.263400912693996     
   28.168013458222230        52.884551270511757     
   27.567111831645978        52.499999310322636     
   26.959296842633321        52.110416038646676     
   26.345767169909941        51.716528076989839     
   25.727810575683897        51.319108557658275     
   25.106788412124175        50.918966658762962     
   24.484118106889284        50.516936298347787     
   23.861254297500448        50.113864465979830     
   23.239665760729935        49.710597379660243     
   22.620829572261044        49.307978270520408     
   22.006190025139126        48.906822879631314     
   21.397154619575247        48.507919207741587     
   20.795072778860199        48.112016353196850     
   20.201219882705541        47.719816856066501     
   19.616783242897398        47.331970239854058     
   19.042850308137634        46.949067807211321     
   18.480399323487489        46.571638730444050     
   17.930292608166518        46.200147463145555     
   17.393272495351898        45.834992457762489     
   16.869959919334534        45.476506158628517     
   16.360855463481361        45.124956164610786     
   15.866342666075562        44.780547460144433     
   15.386693255714432        44.443425551797176     
   14.922073968127924        44.113680344210181     
   14.472554576194224        43.791350576659063     
   14.038116728766900        43.476428627434991     
   13.618663287093982        43.168865531129214     
   13.214027818092093        42.868576047316445     
   12.823983984905713        42.575443650563962     
   12.448254616023087        42.289325333121496     
   12.086520296828200        42.010056149647461     
   11.738427349687752        41.737453428515074     
   11.403595142878965        41.471320633969036     
   11.081622671572225        41.211450816424630     
   10.772094432707648        40.957629724974581     
   10.474585566526288        40.709638509015406     
   10.188666324974276        40.467256070133644     
   9.9139058988495279        40.230261076086329     
   9.6498756458288089        39.998433656002966     
   9.3961518057059195        39.771556826885558     
   9.1523176908058481        39.549417642248692     
   8.9179640307830557        39.331806831362861     
   8.6926963690461481        39.118524870989667     
   8.4761269336643270        38.909374370931566     
   8.2678817160413764        38.704166035039556     
   8.0675994769660697        38.502717578230836     
   7.8749320623372761        38.304853872569595     
   7.6895446014272686        38.110407040082393     
   7.5111155526576665        37.919216473084518     
   7.3393366364339547        37.731128783621507     
   7.1739126435928169        37.545997681149849     
   7.0145612814682554        37.363683938891050     
   6.8610127515462525        37.184055071018236     
   6.7130094840803594        37.006985243275942     
   6.5703057390930315        36.832355036849897     
   6.4326672018725102        36.660051224862542     
   6.2998705610609740        36.489966538853487     
   6.1717030900055949        36.321999444068631     
   6.0479621881930523        36.156053870567277     
   5.9284549744410659        35.992039007225522     
   5.8129978476730777        35.829869050739411     
   5.7014160716786151        35.669462982456366     
   5.5935433552984737        35.510744329180987     
   5.4892214499246572        35.353640945777393     
   5.3882997729735065        35.198084806115837     
   5.2906350243317721        35.044011791968977     
   5.1960908332173767        34.891361499005740     
   5.1045374038032820        34.740077034967307     
   5.0158511912175685        34.590104845822744     
   4.9299145798173125        34.441394534145736     
   4.8466155809098703        34.293898689001793     
   4.7658475523706665        34.147572733820851     
   4.6875089099632730        34.002374761115782     
   4.6115028777800129        33.858265392303608     
   4.5377372382133432        33.715207648316849     
   4.4661240913858515        33.573166792906981     
   4.3965796397702759        33.432110234806643     
   4.3290239753723014        33.292007387282680     
   4.2633808704822123        33.152829565025620     
   4.1995775949925020        33.014549867195264     
   4.1375447386951025        32.877143089489500     
   4.0772160382159166        32.740585618077368     
   4.0185282176543904        32.604855340519748     
   3.9614208346575652        32.469931558072396     
   3.9058361397042947        32.335794905579718     
   3.8517189338311617        32.202427264759422     
   3.7990164420382628        32.069811687950939     
   3.7476781953562197        31.937932350069332     
   3.6976559162187432        31.806774469209802     
   3.6489034006608505        31.676324223423073     
   3.6013764251012423        31.546568719254509     
   3.5550326458171360        31.417495939047019     
   3.5098315044701298        31.289094659427008     
   3.4657341462455178        31.161354427781976     
   3.4227033246000214        31.034265475804432     
   3.3807033410181244        30.907818727384281     
   3.3396999531262757        30.782005695499947     
   3.2996603347280429        30.656818547064240     
   3.2605529634379873        30.532249909919702     
   3.2223475985046339        30.408292965188949     
   3.1850151966124294        30.284941330601846     
   3.1485278733147233        30.162189098943863     
   3.1128588386583775        30.040030758817487     
   3.0779823487630815        29.918461177076356     
   3.0438736585013380        29.797475573240522     
   3.0105089755252328        29.677069492243952     
   2.9778654194158229        29.557238784974921     
   2.9459209785162828        29.437979583168477     
   2.9146544672995707        29.319288257536748     
   2.8840455002747438        29.201161438243918     
   2.8540744525251007        29.083595994798536     
   2.8247224062897240        28.966588903603014     
   2.7959711563811376        28.850137414083875     
   2.7678031551419173        28.734238914816444     
   2.7402014895204134        28.618890942082409     
   2.7131498543304904        28.504091169512215     
   2.6866325260365209        28.389837393297139     
   2.6606343388169327        28.276127521110990     
   2.6351406610209889        28.162959559944465     
   2.6101373722958243        28.050331604266141     
   2.5856108432639942        27.938241826969076     
   2.5615479148581470        27.826688469489191     
   2.5379358789820285        27.715669831680934     
   2.5147624592615583        27.605184260251367     
   2.4920157978763422        27.495230157700210     
   2.4696844332338532        27.385805953294131     
   2.4477572865826747        27.276910105970636     
   2.4262236473988166        27.168541100472051     
   2.4050731580619278        27.060697437658380     
   2.3842958005948893        26.953377631850660     
   2.3638818828078758        26.846580204136043     
   2.3438220246392958        26.740303672078323     
   2.3241071504515154        26.634546564312267     
   2.3047284725941872        26.529307395504148     
   2.2856774844661354        26.424584681901433     
   2.2669459474390981        26.320376926067574     
   2.2485258804029931        26.216682612738122     
   2.2304095515994851        26.113500212545343     
   2.2125894689888268        26.010828177475329     
   2.1950583713589573        25.908664939079753     
   2.1778092200883186        25.807008907739164     
   2.1608351908698880        25.705858469648408     
   2.1441296663570539        25.605211987675169     
   2.1276862282007278        25.505067797879413     
   2.1114986498789423        25.405424208359872     
   2.0955608901391667        25.306279499588758     
   2.0798670882660879        25.207631931407008     
   2.0644115547262389        25.109479728327845     
   2.0491887672283613        25.011821091111290     
   2.0341933631187357        24.914654184701099     
   2.0194201362744240        24.817977152050730     
   2.0048640300789931        24.721788104858788     
   1.9905201329094881        24.626085126960184     
   1.9763836731449387        24.530866273977963     
   1.9624500144755523        24.436129573803619     
   1.9487146494211660        24.341873015602069     
   1.9351732008672768        24.248094585429669     
   1.9218214113952858        24.154792226355802     
   1.9086551421455065        24.061963858248227     
   1.8956703688540528        23.969607377866993     
   1.8828631781970895        23.877720659296919     
   1.8702297633198330        23.786301549284584     
   1.8577664211239480        23.695347872108542     
   1.8454695484483910        23.604857428458995     
   1.8333356397347500        23.514828000629244     
   1.8213612839911437        23.425257353038639     
   1.8095431609391761        23.336143229537097     
   1.7978780384884243        23.247483355011244     
   1.7863627700196365        23.159275436772774     
   1.7749942916042476        23.071517164540346     
   1.7637696197626218        22.984206213888847     
   1.7526858490747450        22.897340247509351     
   1.7417401482627812        22.810916907308645     
   1.7309297610062426        22.724933831774500     
   1.7202520013208711        22.639388644744916     
   1.7097042519574819        22.554278958900156     
   1.6992839619162581        22.469602373462873     
   1.6889886449720950        22.385356482135546     
