   47.326235308428870        64.314490046515729     
   47.326235308428870        64.314490046515729     
   47.326235308428870        64.314490046515729     
   47.326235308428870        64.314490046515729     
   47.326235308428643        64.314490046515616     
   47.326235308398651        64.314490046500637     
   47.326235307396558        64.314490046000017     
   47.326235293486860        64.314490039051037     
   47.326235186835170        64.314489985768347     
   47.326234648728366        64.314489716915858     
   47.326232647573242        64.314488716972519     
   47.326226726210948        64.314485757620844     
   47.326212022657877        64.314478407131375     
   47.326180192548563        64.314462488915723     
   47.326118420789662        64.314431582346714     
   47.326008669938552        64.314376637992112     
   47.325827293917811        64.314285774060593     
   47.325544998876197        64.314144240508242     
   47.325127145398163        64.313934548456317     
   47.324534301562281        64.313636714531228     
   47.323722953637855        64.313228568462478     
   47.322646279256716        64.312686071388754     
   47.321254931534241        64.311983619412146     
   47.319497726198840        64.311094275241842     
   47.317322315757465        64.309989987963931     
   47.314675733484066        64.308641742562557     
   47.311504934188520        64.307019728643255     
   47.307757264584176        64.305093499112530     
   47.303380952975381        64.302832184474823     
   47.298325588744952        64.300204748970856     
   47.292542624124941        64.297180312855389     
   47.285985872728737        64.293728523816014     
   47.278612019171760        64.289819978452456     
   47.270381100774820        64.285426665657027     
   47.261256956628038        64.280522417360501     
   47.251207616320144        64.275083339639593     
   47.240205627069400        64.269088213279545     
   47.228228289392355        64.262518836286887     
   47.215257810660248        64.255360305120305     
   47.201281362895770        64.247601219354138     
   47.186291049832001        64.239233809002442     
   47.170283783914513        64.230253981015053     
   47.153261093255168        64.220661294606430     
   47.135228849070323        64.210458860834265     
   47.116196949862896        64.199653187333155     
   47.096178946904878        64.188253963086964     
   47.075191642910177        64.176273802078924     
   47.053254669785140        64.163727956148520     
   47.030390046084797        64.150633993998255     
   47.006621739060861        64.137011471403099     
   46.981975235143288        64.122881596010288     
   46.956477108652557        64.108266879492348     
   46.930154621288949        64.093190804943433     
   46.903035337816931        64.077677499927773     
   46.875146763412545        64.061751421360881     
   46.846516016804784        64.045437062981165     
   46.817169521703562        64.028758675724902     
   46.787132731851315        64.011740011955169     
   46.756429884299024        63.994404091115662     
   46.725083778755980        63.976772986322139     
   46.693115585121738        63.958867633458091     
   46.660544675260518        63.940707661268121     
   46.627388478731703        63.922311241569830     
   46.593662359522646        63.903694958961964     
   46.559379518832920        63.884873703635733     
   46.524550898483810        63.865860565376252     
   46.489185125077555        63.846666765964123     
   46.453288452592162        63.827301589496813     
   46.416864714732867        63.807772327852454     
   46.379915302411696        63.788084242629829     
   46.342439131609325        63.768240532509047     
   46.304432638361895        63.748242310952818     
   46.265889760916153        63.728088588254870     
   46.226801936625279        63.707776263341039     
   46.187158098279760        63.687300117493031     
   46.146944675423867        63.666652814723584     
   46.106145588729646        63.645824900089899     
   46.064742247902004        63.624804803464002     
   46.022713553145508        63.603578843609696     
   45.980035872636691        63.582131220930471     
   45.936683052953441        63.560444036240639     
   45.892626382988674        63.538497275454326     
   45.847834587259115        63.516268816923677     
   45.802273778240476        63.493734409574699     
   45.755907440956022        63.470867679692667     
   45.708696370070989        63.447640100635255     
   45.660598636833136        63.424020986482184     
   45.611569496672999        63.399977443209380     
   45.561561121845678        63.375474237299329     
   45.510523332356158        63.350474186812519     
   45.458402318870036        63.324937486732047     
   45.405141261543704        63.298822032383981     
   45.350680048300404        63.272083274829242     
   45.294955125141804        63.244674138519237     
   45.237899323926847        63.216544917807163     
   45.179441687879269        63.187643181446816     
   45.119507274621853        63.157913657662306     
   45.058016934305783        63.127298096838935     
   44.994887063745182        63.095735130553415     
   44.930029332333568        63.063160099262923     
   44.863350399232068        63.029504882524435     
   44.794751569335986        62.994697682912616     
   44.724128462315292        62.958662821447362     
   44.651370614204005        62.921320487348702     
   44.576361027909542        62.882586451179364     
   44.498975760641450        62.842371802744886     
   44.419083386352689        62.800582609954297     
   44.336544481550128        62.757119585027638     
   44.251211025729049        62.711877698664011     
   44.162925784248891        62.664745778649568     
   44.071521633451162        62.615606070145120     
   43.976820849413059        62.564333769742987     
   43.878634352354013        62.510796528574517     
   43.776760923086215        62.454853930810721     
   43.670986339866282        62.396356935215415     
   43.561082590700046        62.335147326322740     
   43.446806976619200        62.271057127307543     
   43.327901274846049        62.203908028604580     
   43.204090913341716        62.133510824493264     
   43.075084236079562        62.059664898791240     
   42.940571830255116        61.982157752546414     
   42.800226029806126        61.900764634882265     
   42.653700655712420        61.815248312408194     
   42.500630949479245        61.725358984496815     
   42.340633973474155        61.630834464445371     
   42.173308344463635        61.531399972877203     
   41.998239596742593        61.426771422226381     
   41.814996407736722        61.316653067829897     
   41.623136997210175        61.200741471525610     
   41.422211726585431        61.078727148624147     
   41.211767408716121        60.950297304497212     
   40.991352370025410        60.815139080136333     
   40.760522201897423        60.672943266017569     
   40.518845981287001        60.523408354289423     
   40.265912691925038        60.366244761145893     
   40.001337516489002        60.201179007474927     
   39.724767528551162        60.027957565356445     
   39.435886433467523        59.846350131288496     
   39.134417906738719        59.656152041040450     
   38.820127250670332        59.457185636091474     
   38.492821338314123        59.249300564816188     
   38.152346393344793        59.032372607009513     
   37.798586096481870        58.806302897287111     
   37.431451156760829        58.571011480185888     
   37.050883398887862        58.326440205924733     
   36.656843400532019        58.072545095258334     
   36.249309710220459        57.809296067776806     
   35.828265844245195        57.536668822285158     
   35.393708950318363        57.254650601967938     
   34.945641549850514        56.963235074609464     
   34.484073056422531        56.662423488663897     
   34.009021623960756        56.352226002713472     
   33.520517565562997        56.032664001862635     
   33.018608444273134        55.703773433678521     
   32.503365603213005        55.365609004451635     
   31.974892056116776        55.018249148219034     
   31.433331558514883        54.661801622739532     
   30.878878655718854        54.296409561668689     
   30.311789443228122        53.922257773136508     
   29.732392785539027        53.539579079832677     
   29.141101614186688        53.148660426170224     
   28.538423948885601        52.749848499889467     
   27.924973153658410        52.343554552921155     
   27.301477009823056        51.930258177017258     
   26.668785113770181        51.510509771737617     
   26.027874088916342        51.084931480226821     
   25.379850195886551        50.654216445934203     
   24.725948882610279        50.219126267515932     
   24.067530887016005        49.780486596221415     
   23.406074498388048        49.339180810820601     
   22.743163741142030        48.896141808329382     
   22.080472251238955        48.452341894322558     
   21.419742832962910        48.008780868061187     
   20.762762964080828        47.566472466438171     
   20.111333021556234        47.126426986723033     
   19.467250956732030        46.689645414100568     
   18.832256325933283        46.257087551830985     
   18.208014637264064        45.829666689364203     
   17.596082732025270        45.408231837542758     
   16.997881608799130        44.993554467059610     
   16.414673914324364        44.586317695190360     
   15.847547057164808        44.187108351812384     
   15.297402574973610        43.796412249986041     
   14.764951814632719        43.414612655356422     
   14.250717620494910        43.041991806915938     
   13.755041299879240        42.678735103912089     
   13.278093954485779        42.324937490119304     
   12.819891077149464        41.980611477809497     
   12.380309320764907        41.645696220299371     
   11.959104603837218        41.320067314107376     
   11.555930196767559        41.003546376273398     
   11.170354717187509        40.695910703613869     
   10.801878984405301        40.396902207579089     
   10.449951581100025        40.106235666886406     
   10.113982851154953        39.823606134078652     
   9.7933572142430378        39.548695439060126     
   9.4874437946545562        39.281177794154353     
   9.1956054314598497        39.020724535463224     
   8.9172061646089151        38.767008057617069     
   8.6516173392935496        38.519705014887101     
   8.3982224683181279        38.278498862905700     
   8.1564210080744655        38.043081822166791     
   7.9256312399791033        37.813156385618832     
   7.7052923245089202        37.588436374105093     
   7.4948657088744746        37.368647655842672     
   7.2938359942385791        37.153528585531113     
   7.1017113364751641        36.942830191157555     
   6.9180222832298446        36.736314945264041     
   6.7423266294746345        36.533761750457153     
   6.5742011207595450        36.334957813516205     
   6.4132462182231151        36.139703664003719     
   6.2590840258332676        35.947811427010450     
   6.1113574402724824        35.759104344110426     
   5.9697292867033855        35.573416306987731     
   5.8338813818730513        35.390591338524573     
   5.7035136392322379        35.210483117413602     
   5.5783431482919141        35.032954486308860     
   5.4581032572172727        34.857876947759273     
   5.3425426800758151        34.685130183785304     
   5.2314246294716353        34.514601583653288     
   5.1245259919716437        34.346185804137924     
   5.0216365243284766        34.179784330324395     
   4.9225580869145631        34.015305060420168     
   4.8271039227234818        33.852661915555309     
   4.7350979651071752        33.691774464795557     
   4.6463741897703370        33.532567572055655     
   4.5607759987443988        33.374971062422702     
   4.4781556417608854        33.218919404761472     
   4.3983736684392563        33.064351415333022     
   4.3212984222530411        32.911209981459784     
   4.2468055554472723        32.759441793905900     
   4.1747775713432294        32.608997088839672     
   4.1051034170310166        32.459829440229107     
   4.0376780826622163        32.311895529727359     
   3.9724022279518798        32.165154941847632     
   3.9091818371144669        32.019569972212238     
   3.8479278973256075        31.875105452231455     
   3.7885560845381701        31.731728552255859     
   3.7309865206803208        31.589408734687371     
   3.6751434437488939        31.448117431211276     
   3.6209550080677317        31.307828031927325     
   3.5683530400478802        31.168515719994584     
   3.5172728199181540        31.030157350232795     
   3.4676528807659261        30.892731337838104     
   3.4194348167116688        30.756217546578899     
   3.3725631099491573        30.620597200582139     
   3.3269849603126382        30.485852778666388     
   3.2826501299415853        30.351967927479080     
   3.2395108042476055        30.218927397941894     
   3.1975214478779259        30.086716946151324     
