  -4.02303935041236003406743003656933788E-0002
  -3.94516679294325108116466994988569293E-0002
  -1.10964792311904641517351424375265501E-0002
   3.38266384770298917594955083473645484E-0002
   6.59323200998182613126262730393119133E-0002
   6.26271122437492279783054735963594852E-0002
   2.89331311943800976476582647065820860E-0002
  -1.13010825765631826464703074603347733E-0002
  -3.76008203603964553277342449737869676E-0002
  -4.35725945300896945127771935819471671E-0002
  -3.41112146393516378761768007052511351E-0002
  -1.88164277457289866102997227533432220E-0002
  -2.79420898819492045301006151019888161E-0003
   6.15179084053783710709095044009747002E-0003
   1.02590510768962368037534896819813231E-0002
   1.41940641084068175164027683455665759E-0002
   1.00393556748711463730576295242369115E-0002
   5.81480636513375174302137318924365105E-0003
   3.86688119687950529559925499415578663E-0003
   3.41696427615139235286297119557542634E-0003
   3.32242219520475454869154196064370999E-0003
  -8.33500498183553927215313372851313753E-0003
  -7.88393607729659093135135408901928104E-0003
  -3.96083832443280057086003976292850536E-0002
   5.05552294870835014118109110439638581E-0002
  -1.94264708294619579925949903172036745E-0002
  -1.36022296928259589513460524790191507E-0002
  -3.36481818388127562728844503600830791E-0002
  -2.88925070257502343710787995004193387E-0002
  -4.53746657341296485656743438936384938E-0002
  -9.41816807285443993211931612726424459E-0003
   2.65889215735621298085380488366968002E-0002
  -7.82292242598229708264109202119971013E-0002
  0.120897114160913599237277697600176505      
  -6.74745866181658687775818046412098573E-0002
  0.125248013930660223458208711574657733      
 -0.147613718513420108510381446354022279      
 -0.133231596063440666143776756027695129      
  0.219452463901526189539613206583832540      
  -6.84155079108108992582361625477769144E-0002
  0.199115442689632710926178861816225223      
 -0.225834177186035263389188787545040311      
 -0.228186523621079799764595482130869891      
  0.496240872819257180596687299585151611      
  0.279679529777847080122025619198961578      
 -0.309904961688687697569477356955877705      
   5.29150708237489353566074628639867443E-0002
  0.213104929246705925450329007567202123      
   7.45447629591775240580309172023624299E-0002
 -0.420222617975632669799030319096234832      
  0.111133952384652734195752477757312762      
 -0.584303816115447401215669297913493057      
 -0.168263564784386035021242097260378184      
  -1.06174168326573474448221171798294925      
 -0.387079111261494209870943445367380818      
  0.618100910975150662582781564620719401      
   1.79422679355297424085491725458069660      
   6.47726677510555835960086374664547025      
   9.80827115718982698732872194995544131      
   4.64307021334474091708057956350870721      
  -13.5817734009769834541180052230995240      
  -29.6698691792930967222624207682893952      
  -20.9793141400288215296345887241671128      
   13.5865906659808010527804492560392307      
   37.4505348607314303882421792556153124      
   24.3401767707604972881622146526579086      
  -4.86958030413524197299636643073838225      
  -18.5896606725600909433310655385906317      
  -13.6423883096411108201054058806490227      
  -3.68711970308738242872786760331060734      
   2.88195809179796722777157549377722935      
   3.43294695924570779636536918552080061      
   1.92161940444356113850985467479212853      
   1.09311056694351174439442614913202865      
 -0.226085633164505795703119566943752174      
  0.525003757702651687291551971543805382      
 -0.402377829374953714033188574213139372      
 -0.200047024290460944061690946570446475      
  0.494670973629790146848173226499828866      
  0.172490984508348835244127457636399602      
 -0.234973160767980411733816679788005343      
  0.650132722922142712742738607089460015      
   2.61775296111255695997472920210215270      
  -1.52018340135552193331828638339674847      
  -1.05315039385335608280277622106081186      
   1.92561100423194512684559265881529725      
 -0.253615495990230026145419366413453940      
  -1.12030422329559604171140086431991558      
  0.870828172506921193579739196228336689      
   1.09834740130175984241162556914511670      
 -0.692469525890526714332336317902160634      
 -0.776780011996040612529862724451416999      
   1.45528002953605008571206152692559628      
  -1.24868060915529296965134480711784602      
  -8.91341481916755170331790591049239565E-0002
  0.370904398351661568670608061493686344      
 -0.289449882282871283083521297003473335      
  0.234160864386058695583391127973066770      
 -0.470051498195198214461801386481907789      
  0.546185776252323546115237311673364206      
 -0.538797629055270650438382362337882777      
  0.656928006759042251350213203580893245      
 -0.808192905943823510123614185470843270      
  0.523302458085413037926752786657561521      
  -8.84061174358302279371952827312104113E-0002
 -0.145009042659975707431722143932574898      
  0.100534084518696698568060679426609850      
  -3.41856718126553099721356820527452157E-0002
  0.173022263314844475652566355361938420      
 -0.173469006242776947503466590679542547      
  0.197761616321288205921884608524345057      
 -0.214653431227969141094131464700053946      
  0.308223973918121001790693439491286666      
 -0.326544311395242072999755761418365517      
  0.309555795406598617630639773705327757      
 -0.339433149060109296243538722439876138      
  0.253602856421850423642250511977076868      
 -0.210052684354221807456855969039634424      
  0.246686658846524755669207182296170342      
 -0.101644412018494249678641184954537583      
  0.151871265660210956059351660753491854      
  -8.62828395709699315149564938297148529E-0002
   2.11244280568646504323767769438838292E-0002
  -6.94681448173930054113108239089574782E-0002
  -8.50063392851701272794453365295487653E-0002
