   3.47549653455165942765938657863198522      
   7.43078750779115239088176669640615222      
   12.4140883211227813733414065521725155      
   16.9134583091035178087233311838914991      
   19.0452841942138426324277133605920982      
   17.5867206180056131203839186051628642      
   12.7134772417413684757427256546272061      
   5.84207414577724823219572969147923138      
  -1.18185425955937051490554964794758247      
  -6.87687148384861386685091574019143120      
  -10.4979266881798495058615842883526078      
  -11.9995295612636062497546631020751837      
  -11.7871102712696984480410566678589669      
  -10.4461231074031221391295437830705297      
  -8.53124652023093397246882323505528158      
  -6.47714001545535373636394311857864925      
  -4.54679999858109814975963221156348547      
  -2.85684881600511942605341471087938815      
  -1.39246621095809210178262116023981106      
  -6.19271134037519577766500114250898445E-0002
   1.26882004746064278356215009083308308      
   2.75282100574956023625558677858041075      
   4.55295754867578404177912092598544293      
   6.83600265995567565367398600859440123      
   9.74715986355995782897836205458220655      
   13.3379179922457408753365337332790412      
   17.7532632054742574303649297348211528      
   23.0146234092200662654041066348563029      
   29.3159801403181421463913090411694196      
   36.6963446063951059527204365711680702      
   44.9700017407179955072166917116071378      
   54.2584036277906651527422165105004123      
   65.1420111892439824589695815429886074      
   77.0621523673316732692428330180797337      
   90.0584358007870358532274954615107438      
   104.697346722002159665409302163762901      
   120.883290313263448890114819217695774      
   138.395838977431726553406747738853321      
   157.842367009725714884693115633099834      
   178.972502679783654142262464258451553      
   201.732444898051892130401755307754653      
   227.594404915773386110486086575524260      
   255.929465212104781167615396017841246      
   285.510870027010924482975481972000543      
   316.725109671549766623149002899597937      
   353.379063089189403626228812105395231      
   390.734680839655102191448480660345430      
   428.611191109163072953042519475451087      
   469.937280634215841822434922153863520      
   511.371673560391578673276947170443049      
   551.398001766089553560208456869077896      
   588.741328288429962883280471685295991      
   624.202157899701989562649883095793496      
   649.873943303783807610969612797381909      
   668.461122058589857191447938107916533      
   677.049330338174082865526269100422251      
   671.424276204752555359692787315301919      
   653.202645829338261196020407037328012      
   617.006336991548976379537630153891507      
   561.768828377017976988604385676835206      
   482.586522489751812683622684396695454      
   360.105361019018555010424831889991656      
   168.516982341864263229282575535493863      
  -126.712611686564097025192323685028530      
  -557.958315217181531777742440740737107      
  -1121.73064146366403271863512921434322      
  -1674.13684890382894871756855499897257      
  -1882.62604040241805357937783665883506      
  -1402.07719697989291509860880094197802      
  -291.133915768343334584345470838420579      
   824.468459630300055505432687852027445      
   1270.89271900588036434787213752119810      
   945.716533871808038643573023164646136      
   306.232544800429857418748067963905089      
  -161.984107603804136750709290988908856      
  -321.707147181138146584247265703703276      
  -269.871155083368329213525869080622093      
  -148.827673844063373476067387650183669      
  -30.8574823835326477982013260982860010      
   39.6672359666597223367229239914455308      
   95.3891236616354283693869655656159481      
   146.946854897411804417780331683469303      
   170.044780865235645294721586347252212      
   160.674786797729232972220289023032310      
   154.600980752487968838081791633344933      
   165.489302317818966064211912822539883      
   163.246651790691071970118194434773730      
   152.851098651112787658589275485799776      
   142.779449483768658946079002836677753      
   143.056842741786971907218084459344364      
   139.572378474836068616226718274158807      
   134.041279776285030863383766987045361      
   133.247734268241648007789516985851770      
   128.114977225479112718061500351147136      
   123.393002149449337465149446283933864      
   120.453693179181875082310957743790322      
   122.389022898373226696123895572732796      
   121.461306926082705251721587350727590      
   118.562558030912890980881092059724462      
   117.414753849493002618406968144827064      
   116.574503005572526401364833092354349      
   116.583294743449096667807314831884380      
   113.135676370197220715270351637011058      
   113.893379981274233926011626100137639      
   114.319555870201656029462893870140163      
   114.172487344234805684331935592497064      
   112.838073812100008895692922465764963      
   113.648562907567374549357890231991475      
   112.783086988169364883945369059551634      
   113.157508863081967104580988285441001      
   114.198533520559432223116132096259434      
   114.225757029718550090308995414746844      
   112.334522180725584477223532479953478      
   112.934663369346860361316598914120230      
   112.847765009707396231107213036111655      
   114.449920979128802217619266284541178      
   112.635089924708526776398448615098378      
   114.947672177965456173814790458590774      
   112.993246102725244864107176893883964      
   114.154356233853576145119127625371124      
   113.246158168515997302171341366431395      
   114.373975853278592696624569425082864      
   113.448842284966809681764836961498901      
   114.192164018249761022106721220317065      
   114.062365568999925419182480170173206      
