 1149.25  801.52  942.74  476.28  519.42  140.80  503.67  765.81
 1149.32  801.37  942.56  475.29  519.45  140.83  503.70  765.76
 1149.40  801.20  942.37  474.27  519.49  140.85  503.74  765.72
 1149.49  801.03  942.16  473.21  519.53  140.88  503.77  765.67
 1149.59  800.84  941.95  472.11  519.57  140.90  503.81  765.61
 1149.69  800.64  941.71  470.98  519.61  140.93  503.86  765.56
 1149.79  800.43  941.46  469.82  519.66  140.96  503.90  765.49
 1149.89  800.21  941.20  468.62  519.71  141.00  503.95  765.43
 1150.00  799.97  940.92  467.38  519.76  141.03  504.00  765.36
 1150.11  799.72  940.62  466.12  519.82  141.07  504.06  765.29
 1150.21  799.45  940.31  464.82  519.88  141.11  504.11  765.21
 1150.30  799.17  939.97  463.49  519.94  141.15  504.17  765.13
 1150.38  798.87  939.62  462.12  520.01  141.19  504.24  765.04
 1150.45  798.55  939.24  460.71  520.08  141.24  504.30  764.95
 1150.51  798.21  938.84  459.27  520.15  141.29  504.37  764.85
 1150.54  797.86  938.42  457.80  520.23  141.34  504.45  764.75
 1150.55  797.48  937.97  456.28  520.31  141.40  504.52  764.64
 1150.53  797.08  937.49  454.73  520.40  141.46  504.60  764.52
 1150.48  796.66  936.98  453.14  520.49  141.52  504.69  764.40
 1150.39  796.21  936.44  451.50  520.59  141.58  504.78  764.27
 1150.26  795.73  935.87  449.83  520.70  141.65  504.88  764.14
 1150.09  795.23  935.26  448.11  520.81  141.73  504.98  763.99
 1149.86  794.70  934.61  446.34  520.92  141.80  505.08  763.84
 1149.58  794.14  933.92  444.53  521.05  141.89  505.20  763.67
 1149.24  793.54  933.20  442.67  521.18  141.98  505.31  763.50
 1148.84  792.91  932.43  440.77  521.32  142.07  505.44  763.32
 1148.37  792.25  931.61  438.82  521.47  142.17  505.57  763.12
 1147.83  791.54  930.75  436.82  521.63  142.28  505.71  762.92
 1147.21  790.80  929.83  434.77  521.79  142.39  505.86  762.70
 1146.51  790.02  928.87  432.66  521.97  142.51  506.02  762.47
 1145.73  789.19  927.85  430.51  522.16  142.63  506.19  762.22
 1144.86  788.33  926.78  428.31  522.36  142.77  506.37  761.97
 1143.90  787.42  925.66  426.06  522.57  142.91  506.56  761.69
 1142.85  786.46  924.47  423.76  522.79  143.06  506.76  761.40
 1141.71  785.46  923.23  421.41  523.02  143.22  506.97  761.10
 1140.47  784.42  921.93  419.01  523.27  143.39  507.19  760.78
 1139.13  783.32  920.58  416.56  523.53  143.57  507.43  760.44
 1137.69  782.18  919.16  414.07  523.80  143.76  507.68  760.09
 1136.15  781.00  917.68  411.53  524.09  143.96  507.95  759.72
 1134.51  779.76  916.15  408.94  524.40  144.17  508.23  759.33
 1132.78  778.48  914.55  406.31  524.72  144.39  508.53  758.92
 1130.93  777.16  912.89  403.63  525.05  144.62  508.84  758.50
 1128.99  775.78  911.18  400.92  525.40  144.87  509.17  758.05
 1126.95  774.36  909.40  398.16  525.77  145.13  509.52  757.58
 1124.81  772.89  907.56  395.36  526.15  145.40  509.88  757.10
 1122.57  771.38  905.67  392.52  526.55  145.69  510.27  756.59
 1120.23  769.82  903.71  389.64  526.97  145.99  510.67  756.06
 1117.79  768.22  901.70  386.73  527.41  146.30  511.10  755.52
 1115.26  766.57  899.63  383.78  527.87  146.63  511.54  754.94
 1112.63  764.87  897.50  380.79  528.34  146.98  512.01  754.35
 1109.91  763.14  895.31  377.76  528.84  147.34  512.50  753.74
 1107.10  761.35  893.06  374.70  529.36  147.72  513.02  753.10
 1104.20  759.53  890.76  371.60  529.90  148.12  513.56  752.43
 1101.21  757.66  888.39  368.46  530.46  148.54  514.12  751.75
 1098.14  755.75  885.97  365.29  531.04  148.98  514.71  751.03
 1094.99  753.80  883.49  362.08  531.65  149.44  515.33  750.30
 1091.76  751.80  880.96  358.84  532.28  149.92  515.98  749.53
 1088.45  749.77  878.36  355.56  532.94  150.43  516.66  748.74
 1085.08  747.69  875.70  352.24  533.62  150.96  517.37  747.92
 1081.63  745.57  872.99  348.88  534.34  151.52  518.12  747.07
 1078.13  743.41  870.21  345.48  535.08  152.10  518.89  746.20
 1074.57  741.21  867.38  342.05  535.85  152.71  519.71  745.29
 1070.95  738.96  864.49  338.57  536.65  153.36  520.56  744.35
 1067.30  736.68  861.53  335.06  537.49  154.04  521.45  743.38
 1063.60  734.36  858.51  331.51  538.36  154.75  522.39  742.38
 1059.87  732.00  855.44  327.92  539.26  155.49  523.36  741.35
 1056.12  729.61  852.30  324.30  540.20  156.28  524.38  740.28
 1052.36  727.18  849.09  320.64  541.18  157.11  525.45  739.18
 1048.59  724.71  845.83  316.95  542.20  157.98  526.56  738.04
 1044.83  722.21  842.50  313.22  543.26  158.89  527.73  736.86
 1041.08  719.68  839.11  309.47  544.36  159.86  528.95  735.65
 1037.36  717.12  835.66  305.70  545.50  160.88  530.22  734.41
 1033.68  714.53  832.15  301.92  546.69  161.96  531.55  733.13
 1030.06  711.92  828.58  298.13  547.93  163.09  532.94  731.81
 1026.49  709.29  824.95  294.34  549.22  164.28  534.39  730.45
 1023.00  706.64  821.27  290.57  550.55  165.55  535.90  729.06
 1019.60  703.99  817.54  286.84  551.94  166.88  537.47  727.64
 1016.31  701.33  813.76  283.16  553.38  168.28  539.10  726.18
 1013.12  698.68  809.93  279.54  554.86  169.76  540.80  724.69
 1010.07  696.03  806.08  276.02  556.40  171.32  542.56  723.17
 1007.14  693.41  802.19  272.61  557.99  172.97  544.38  721.63
 1004.36  690.81  798.29  269.34  559.63  174.70  546.27  720.07
 1001.73  688.25  794.37  266.23  561.32  176.51  548.21  718.49
  999.24  685.74  790.46  263.30  563.05  178.42  550.21  716.90
  996.90  683.29  786.55  260.58  564.82  180.42  552.26  715.31
  994.71  680.90  782.67  258.08  566.64  182.51  554.36  713.71
  992.66  678.59  778.83  255.82  568.49  184.69  556.51  712.12
  990.74  676.37  775.03  253.81  570.37  186.97  558.70  710.54
  988.94  674.23  771.28  252.07  572.28  189.34  560.92  708.97
  987.24  672.21  767.61  250.60  574.22  191.79  563.17  707.44
  985.64  670.28  764.02  249.41  576.17  194.34  565.44  705.93
  984.13  668.47  760.51  248.50  578.14  196.97  567.73  704.46
  982.69  666.78  757.11  247.87  580.12  199.68  570.04  703.03
  981.31  665.21  753.80  247.51  582.11  202.47  572.35  701.64
  979.98  663.76  750.61  247.42  584.10  205.34  574.66  700.31
  978.69  662.43  747.53  247.59  586.09  208.28  576.97  699.03
  977.44  661.21  744.58  248.01  588.07  211.29  579.27  697.80
  976.22  660.12  741.74  248.67  590.05  214.37  581.56  696.64
  975.02  659.15  739.03  249.56  592.02  217.51  583.84  695.54
  973.84  658.29  736.44  250.66  593.98  220.70  586.09  694.50
  972.67  657.55  733.97  251.97  595.93  223.95  588.33  693.52
  971.52  656.91  731.63  253.46  597.86  227.26  590.54  692.61
  970.37  656.38  729.41  255.13  599.78  230.60  592.73  691.76
  969.24  655.95  727.30  256.96  601.68  233.99  594.89  690.98
  968.11  655.62  725.32  258.94  603.56  237.42  597.02  690.26
  967.00  655.37  723.44  261.07  605.42  240.89  599.13  689.61
  965.88  655.22  721.68  263.32  607.27  244.39  601.20  689.02
  964.78  655.15  720.03  265.69  609.10  247.92  603.24  688.48
  963.68  655.16  718.47  268.18  610.91  251.48  605.26  688.01
  962.58  655.25  717.02  270.76  612.71  255.06  607.24  687.60
  961.50  655.41  715.67  273.43  614.48  258.66  609.19  687.24
  960.41  655.64  714.41  276.19  616.24  262.29  611.11  686.94
  959.33  655.93  713.23  279.02  617.98  265.93  613.00  686.70
  958.26  656.28  712.15  281.92  619.71  269.58  614.86  686.50
  957.20  656.70  711.14  284.89  621.42  273.25  616.70  686.36
  956.14  657.16  710.22  287.91  623.12  276.93  618.50  686.26
  955.08  657.68  709.37  290.99  624.80  280.62  620.28  686.22
  954.03  658.25  708.59  294.12  626.47  284.32  622.04  686.21
  952.99  658.87  707.89  297.28  628.12  288.02  623.76  686.26
  951.95  659.53  707.25  300.49  629.76  291.73  625.47  686.34
  950.92  660.23  706.67  303.73  631.39  295.44  627.15  686.47
  949.90  660.97  706.16  307.00  633.01  299.15  628.81  686.63
  948.88  661.75  705.70  310.30  634.62  302.86  630.44  686.83
  947.87  662.57  705.30  313.62  636.22  306.57  632.06  687.07
  946.86  663.41  704.96  316.97  637.80  310.28  633.65  687.35
  945.87  664.29  704.66  320.33  639.38  313.99  635.23  687.66
  944.88  665.20  704.42  323.71  640.95  317.69  636.79  688.01
  943.89  666.14  704.22  327.11  642.51  321.39  638.33  688.38
  942.92  667.10  704.08  330.52  644.06  325.09  639.85  688.79
  941.95  668.09  703.97  333.94  645.60  328.77  641.36  689.23
  940.99  669.11  703.91  337.36  647.13  332.45  642.86  689.69
  940.04  670.14  703.88  340.80  648.66  336.13  644.34  690.19
  939.09  671.20  703.90  344.24  650.18  339.79  645.81  690.71
  938.16  672.28  703.96  347.68  651.69  343.45  647.27  691.26
  937.23  673.37  704.05  351.13  653.19  347.10  648.71  691.84
  936.31  674.49  704.18  354.58  654.69  350.74  650.15  692.44
  935.41  675.62  704.34  358.03  656.18  354.37  651.57  693.06
  934.51  676.77  704.53  361.48  657.67  357.98  652.98  693.71
  933.62  677.93  704.76  364.92  659.15  361.59  654.39  694.38
  932.74  679.11  705.01  368.37  660.62  365.18  655.79  695.08
  931.87  680.31  705.30  371.81  662.09  368.77  657.18  695.80
  931.01  681.51  705.61  375.24  663.55  372.34  658.56  696.54
  930.16  682.73  705.96  378.67  665.01  375.90  659.93  697.30
  929.32  683.96  706.32  382.10  666.46  379.45  661.30  698.08
  928.50  685.20  706.72  385.51  667.91  382.98  662.67  698.88
  927.68  686.45  707.14  388.93  669.35  386.50  664.02  699.70
  926.88  687.72  707.59  392.33  670.78  390.01  665.38  700.53
  926.09  688.99  708.05  395.72  672.21  393.50  666.73  701.39
  925.31  690.27  708.55  399.11  673.64  396.99  668.07  702.27
  924.54  691.56  709.06  402.49  675.06  400.45  669.41  703.16
  923.78  692.85  709.60  405.86  676.47  403.91  670.75  704.07
  923.04  694.16  710.15  409.22  677.88  407.35  672.09  705.00
  922.31  695.47  710.73  412.56  679.29  410.77  673.42  705.95
  921.59  696.78  711.33  415.90  680.69  414.18  674.75  706.91
  920.89  698.11  711.95  419.23  682.09  417.58  676.08  707.88
  920.20  699.44  712.58  422.55  683.48  420.96  677.41  708.88
  919.52  700.77  713.24  425.85  684.87  424.33  678.74  709.89
  918.86  702.11  713.91  429.15  686.25  427.68  680.06  710.91
  918.21  703.46  714.60  432.43  687.63  431.02  681.38  711.95
  917.58  704.81  715.31  435.70  689.01  434.35  682.71  713.00
  916.96  706.16  716.04  438.96  690.38  437.66  684.03  714.06
  916.36  707.52  716.78  442.20  691.75  440.96  685.36  715.14
  915.77  708.88  717.54  445.43  693.11  444.24  686.68  716.23
  915.20  710.25  718.31  448.66  694.47  447.50  688.00  717.34
  914.64  711.62  719.10  451.86  695.83  450.75  689.33  718.45
  914.09  712.99  719.90  455.06  697.18  453.99  690.65  719.58
  913.57  714.37  720.72  458.24  698.54  457.21  691.97  720.72
  913.05  715.74  721.55  461.41  699.89  460.42  693.30  721.87
  912.56  717.12  722.40  464.57  701.23  463.62  694.63  723.03
  912.08  718.51  723.26  467.72  702.58  466.80  695.96  724.21
  911.61  719.89  724.13  470.85  703.92  469.96  697.29  725.39
  911.17  721.28  725.02  473.97  705.26  473.11  698.62  726.58
  910.73  722.67  725.92  477.07  706.60  476.25  699.95  727.78
  910.32  724.06  726.83  480.16  707.93  479.37  701.28  728.99
  909.92  725.45  727.76  483.24  709.27  482.47  702.62  730.21
  909.54  726.84  728.69  486.31  710.60  485.57  703.96  731.44
  909.18  728.24  729.64  489.36  711.94  488.65  705.29  732.67
  908.83  729.63  730.60  492.40  713.27  491.71  706.64  733.92
  908.50  731.03  731.57  495.43  714.60  494.76  707.98  735.17
  908.19  732.43  732.56  498.44  715.93  497.80  709.32  736.42
  907.89  733.83  733.55  501.44  717.27  500.82  710.67  737.69
  907.61  735.23  734.55  504.43  718.60  503.83  712.02  738.96
  907.35  736.63  735.57  507.41  719.93  506.82  713.37  740.23
  907.10  738.03  736.59  510.37  721.26  509.80  714.73  741.52
  906.88  739.43  737.63  513.32  722.59  512.77  716.08  742.80
  906.67  740.83  738.67  516.25  723.92  515.72  717.44  744.09
  906.47  742.23  739.72  519.18  725.26  518.66  718.80  745.39
  906.30  743.64  740.79  522.09  726.59  521.59  720.16  746.69
  906.14  745.04  741.86  524.98  727.93  524.50  721.53  748.00
  906.00  746.44  742.94  527.87  729.26  527.40  722.90  749.31
  905.88  747.84  744.03  530.74  730.60  530.29  724.27  750.63
  905.77  749.25  745.13  533.60  731.94  533.16  725.64  751.94
  905.69  750.65  746.24  536.45  733.28  536.02  727.02  753.26
  905.62  752.05  747.36  539.28  734.62  538.87  728.39  754.59
  905.56  753.46  748.48  542.10  735.96  541.71  729.77  755.92
  905.53  754.86  749.61  544.91  737.31  544.53  731.16  757.25
  905.51  756.26  750.75  547.71  738.65  547.34  732.54  758.58
  905.51  757.67  751.90  550.50  740.00  550.14  733.93  759.92
  905.52  759.07  753.06  553.27  741.35  552.92  735.32  761.26
  905.56  760.47  754.22  556.03  742.70  555.69  736.71  762.60
  905.61  761.87  755.39  558.78  744.06  558.45  738.11  763.94
  905.67  763.27  756.57  561.52  745.42  561.20  739.50  765.29
  905.76  764.67  757.76  564.25  746.77  563.94  740.90  766.64
  905.86  766.07  758.95  566.96  748.13  566.66  742.31  767.98
  905.98  767.47  760.15  569.67  749.50  569.37  743.71  769.33
  906.11  768.87  761.35  572.36  750.86  572.07  745.12  770.69
  906.26  770.27  762.56  575.04  752.23  574.76  746.53  772.04
  906.43  771.67  763.78  577.71  753.60  577.43  747.94  773.40
  906.62  773.07  765.01  580.36  754.97  580.10  749.35  774.75
  906.82  774.47  766.24  583.01  756.34  582.75  750.77  776.11
  907.04  775.87  767.47  585.65  757.72  585.40  752.19  777.47
  907.27  777.27  768.72  588.27  759.10  588.03  753.61  778.83
  907.52  778.66  769.96  590.88  760.48  590.65  755.03  780.19
  907.78  780.06  771.22  593.49  761.86  593.26  756.46  781.55
  908.07  781.45  772.48  596.08  763.25  595.85  757.88  782.91
  908.36  782.85  773.74  598.66  764.64  598.44  759.31  784.28
  908.68  784.24  775.01  601.23  766.03  601.02  760.75  785.64
  909.00  785.64  776.29  603.79  767.42  603.59  762.18  787.00
  909.35  787.03  777.57  606.34  768.82  606.14  763.62  788.37
  909.71  788.43  778.85  608.88  770.21  608.69  765.05  789.73
  910.08  789.82  780.15  611.41  771.61  611.22  766.50  791.10
  910.47  791.21  781.44  613.93  773.01  613.75  767.94  792.47
  910.88  792.60  782.74  616.45  774.42  616.26  769.38  793.83
  911.30  794.00  784.05  618.95  775.82  618.77  770.83  795.20
  911.73  795.39  785.36  621.44  777.23  621.26  772.28  796.57
  912.18  796.78  786.67  623.92  778.64  623.75  773.73  797.94
  912.64  798.17  787.99  626.39  780.06  626.22  775.18  799.31
  913.12  799.56  789.31  628.85  781.47  628.69  776.63  800.68
  913.61  800.95  790.64  631.31  782.89  631.15  778.09  802.04
  914.12  802.34  791.97  633.75  784.31  633.60  779.55  803.41
  914.64  803.73  793.30  636.19  785.73  636.03  781.01  804.78
  915.17  805.11  794.64  638.61  787.16  638.46  782.47  806.15
  915.72  806.50  795.99  641.03  788.58  640.88  783.93  807.52
  916.28  807.89  797.33  643.44  790.01  643.30  785.39  808.90
  916.85  809.28  798.68  645.84  791.44  645.70  786.86  810.27
  917.44  810.66  800.04  648.23  792.87  648.09  788.33  811.64
  918.04  812.05  801.39  650.61  794.30  650.48  789.80  813.01
  918.65  813.44  802.76  652.98  795.74  652.85  791.27  814.38
  919.27  814.82  804.12  655.35  797.18  655.22  792.74  815.75
  919.91  816.21  805.49  657.71  798.62  657.58  794.22  817.12
  920.56  817.60  806.86  660.06  800.06  659.93  795.69  818.50
  921.23  818.98  808.24  662.40  801.50  662.28  797.17  819.87
  921.90  820.37  809.61  664.73  802.95  664.61  798.65  821.24
  922.59  821.75  811.00  667.06  804.40  666.94  800.13  822.61
  923.29  823.14  812.38  669.37  805.85  669.26  801.61  823.99
  924.00  824.52  813.77  671.68  807.30  671.57  803.10  825.36
  924.72  825.91  815.16  673.99  808.75  673.88  804.58  826.73
  925.46  827.29  816.55  676.28  810.21  676.18  806.07  828.11
  926.20  828.67  817.95  678.57  811.66  678.47  807.56  829.48
  926.96  830.06  819.35  680.85  813.12  680.75  809.05  830.85
  927.73  831.44  820.75  683.12  814.58  683.02  810.54  832.23
  928.51  832.83  822.16  685.39  816.04  685.29  812.03  833.60
  929.30  834.21  823.56  687.65  817.50  687.55  813.53  834.98
  930.10  835.60  824.97  689.90  818.97  689.81  815.02  836.35
  930.91  836.98  826.39  692.15  820.44  692.06  816.52  837.73
  931.73  838.37  827.80  694.39  821.90  694.30  818.01  839.11
  932.56  839.75  829.22  696.62  823.37  696.53  819.51  840.48
  933.40  841.13  830.64  698.85  824.85  698.76  821.01  841.86
  934.26  842.52  832.07  701.06  826.32  700.98  822.51  843.24
  935.12  843.90  833.49  703.28  827.79  703.19  824.02  844.61
  935.99  845.29  834.92  705.48  829.27  705.40  825.52  845.99
  936.87  846.67  836.35  707.69  830.75  707.60  827.03  847.37
  937.77  848.06  837.78  709.88  832.23  709.80  828.53  848.75
  938.67  849.45  839.22  712.07  833.71  711.99  830.04  850.13
  939.58  850.83  840.66  714.25  835.19  714.17  831.55  851.51
  940.50  852.22  842.10  716.43  836.67  716.35  833.06  852.89
  941.43  853.60  843.54  718.60  838.16  718.52  834.57  854.27
  942.36  854.99  844.98  720.76  839.64  720.69  836.08  855.65
  943.31  856.38  846.43  722.92  841.13  722.85  837.60  857.03
  944.27  857.77  847.88  725.08  842.62  725.01  839.11  858.41
  945.23  859.15  849.33  727.23  844.11  727.16  840.63  859.80
  946.20  860.54  850.78  729.37  845.60  729.30  842.15  861.18
  947.18  861.93  852.24  731.51  847.10  731.44  843.66  862.56
  948.17  863.32  853.69  733.64  848.59  733.57  845.18  863.95
  949.17  864.71  855.15  735.77  850.09  735.70  846.70  865.33
  950.18  866.10  856.61  737.89  851.59  737.83  848.23  866.72
  951.19  867.49  858.08  740.01  853.08  739.94  849.75  868.10
  952.21  868.88  859.54  742.12  854.58  742.06  851.27  869.49
  953.24  870.27  861.01  744.23  856.09  744.17  852.80  870.88
  954.28  871.67  862.48  746.34  857.59  746.27  854.32  872.27
