   44856512811.0193933502965944684291008      
   44856512373.3107534502003402477126747      
   44856511784.6145141281367527541987441      
   44856511015.8075677530914374325248892      
   44856510039.1991888851101556296075944      
   44856508828.7136710044919894862569536      
   44856507362.0390610407303734555700727      
   44856505620.4940749618152233487537318      
   44856503589.9086517002546076983728005      
   44856501259.7859156013885904262497802      
   44856498622.5718300452839512303936275      
   44856495672.1532376846488804472117882      
   44856492401.8753443531213294640772510      
   44856488802.3532821498427967177610740      
   44856484859.0883191096468491468106372      
   44856480549.7427122021629450019088380      
   44856475841.8685376503565144575940323      
   44856470690.4484762218847586550796587      
   44856465036.0383573492181977979937630      
   44856458802.6976642050516305823570437      
   44856451896.5415291872222962523212467      
   44856444204.4909780806196571646640213      
   44856435593.3043800420746210332396421      
   44856425908.7157600013581318941465870      
   44856414974.9304182533530899187077123      
   44856402594.1444718074422403622746304      
   44856388546.2208110113887315491070175      
   44856372588.2739526933052648230695079      
   44856354454.3552563848932398238617819      
   44856333854.9931552957037628829697052      
   44856310476.6120319590549927376311066      
   44856283980.7218524831101515642422488      
   44856254003.0411135698452229924961160      
   44856220152.1835539009673483749596678      
   44856182008.3374207159978818031635065      
   44856139121.4155800168817225008703302      
   44856091008.8805145041414977331600835      
   44856037153.5295863536275111325147914      
   44855977000.4279257695984638973471630      
   44855909953.9241552820500663796893219      
   44855835373.9371636507157233934584964      
   44855752571.9501864530398155804239147      
   44855660806.5415473068072598422606289      
   44855559278.5212967258707982232364380      
   44855447125.3655964995925184531803928      
   44855323415.3226211169565066884204891      
   44855187140.9539236107093956340332745      
   44855037212.0271295195702226791170840      
   44854872447.8990049256303852815892727      
   44854691569.2906342916174807901244780      
   44854493189.4344430680902034505674523      
   44854275804.5006791882677260810818843      
   44854037783.6352608585166828714172365      
   44853777358.1484166526107532831533839      
   44853492610.3584137035771807806338971      
   44853181461.6569392047628309605067221      
   44852841660.4339982345703095256139759      
   44852470771.4289396374824339463419974      
   44852066155.9698810186861331954336999      
   44851624969.3488061455818301910367632      
   44851144142.0318849537130935918353620      
   44850620369.1257757054096540021387642      
   44850050099.1080902553583769864785103      
   44849429523.3198149970547184355727357      
   44848754566.8749064462251345488762931      
   44848020880.7062109655410792474306637      
   44847223835.3039272708944589138424070      
   44846358513.1897730938499167431343974      
   44845419718.1237434748178511115338945      
   44844401954.9347228069054838928921263      
   44843299443.0696464477308088684793555      
   44842106114.7000526509025522119587170      
   44840815618.0493226707987846208081346      
   44839421321.3494500319119934405622655      
   44837916311.2918496627892823423479184      
   44836293420.8259843070373105837938640      
   44834545203.5398796748927233128087761      
   44832663957.4293262621914544973813079      
   44830641725.5884830453801302833680992      
   44828470300.2658072376879884017280165      
   44826141226.6383353800990404915788316      
   44823645805.7527804002456269439741608      
   44820975096.3469824455225360758997116      
   44818119916.3621347898793588780942656      
   44815070843.1107393123555936363344061      
   44811818213.1506851106433469298827928      
   44808352120.6774995303576236979859621      
   44804662415.9966755625256003684088846      
   44800738702.8487146557632680680660707      
   44796570335.1253373509910765675027413      
   44792146413.8247178382589430086104004      
   44787455781.8745209522761095248669544      
   44782487020.5786557212079089638500572      
   44777228444.0746002176542468919163328      
   44771668094.6381306784375853876337525      
   44765793737.7434846014716412863490468      
   44759592856.5760074581826136515250470      
   44753052647.7446057435120429327893199      
   44746160017.5284578553002856905125869      
   44738901577.6845673419901256436925056      
   44731263646.7476473546138361826574259      
   44723232247.2749321402436127579602050      
   44714793113.6247617541009833540234000      
   44705931702.9019292276731932280176395      
   44696633207.0959592651133862802955292      
   44686882577.5768318213951032141925487      
   44676664557.0143465478345510593945874      
   44665963715.2244889042854712492100916      
   44654764493.9890995694149500837197416      
   44643051259.5162833887824789764566532      
   44630808353.6609219806226663584087316      
   44618020143.7357036607735177429082109      
   44604671066.8601847285079683315915179      
   44590745664.3420959409981759317045130      
   44576228604.0063805714852187846986352      
   44561104688.8967593564882109635116209      
   44545358851.5079597309509418793768250      
   44528976135.9396880954340719075093772      
   44511941670.2682115067589050018975186      
   44494240631.8661379043378121600463442      
   44475858229.2149425180134959150074581      
   44456779576.7688955404996444107943768      
   44436989790.1787891145223841156620074      
   44416473852.5536201241752674429588311      
   44395216623.8517484904763618786559628      
   44373202786.8905456174106838350038394      
   44350416841.0283692031011105828206425      
   44326843077.6662403841610245225067791      
   44302465564.3400830106899384572071940      
   44277268132.2083717541230285688706105      
   44251234365.8510141078745637683667076      
   44224347596.6286660628867845487476173      
   44196590896.4256853800184820869483270      
   44167947074.4707542870432302466027431      
   44138398675.1162556258848457459304137      
   44107927976.5423113329492654232021847      
   44076516990.5108519956865180205357699      
   44044147462.6711521439581688604498090      
   44010800873.6376305294614802462033780      
   43976458440.1429174090813690740740720      
   43941101116.9006176655691927922649787      
   43904709598.2628317352039897487367102      
   43867264320.3854818537699303115216178      
   43828745463.3086026011341518087872098      
   43789132953.0931451835986035779751537      
   43748406464.1185309393063350194139376      
   43706545421.1665214559053895028390188      
   43663529001.6657357475412327150394899      
   43619336137.8376062264731237728530286      
   43573945548.1662965914705330022919133      
   43527335620.2742463740582452806179164      
   43479484593.9843762976626613702771761      
   43430370441.6695495571133433929225496      
   43379970899.1089431609021705345079678      
   43328263469.0522980996833864099275680      
   43275225422.4509947446569683655801820      
   43220833800.0920504025160786761927824      
   43165065413.4889579935481311703380573      
   43107896848.0921501668743774305656624      
   43049304462.6318415517215668105098513      
   42989264392.2786163816872745090441927      
   42927752548.9963120308817732608002986      
   42864744623.0110334004564364625898173      
   42800216084.5364249260668837954800349      
   42734142184.0236355595117180226298153      
   42666497953.9985716348573613662070684      
   42597258210.1398172741758926085412988      
   42526397552.1600215635871677801570215      
   42453890364.7081695590248523876919320      
   42379710818.8249412801482806436233570      
   42303832870.2556452676532424608431960      
   42226230266.5067350578985331547152822      
   42146876541.4164905921957202626190532      
   42065745016.1613722853643332944218692      
   41982808808.0867704429016631734430394      
   41898040818.7297191738499555708271570      
   41811413745.4151169530223245373532801      
   41722900076.2357313517178709304577651      
   41632472095.4697557887163548164959442      
   41540101877.1503997297879910129174859      
   41445761290.8663101963160868038992046      
   41349422001.9590385724316868485088307      
   41251055471.5832847854335957002148733      
   41150632954.5516568081955487788596354      
   41048125505.8584700232802850097193389      
   40943503972.9175906944374745373781881      
   40836739005.4657691011515052546846176      
   40727801049.3587921527071256086271271      
   40616660347.3536026997582547329431171      
   40503286942.2525997811329872716504464      
   40387650676.4755752710580537363182004      
   40269721192.4761479103095100709825733      
   40149467930.5090639391321303646407172      
   40026860133.3247450982952245797855643      
   39901866845.9445942010038119907463498      
   39774456913.2039830190440122399056551      
   39644598979.4708618953226176323304298      
   39512261488.2858050786935895351707013      
   39377412694.4051094348306393513160221      
   39240020647.3916719939724915094660355      
   39100053201.4386817827520533197646658      
   38957478014.3029004329199904360896794      
   38812262547.5203549821214845918524774      
   38664374062.0951965395242657744903938      
   38513779622.1215292982192797207119020      
   38360446106.3276308968249625280272891      
   38204340187.4660907963518460804043829      
   38045428343.6416859731639672189531998      
   37883676859.7176564617243562368261973      
   37719051820.4278294018598172439104269      
   37551519121.7631576941124340910209763      
   37381044462.1108482877766773786970266      
   37207593345.0904281998517809561150706      
   37031131071.5424686702527886733933571      
   36851622766.5844938725755471168464032      
   36669033345.5410362620673234968014647      
   36483327533.6303300281568165289831263      
   36294469862.3081297961931987152408464      
   36102424669.1024595996206961735749034      
   35907156100.0188473714516668726890225      
   35708628103.9200991706774670969983936      
   35506804428.3794873564374733211946393      
   35301648643.0480634657991785485113246      
   35093124116.5760843390515733912073579      
   34881194024.4516908848686138514464513      
   34665821350.0613677044335154300917316      
   34446968883.3992373119247164303505436      
   34224599221.3125999437625050999169755      
   33998674765.0229727250143689489273903      
   33769157734.0203298360742537133266682      
   33536010137.9731571053763340672807788      
   33299193806.2806020835629126111507704      
   33058670372.2233448062947457319849976      
   32814401276.8657194212339596564597410      
   32566347766.1450883350458196173074526      
   32314470902.1609020686154390590612807      
   32058731546.4474649241577688398009679      
   31799090370.9301431474056718559310171      
   31535507854.3776511105654549396544401      
   31267944286.1765426213664117188795828      
   30996359762.5062060798467572262768316      
   30720714187.7940204803747454673826342      
   30440967274.6569576406678312013760560      
   30157078543.8636361102624135603293065      
   29869007324.2163969292034522988524007      
   29576712753.8839869398420111051968149      
   29280153776.9284083883415052718078690      
   28979289148.2857261319410906953784362      
   28674077433.1270439281731159978923000      
   28364477002.4789969229362385468792787      
   28050446037.5690858487889787203413499      
   27731942528.0559585955176251570069655      
   27408924270.7831414705824767683603052      
   27081348872.9306329566983251946509019      
   26749173751.5094127974514927219185982      
   26412356131.3428222932051325013860877      
   26070853042.3986934342027678995035986      
   25724621332.0284596662487840832849419      
   25373617652.2590036790025601211405719      
   25017798461.0357139411498595334395128      
   24657120027.9464754231543630491733349      
   24291538436.6378813579060098424458898      
   23921009575.7847462512178425620596262      
   23545489142.8208644954737489575360324      
   23164932646.7422011554017228147082934      
   22779295400.1451669624682620394754342      
   22388532533.9097947230916029003805917      
   21992598984.1147929994649921898237011      
   21591449497.0654795811439108102877436      
   21185038625.4461730617358330472014158      
   20773320734.9917859044740527846788444      
   20356250000.5613806545037500689937661      
   19933780408.0959890804086715369749692      
   19505865749.6663355691024077526481689      
   19072459631.0468170349060649986826421      
   18633515465.0497470699072956382575997      
   18188986477.0816195298337965437842432      
   17738825700.4949094944081748564404750      
   17282985979.2845008134094265173847697      
   16821419967.2136598742024105819812051      
