   372.772634028989287765922922882303870      
   510.269555157058663499037870248736011      
   675.955883753595639072294729767210840      
   869.762495428897676219892394402084053      
   1090.58294896241203966406178444620289      
   1336.51108397195130750175364102673871      
   1605.20823126580331283323961469628705      
   1894.50084768829002706521432392849223      
   2202.98190269050300797652724782217261      
   2530.69120473292753930302385745711376      
   2879.79259987273940526128360278937487      
   3255.11782944853043014328551706209649      
   3664.68991610990236117977677084562958      
   4120.00225643945788084953742397414338      
   4636.23565560690805140664448579635450      
   5232.22385372824617924077952175828182      
   5930.38922845670844977337635008807402      
   6756.52640702904145471126085634720400      
   7739.54476858109383143382193614700644      
   8911.16734305757456631800727511469147      
   10305.6168627654145682770419017404154      
   11959.4119617049669614821952564183500      
   13911.1299932067228481179470122365663      
   16201.2972966970470553177851022583518      
   18872.2872932436248729778415349575717      
   21968.3523357423312890200394975696284      
   25535.7687304115789061236507498065592      
   29623.0206707318166794426468894729107      
   34280.9986493176343957757834462348004      
   39563.5124113586959249118836973309684      
   45527.6697263771144342237368493037254      
   52234.2190445409010227725021489895519      
   59748.5631830831386778278295497511364      
   68141.0153050854606786369511559887340      
   77487.6011633846953869940759956337195      
   87870.4080696762154573702363975428252      
   99379.2961580546300163506022397290430      
   112111.662546075852265485592241518678      
   126173.377990778087527620574226954647      
   141679.294654043180155860859878846017      
   158754.126219700506598403793874428827      
   177532.341158079064074531876566456018      
   198158.371924194088305896485639797499      
   220786.671440523166473584860018298570      
   245581.985145722632015109861722679839      
   272717.449724385223144889858184363464      
   302375.247808252775702449096689118039      
   334745.692360383102751514523427906669      
   370024.590187957446068137372817166122      
   408413.419332537558441062792703343673      
   450117.841811491114401227621285060015      
   495346.086281564599963737589968640626      
   544307.593826977937579311852076827130      
   597211.749526764480172576764154632852      
   654268.015938652781361644084902435028      
   715683.042438094539774059835283737911      
   781661.806426936452005785206425540549      
   852406.761341522471070485247278326989      
   928117.644475552598077939795228888950      
   1008991.92237354850223799932729290179      
   1095223.98001365574796852605091043821      
   1187007.50087561773653399213175629999      
   1284534.21513441463381306658762058207      
   1387995.05864145036173600376608250416      
   1497578.10684114605181886573894265113      
   1613464.43306059099630143088637372391      
   1735831.53178534544702805888272127351      
   1864867.90442406337210870827338724136      
   2000791.12956303377407700523097052680      
   2143853.99990638679105961065662687477      
   2294320.12289607865547762600554585191      
   2452436.08228773844005867334010089584      
   2618414.55346630773763734719194356900      
   2792434.07705260261197265389817714210      
   2974652.86698309156304619596147473214      
   3165229.86454767764839313651322434225      
   3364361.58165393114862729223998226713      
   3572320.93591811996151562486370470297      
   3789503.11390597653282537083329864001      
   4016471.50451865346354074009077016839      
   4253974.52999011692942033756875941048      
   4502932.60392160694333202957490054470      
   4764400.97324014052428545440272511071      
   5039484.79908439087816551021095878475      
   5329224.07036185702026614474869106804      
   5634469.13829432917302668861777784602      
   5955780.87385206236330172391557333903      
   6293332.31723013327062340619057052470      
   6646860.76242284270400219603862379282      
   7015672.23364346334763224894581237781      
   7398707.90762987279293476791551799918      
   7794647.42115413580461267660175870307      
   8202028.13226106089991270641983465850      
   8619409.57823780571963189463882965043      
   9045509.50091524113344087833085475645      
   9479307.50017822831599588332390691246      
   9920121.13573561226106435588682111892      
   10367611.7243363099970631094363408582      
   10821766.1308569698798421183040081683      
   11282832.0842081552164002155716513366      
   11751232.1201923359652168505012858946      
   12227501.6854298820737794057610176111      
   12712225.3862551668844217428418307484      
   13205995.5706158991952896972986550935      
   13709373.6154149220029973098826380804      
   14222854.2034171590945092708399710021      
   14746868.4127631476043808431287751705      
   15281802.1264787726953474264366138194      
   15828020.2877608704854343443487152324      
   16385883.1810151970726858180599060523      
   16955746.4048492122285677411012933670      
   17537956.7770562664709276754472087176      
   18132847.9425511211430223921514964451      
   18740742.0185585730498034322828890796      
   19361949.0992519216449239819698679447      
   19996765.6320639646278212710765570479      
   20645477.5809483677502718198952554940      
   21308368.2232935130182585945984229085      
   21985709.5367554720496180267780362233      
   22677768.4841800749002107108104258663      
   23384807.8236107620073678735654306783      
   24107086.4614228798902044592483073735      
   24844860.4177242768615921975207183959      
   25598375.9844125173482353759851376309      
   26367883.9350503219973811687085733363      
   27153631.6690973093936782919835366437      
   27955858.4525042233211780769289872349      
   28774807.2440606313524591531372171205      
   29610716.7953506851139345982124310979      
   30463825.0883294342088678365579565923      
   31334366.4838813547050579266785527277      
   32222576.9322772980059993652462804859      
   33128688.8049115432038770056052078073      
   34052933.2340187310430030423966254282      
   34995540.9507904434155727283193738136      
   35956741.7307542748927319283084527257      
   36936762.9458674284296633316905637261      
   37935831.4020864986875776976387239553      
   38954173.5578253006697017363753956991      
   39992015.6263467115825020926924719511      
   41049581.4635858459785112405013731041      
   42127094.5371551667858562890513031790      
   43224778.0787815567352314071730639011      
   44342853.5956078691627592628332475575      
   45481542.6704884058264928484653310635      
   46641065.3075878464159075143422025466      
   47821641.3498753834841017075781228556      
   49023490.1624485520720192435495784818      
   50246829.4730941059158600355621920322      
   51491877.2538083027495736014535368259      
   52758850.5137868148934603687419651090      
   54047965.3168662957165062487823153785      
   55359437.7055072647454796043405856253      
   56693482.2844373271266275507201246294      
   58050313.8710166282670699084350521749      
   59430146.1423170520076310685501773052      
   60833192.4581290298119956656328661101      
   62259665.5848087288503152491588835109      
   63709777.4141138154795032255675764964      
   65183740.0649147688278601666600966977      
   66681763.9433228351076407302736330227      
   68204059.9772741003523455873505268979      
   69750838.5386946322238468404062908431      
   71322308.7494775756943390749608168210      
   72918680.0980759362009822401932866857      
   74540161.0535996021500416209220452497      
   76186959.7747325768067930031476975572      
   77859283.9969851270451317939020114492      
   79557340.7461474237538329383084680018      
   81281337.2759229861374150686143298329      
   83031479.5505406443404461750795542139      
   84807973.7771846290965761175775993918      
   86611025.4703971345715184974630130434      
   88440840.0437622773239788142256546366      
   90297622.5265432237090076884881591088      
   92181577.0237176625746576439325179652      
   94092908.2221773574446923865538672271      
   96031819.6660450539807410304297213637      
   97998514.9575958930498070498294250972      
   99993197.4003212283350754682205231923      
   102016069.462153793886711235568127221      
   104067334.074564488651152180693542449      
   106147193.191264885679861890305850438      
   108255848.685603282800538345107949585      
   110393502.315362267639615132923112718      
   112560355.169644165326554111341493991      
   114756608.429099923373104385493171947      
   116982462.910489298473944255382659753      
   119238119.060571409157630168464104989      
   121523777.417488445577356296743506723      
   123839637.896286666062626476733248672      
   126185900.563185839005803763115830520      
   128562765.022180000218339842427716540      
   130970430.522569044066325708222244532      
   133409096.214154888907512770465789712      
   135878961.019823987048026894780588550      
   138380223.814130083512403920057983751      
   140913083.212541185826323035905106618      
   143477737.351039622145810984198837906      
   146074384.926987687213938301737915920      
   148703222.719367008460265214020749498      
   151364449.940988881724108672930377295      
   154058263.216074654400811015126634639      
   156784859.944549335477317921776084845      
   159544437.956883475180370766933986197      
   162337193.568433314355420282384242495      
   165163324.533318668230809385925019760      
   168023026.602865911094802662756976771      
   170916496.969041817422919259000248935      
   173843933.342778223664497002600626699      
   176805529.369087066658197361549705696      
   179801483.673609346982120749510672655      
   182831990.761979173754078121509640048      
   185897247.009082529943416741250369535      
   188997447.378979209727899883808160338      
   192132787.670240526758774437220893299      
   195303464.458166671568213833908095891      
   198509671.728304607931025369263724273      
   201751604.758284000675074940184920300      
   205029460.699781452120807203372408915      
   208343432.178340613758933580832772834      
   211693715.620705935818635501514158279      
   215080503.998104341248953420045261235      
   218503993.547539258364843543479909106      
   221964378.303280718633364126498423124      
   225461851.618616779814586524105131519      
   228996608.766721486584892430009982211      
   232568842.399105939621187987643994846      
   236178748.162251800443616561189162239      
   239826519.062604841994538715987421191      
   243512347.528919690693916242777160352      
   247236431.234480472845837825246482905      
   250998959.232962034790466781686019829      
   254800127.906343489965494583017289029      
   258640130.593249236487175470960584865      
   262519159.175991800139247202405393078      
   266437408.784457191635646888514031797      
   270395070.467450271717256577904953211      
   274392338.741000588551293698814948838      
   278429405.966152973387713202086413644      
   282506462.962296228792439735918152877      
   286623705.439931717994877000793203366      
   290781324.302884840172997857955016142      
   294979511.549002528170709515521142303      
   299218461.285716734123846981055597871      
   303498366.217546921095987594284711437      
   307819418.036297719508912830634299825      
   312181808.484982365098640049737264137      
   316585731.132274368013455965212943407      
   321031376.825775235264677925115503351      
   325518937.105940004233770488273837568      
   330048604.072566163892539004872699373      
   334620570.432003699043219124660262391      
   339235026.188207061843756958400480130      
   343892164.034296351070484492563620825      
   348592174.534450332042516348947327715      
   353335250.896087790978579953731371893      
   358121583.365528276783675373598970277      
   362951363.050574270230427668266720066      
   367824782.995722050232879852733052729      
   372742033.720649344114859036786550110      
   377703305.573180966485980988836146120      
   382708791.085664838398708818394267344      
   387758680.643327103156039036064535527      
   392853165.080759811498329758814638072      
   397992435.319249475783022631727564236      
   403176682.503958378249372201336853168      
   408406096.352352902068435841084032096      
   413680868.537591457002530098438944137      
   419001189.347437005664873007543635713      
   424367249.256648369482611449537523421      
   429779238.943284967285323460009662338      
   435237349.361632658404183569471564132      
   440741770.527534511091004246384082219      
   446292693.242036024214924256697785192      
   451890307.823741979155633004921926947      
   457534804.042109258434755967569809475      
   463226372.202003592907275878298237620      
   468965202.458191936157151767327119071      
   474751484.883727948864621230589438949      
