   44574692022.1147937907227494319266078      
   44574679458.3949690988718790099719749      
   44574665556.6377543185643149899533641      
   44574650197.3245759236194127177510877      
   44574633252.0691085347397789632836823      
   44574614583.4981732372030036330549193      
   44574594045.2325295688211029742811693      
   44574571482.3088743113652845224001761      
   44574546730.7534895521240266119721837      
   44574519617.7787131992818978751564583      
   44574489961.4485560400036076437449899      
   44574457571.1991583522157610818583872      
   44574422247.0855815090363388924677949      
   44574383779.6501911838268267673229054      
   44574341949.8712137243413688684431303      
   44574296528.6413032768250347146041047      
   44574247276.3551627672801465392701336      
   44574193942.5047480144850327556578882      
   44574136265.1293033969223061014684954      
   44574073970.2193796074187209342568956      
   44574006771.0599189020277507011599885      
   44573934367.6421543235631805274906116      
   44573856445.8154251034498661377376957      
   44573772676.5435491303177334844562136      
   44573682715.1547303056693225762734859      
   44573586200.4265552877734648380553447      
   44573482753.6913082398675465399303733      
   44573371977.8011454271536774591772470      
   44573253456.2656462695208236357703084      
   44573126751.9995292803950528604197068      
   44572991406.3394266754987468959080939      
   44572846937.8070452979756825198743500      
   44572692840.7414456585311667502121301      
   44572528584.0545026590131617234906357      
   44572353609.8385673999164389292125254      
   44572167331.6517308730701468307122392      
   44571969133.0625438576355059314947466      
   44571758365.7545644091010172347382949      
   44571534347.8132134852651483113851148      
   44571296361.5593148701208168609288990      
   44571043651.5805246892612946995980100      
   44570775422.2818887053800422444920322      
   44570490836.3102910034404341281706043      
   44570189009.1820315191836138930662510      
   44569869010.3520400391087581107013400      
   44569529857.8339513213494798575104865      
   44569170515.6062993503623827464721936      
   44568789888.4176042560194279103380655      
   44568386825.7465774894651557112148653      
   44567960106.7223331111490373150675862      
   44567508443.6635484925864375879598471      
   44567030475.9455358655260711153779115      
   44566524765.5365958688226023530186615      
   44565989792.2078866378171749733412717      
   44565423948.5967008455019995620441328      
   44564825534.8166398240806989368018215      
   44564192752.9873999822165840154186136      
   44563523701.2775577479942329349120865      
   44562816367.7208135512389596348363558      
   44562068623.7314931181533046128467235      
   44561278217.1982727679699129963192946      
   44560442765.2621308926321313016997016      
   44559559746.7276885353807797016319505      
   44558626494.0319896782432857483812091      
   44557640184.8842380613784170190025022      
   44556597833.3623722571160100596059257      
   44555496280.6334290579002232689446657      
   44554332185.1502173690780028046893075      
   44553102012.3705859153778904841830749      
   44551802023.8431132669793590102068758      
   44550428265.8353925902050482043428874      
   44548976557.3090793313282123193394351      
   44547442477.2022932969055611931024591      
   44545821351.0828539455261994771877343      
   44544108237.0652947492732591490849266      
   44542297910.8802932377371818637605128      
   44540384850.2474199564479096562917756      
   44538363218.2073853528750708420010063      
   44536226845.6031805475333191568619089      
   44533969212.5331769745258412913003973      
   44531583428.7515905524575652574800504      
   44529062212.8840083346580104326324740      
   44526397870.3826093288148657373373106      
   44523582270.2980097708760586833953816      
   44520606820.5689338387231598878610364      
   44517462441.8371902688440066706258596      
   44514139539.8278801003405298364282929      
   44510627988.6829483728025848359855912      
   44506917050.8655779531567715510101323      
   44502995415.1814369575412769314003819      
   44498851116.4809483296556385391286618      
   44494471506.5059711998671820653072017      
   44489843230.0552545222934896109479489      
   44484952162.4809898609439608017278346      
   44479783382.3122731172987977302177571      
   44474321123.7681031760660600012353454      
   44468548731.4135148954566567701840276      
   44462448613.6617650010640055627663012      
   44456002195.6673070827712215936926947      
   44449189872.1135119967761981561084578      
   44441990960.2789965541720986686952709      
   44434383655.2855538026210240516981114      
   44426344987.6359839806349240673446482      
   44417850784.7737599506550908517132250      
   44408875638.3929450279541243823372071      
   44399392879.1946849414847177025517260      
   44389374561.6971896640504801630876719      
   44378791457.5867556040212930112377332      
   44367613068.2937582009565311789588739      
   44355807646.8571658690457217929029919      
   44343342240.9611402193125100931696446      
   44330182753.8212308911063066977267240      
   44316294025.4099420267931605484870388      
   44301639935.2230648872572523861337474      
   44286183523.7192026151718318198772637      
   44269887135.6431978680595878091496329      
   44252712557.1802904637994441802773160      
   44234621297.6740475102988625562627490      
   44215574591.0671317050821409765003830      
   44195533720.8983488520669340440303093      
   44174460135.9458642226767552582148692      
   44152315749.0725452120237770968906648      
   44129062922.9571563644712953437552052      
   44104664699.2218198144541284662917948      
   44079084875.3361232377704800556105470      
   44052288066.9066592883926171193055650      
   44024239739.7882320243819936253991287      
   43994906200.5839847695580427083403269      
   43964254566.7704904432743412592988618      
   43932252709.1627000237955571741534271      
   43898869179.5497073737585322677599608      
   43864073123.5542895705525674046792203      
   43827834223.5652117615870691807997954      
   43790122485.9149473383772115672524603      
   43750908341.5796034666416455238972366      
   43710162435.4950379876351471545680036      
   43667855586.3995025676495824109764959      
   43623958722.9990438589797829674802824      
   43578442827.9787679194364880416880619      
   43531278890.9879229863009218322938337      
   43482437868.9683193298500957485936118      
   43431890655.1082658430393057348618899      
   43379608053.2086504013581198820637599      
   43325560756.7627677076112058358999270      
   43269719334.3740858527026912722890309      
   43212054217.6410869692531179739644823      
   43152535691.5433601147528470027005921      
   43091133888.2981355203886935994135112      
   43027818782.7407848057805727591461720      
   42962560188.5777269791479711648084624      
   42895327755.9758695274923218911995594      
   42826090970.6710901447222220671687619      
   42754819152.1870135503042707211910594      
   42681481453.8729180151789967135818083      
   42606046862.2245487072152962777687551      
   42528484197.0710448969430900817621062      
   42448762110.8497980313946026124348018      
   42366849090.6310596923148145851127663      
   42282713455.4151935583849811159258024      
   42196323358.2107170475515231101319156      
   42107646785.7223045563995027356799756      
   42016651557.7482642328239208725721388      
   41923305328.3533263923827014754873439      
   41827575583.5215940053643881933494460      
   41729429643.3928373195067085275460110      
   41628834662.2650849668473958441948795      
   41525757625.6025711205957276583147177      
   41420165353.1527453481692805374814777      
   41312024497.3349981733887740339472106      
   41201301541.9551268749427392294990692      
   41087962804.4903787533203814244773496      
   40971974432.9180718585229494375447915      
   40853302407.6218922409298430848001702      
   40731912573.7361557159991713564841411      
   40607770503.3167206041465566801518832      
   40480841703.9407856338640258460218982      
   40351091478.9940937797411885740670497      
   40218484961.4444986719695536709203975      
   40082987114.2693969386007795135026333      
   39944562726.6971228483555559980654776      
   39803176416.7775901682061757807824548      
   39658792630.9279705765360040838840298      
   39511375644.9474332741677246952124605      
   39360889560.6144165540493545607262579      
   39207298308.1839092949902511485484249      
   39050565647.5982066293182740281002551      
   38890655153.8729875158217801196166400      
   38727530235.4123186342666654282039300      
   38561154124.9461611275436455625161896      
   38391489882.9331519122667601136352000      
   38218500385.6674616960565149559495277      
   38042148347.4132894070758930146375069      
   37862396285.5443047484714458975782620      
   37679206563.2409585434432891949221583      
   37492541337.6123472879480161929197888      
   37302362631.9516066041203824007859118      
   37108632256.0570413803909918840687243      
   36911311852.9298660306550083388305469      
   36710362890.8777983753336272760214467      
   36505746647.6317580485671683846915416      
   36297424229.3981202193461018033071752      
   36085356563.9963491687637784747528156      
   35869504381.4517828345514219378525447      
   35649828270.5410542744257631963008611      
   35426288618.6658939647567451258531606      
   35198845605.8123331530938184768208947      
   34967459267.0664013904732486558461538      
   34732089442.9587482155171597349164508      
   34492695792.0621512216532857486644417      
   34249237791.0161551660320924951646266      
   34001674733.8031270402229221560469688      
   33749965731.9787105559138790838229238      
   33494069713.1842300218001638153636228      
   33233945426.0176607371788806670505313      
   32969551425.2786628257796062232451251      
   32700846091.3267701585635907557316599      
   32427787616.7608910746055462774577351      
   32150334011.1875892758756382732637256      
   31868443098.7236044412684583374719072      
   31582072518.6269816849254233097690930      
   31291179724.0870054656717809426750532      
   30995721983.7061375330896581512310842      
   30695656377.4362949738708876463088789      
   30390939807.4302732425315792516642885      
   30081528985.9541077548662350872743065      
   29767380436.0669970168009863360504818      
   29448450501.2917222811458841905881821      
   29124695330.6375527200865740082825739      
   28796070889.0443248910610452199603495      
   28462532956.8676624744407341312026036      
   28124037125.9017760611600872611328963      
   27780538800.5105269204262478341720764      
   27431993198.0377651810166619723051673      
   27078355348.1039323226664771557004716      
   26719580092.4463943196713290395855944      
   26355622084.8511946502935207456467875      
   25986435792.1202245538438577162459424      
   25611975492.2691272605256469136133386      
   25232195275.1672129559976284300743961      
   24847049042.7653723305798656346016303      
   24456490502.5433089962665195145079619      
   24060473181.1799277260496482615930877      
   23658950417.1144407618179910093026792      
   23251875365.3011476396306125388831254      
   22839200969.3293068228929971470348788      
   22420880004.6182474564200323544037262      
   21996865052.0437500857660106508303240      
   21567108502.7079197876922963809800315      
   21131562558.6794336172659681657240858      
   20690179232.0226197638770689112508007      
   20242910346.2937649861492979956037367      
   19789707536.1777927446078946676460417      
   19330522246.2125101235712519120534839      
   18865305730.7671057862268385446402299      
   18394009056.0675683402939296834219833      
   17916583098.2460280711298918967808811      
   17432978543.8966942091155556087813911      
   16943145889.5321158108516026669121754      
   16447035442.4491067746684269432570421      
   15944597320.0391242595924827144382232      
   15435781449.8845391569139409524875949      
   14920537569.9731469976576708130183204      
   14398815225.5109666892999981674521380      
   13870563774.5189959942258875216491819      
   13335732387.9229997961931908386671461      
   12794270042.9365497555144222012541166      
   12246125531.2161223391068791737535639      
   11691247447.3738737853087219369617783      
   11129584203.3251212173523512623439578      
   10561084020.3913430515334288960334994      
   9985694928.13275488707197188824685886      
   9403364770.03570953723823736112797895      
   8814041183.88982820704184376918841640      
   8217671638.84576669743467238296460955      
   7614203403.15603892403353557029071884      
   7003583558.88494013974713835537575138      
   6385758998.01018212278537482974966317      
   5760676420.48460257448340022589183575      
   5128282341.59588133313285741466787543      
   4488523081.73601566814348649127362560      
