   47.326235308428870        64.314490046515729     
   47.326235308428870        64.314490046515729     
   47.326235308428863        64.314490046515729     
   47.326235308427059        64.314490046514820     
   47.326235308296454        64.314490046449578     
   47.326235305312316        64.314490044958788     
   47.326235273156449        64.314490028894241     
   47.326235066531957        64.314489925663594     
   47.326234148984085        64.314489467215736     
   47.326231045912209        64.314487916568396     
   47.326222505223988        64.314483647742406     
   47.326202459416933        64.314473625282290     
   47.326160959641278        64.314452867739888     
   47.326083265913049        64.314413986652312     
   47.325949219855964        64.314346862739612     
   47.325732999980175        64.314238511713214     
   47.325403216458596        64.314073113315473     
   47.324923320566839        64.313832190961364     
   47.324252229596731        64.313494886694713     
   47.323345072797942        64.313038279120178     
   47.322153968736259        64.312437695346759     
   47.320628793340532        64.311666998598824     
   47.318717841335769        64.310698801623559     
   47.316368466568790        64.309504667704047     
   47.313527612059509        64.308055258288036     
   47.310142325701904        64.306320497854045     
   47.306160233137234        64.304269749519065     
   47.301530025486244        64.301872046824712     
   47.296201942799485        64.299096371708430     
   47.290128278141331        64.295911998841220     
   47.283263874766781        64.292288883747304     
   47.275566638173672        64.288198102125321     
   47.266997988831193        64.283612288360942     
   47.257523303502964        64.278506089632529     
   47.247112264824082        64.272856578805715     
   47.235739156596402        64.266643637027954     
   47.223383061590695        64.259850270836722     
   47.210027967124361        64.252462860930450     
   47.195662780029828        64.244471333837225     
   47.180281243478191        64.235869252016371     
   47.163881776925159        64.226653828569525     
   47.146467227485587        64.216825861399485     
   47.128044566454065        64.206389604657090     
   47.108624526721705        64.195352577995820     
   47.088221191958773        64.183725321840825     
   47.066851562213813        64.171521114316420     
   47.044535096858866        64.158755657697185     
   47.021293240818309        64.145446733494239     
   46.997148963276651        64.131613855242563     
   46.972126288170017        64.117277904551059     
   46.946249848147765        64.102460772994050     
   46.919544453086928        64.087185008022061     
   46.892034676425979        64.071473466464695     
   46.863744477586465        64.055348989279125     
   46.834696838704787        64.038834085341719     
   46.804913436488683        64.021950638981494     
   46.774414339858374        64.004719636358516     
   46.743217736177812        63.987160913544258     
   46.711339683121558        63.969292925023353     
   46.678793887363632        63.951132533866293     
   46.645591505393362        63.932694821340355     
   46.611740969212789        63.913992916972767     
   46.577247826785992        63.895037844285312     
   46.542114609452781        63.875838389094874     
   46.506340703484618        63.856400972979515     
   46.469922241655318        63.836729549311571     
   46.432852011134308        63.816825510856617     
   46.395119357746033        63.796687600808831     
   46.356710102262319        63.776311839834847     
   46.317606471854859        63.755691456945705     
   46.277787015699673        63.734816826754994     
   46.237226534312150        63.713675406910816     
   46.195895914061090        63.692251641292941     
   46.153762359756243        63.670527054520434     
   46.110788873617587        63.648479982593237     
   46.066934434383512        63.626085645698602     
   46.022153825046360        63.603316048994756     
   45.976397526955253        63.580139920516032     
   45.929611580687578        63.556522621404554     
   45.881737458611020        63.532426078794970     
   45.832711903441890        63.507808687273396     
   45.782466738613678        63.482625191612740     
   45.730928699695731        63.456826593166426     
   45.678019197482627        63.430360004574581     
   45.623654102519943        63.403168523563949     
   45.567743468282970        63.375191059621521     
   45.510191269375419        63.346362180279229     
   45.450895096229630        63.316611922050370     
   45.389745824403363        63.285865582033225     
   45.326627289870196        63.254043518147917     
   45.261415914917912        63.221060913531268     
   45.193980360440030        63.186827553318921     
   45.124181134903623        63.151247571027412     
   45.051870234380310        63.114219216429674     
   44.976890786771456        63.075634615098487     
   44.899076724052428        63.035379548161693     
   44.818252517909983        62.993333262634899     
   44.734232976330212        62.949368319463417     
   44.646823111733397        62.903350474238486     
   44.555818226767457        62.855138699459516     
   44.461004069882875        62.804585237720225     
   44.362157289630730        62.751535841127847     
   44.259046092014884        62.695830133781790     
   44.151431240052865        62.637302189201989     
   44.039067382982481        62.575781311459799     
   43.921704759657487        62.511093055832724     
   43.799091281660424        62.443060494881131     
   43.670975020517460        62.371505749824351     
   43.537107006222740        62.296251726244115     
   43.397244249661860        62.217124029238136     
   43.251152960931961        62.133953001014000     
   43.098611651426289        62.046575739816767     
   42.939414022637841        61.954838007018658     
   42.773371414471299        61.858595891218535     
   42.600314598379285        61.757717092561478     
   42.420094756945545        61.652081721404180     
   42.232583552631702        61.541582537776186     
   42.037672266367146        61.426124620898307     
   41.835270048939250        61.305624469904942     
   41.625301445131662        61.180008636226169     
   41.407703375934318        61.049211990786802     
   41.182421808715667        60.913175765834865     
   40.949408338794719        60.771845508634080     
   40.708616910099067        60.625169087287730     
   40.460002029093296        60.473095596288147     
   40.203511537629282        60.315570869089889     
   39.939090997751123        60.152540163380458     
   39.666677974778146        59.983944585940606     
   39.386201812482255        59.809720911627160     
   39.097582886475109        59.629801083095160     
   38.800732245044770        59.444111956507314     
   38.495551603188161        59.252575274312612     
   38.181933615916762        59.055107824149893     
   37.859762383851681        58.851621758636938     
   37.528914214468514        58.642025084107438     
   37.189258525542115        58.426222261309860     
   36.840658992629820        58.204114966820640     
   36.482974822355388        57.975602958789736     
   36.116062260118944        57.740585096853479     
   35.739776288265141        57.498960502696640     
   35.353972628903300        57.250629945308518     
   34.958509596651730        56.995497036950709     
   34.553251062573906        56.733470344488325     
   34.138068914317643        56.464464980249659     
   33.712846262032556        56.188404767464661     
   33.277480958529495        55.905224565950419     
   32.831889531075142        55.614872842659580     
   32.376011502935754        55.317314457054806     
   31.909814189746065        55.012533701248323     
   31.433297870239528        54.700537519048133     
   30.946501368875275        54.381358904498796     
   30.449507954531782        54.055060409742183     
   29.942451515093016        53.721737711723570     
   29.425522821520161        53.381523105125453     
   28.898975840249488        53.034588882648151     
   28.363133819947716        52.681150416590746     
   27.818395043150023        52.321468880913514     
   27.265237963734702        51.955853432762034     
   26.704225534383060        51.584662765225268     
   26.136008483273290        51.208305915091977     
   25.561323875670308        50.827240007436401     
   24.981009393510895        50.441978197356612     
   24.395981106393144        50.053074216749934     
   23.807244277828111        49.661128434439185     
   23.215884469287598        49.266781538908113     
   22.623059842757726        48.870709382745737     
   22.029991109454478        48.473616770177792     
   21.437949126726700        48.076230225376882     
   20.848240230518570        47.679289787560073     
   20.262189589229244        47.283540017872753     
   19.681122976202843        46.889720367646177     
   19.106347530424735        46.498555227488225     
   18.539132186530001        46.110743928401966     
   17.980688543139923        45.726951094535529     
   17.432152968971192        45.347797709338572     
   16.894570673081613        44.973853244394803     
   16.368882383524134        44.605629159033583     
   15.855914117539458        44.243574006982954     
   15.356370265129774        43.888070240915212     
   14.870830138760484        43.539432807557915     
   14.399747757653541        43.197909379759835     
   13.943454678466283        42.863682156750691     
   13.502165360676598        42.536870941637304     
   13.075984663321631        42.217537306168467     
   12.664916858095527        41.905689513847683     
   12.268875728177731        41.601287983159850     
   11.887695222152274        41.304251015736405     
   11.521140250753845        41.014460573337431     
   11.168917294358037        40.731767926702425     
   10.830684657888058        40.455999174063081     
   10.506061790415467        40.186960096169052     
   10.194638110748061        39.924440901403528     
   9.8959808149417849        39.668220341763167     
   9.6096418074928991        39.418069377183258     
   9.3351637638641467        39.173754376981719     
   9.0720853278028208        38.935039856904893     
   8.8199455171058645        38.701690800069144     
   8.5782856238222784        38.473473059347278     
   8.3466595077982308        38.250161191090641     
   8.1246247384287784        38.031530079153491     
   7.9117522232521393        37.817362501133196     
   7.7076257129032282        37.607448240048939     
   7.5118428170645890        37.401584589558574     
   7.3240157609945502        37.199576748778412     
   7.1437718386116194        37.001238045046442     
   6.9707536392491196        36.806390041313655     
   6.8046191172419386        36.614862570059302     
   6.6450414612183515        36.426493642693835     
   6.4917088788502086        36.241129330398813     
   6.3443242770312462        36.058623586102748     
   6.2026048675793408        35.878838028420624     
   6.0662817260307307        35.701641699692907     
   5.9350992793167157        35.526910779572290     
   5.8088147986352991        35.354528308355860     
   5.6871978901475275        35.184383920892927     
   5.5700299334081409        35.016373530982627     
   5.4571035680641913        34.850399063030054     
   5.3482221400910834        34.686368141539035     
   5.2431991870099397        34.524193815468479     
   5.1418579278820431        34.363794281935959     
   5.0440307699220313        34.205092617598837     
   4.9495588265085724        34.048016516397617     
   4.8582914602743239        33.892498041105362     
   4.7700858394082468        33.738473381372728     
   4.6848065200606355        33.585882626035684     
   4.6023250415896140        33.434669542484670     
   4.5225195459386223        33.284781368234391     
   4.4452744139382645        33.136168611052774     
   4.3704799197044490        32.988784860616043     
   4.2980319077096638        32.842586612181229     
   4.2278314775507946        32.697533086808754     
   4.1597846975738566        32.553586081466037     
   4.0938023281134743        32.410709812094922     
   4.0297995611324096        32.268870768222854     
   3.9676957732553588        32.128037578320892     
   3.9074142883695364        31.988180857614203     
   3.8488821931519093        31.849273185689881     
   3.7920300772082078        31.711288839046414     
   3.7367918786868670        31.574203786465574     
   3.6831046897077404        31.437995559171089     
   3.6309085856792374        31.302643155395135     
   3.5801464652722350        31.168126952074516     
   3.5307638959068184        31.034428613882568     
   3.4827089713550738        30.901531015196866     
   3.4359321769190183        30.769418163504795     
   3.3903862627415284        30.638075127184699     
   3.3460261232990924        30.507487967774310     
   3.3028086852465433        30.377643675355099     
   3.2606928014560221        30.248530109553894     
   3.2196391582628960        30.120135971006469     
   3.1796101485624284        29.992450625985477     
   3.1405698341798201        29.865464240858493     
   3.1024838255320866        29.739167612366529     
   3.0653192127020792        29.613552144766647     
   3.0290444920594242        29.488609818859452     
   2.9936294958092677        29.364333151656083     
   2.9590453236793826        29.240715149469306     
   2.9252642814654659        29.117749282215403     
   2.8922598191974114        28.995429434097851     
   2.8600064807854557        28.873749893889126     
   2.8284798470771428        28.752705312341877     
   2.7976564866698470        28.632290675907548     
   2.7675139080680142        28.512501277695161     
   2.7380305183848637        28.393332706414071     
   2.7091855766803312        28.274780804625866     
   2.6809591567077811        28.156841657895608     
   2.6533321081946672        28.039511572387294     
   2.6262860211865005        27.922787055639624     
   2.5998031920548628        27.806664798489415     
   2.5738665923655470        27.691141661314383     
   2.5484598343725091        27.576214644407298     
   2.5235671485312503        27.461880896096300     
   2.4991733533697329        27.348137688620575     
   2.4752638232925901        27.234982384940064     
   2.4518244749764455        27.122412463514308     
   2.4288417364959494        27.010425483178118     
   2.4063025270186866        26.899019079262406     
   2.3841942355897023        26.788190951387868     
   2.3625047009532492        26.677938855548479     
   2.3412221931108697        26.568260600974011     
