   44856513694.8129263850519346761956437      
   44856513694.8129263813416070804773919      
   44856513694.8129255754706500625199561      
   44856513694.8128861700865840358641580      
   44856513694.8121144230022553146470383      
   44856513694.8041627413636791022313221      
   44856513694.7528451636853261447451574      
   44856513694.5184942352352187514127925      
   44856513693.6933036091704701905389322      
   44856513691.3124122314600625057594828      
   44856513685.4322463708807516756819236      
   44856513672.6757461821824007386033649      
   44856513647.3219137688685864971272600      
   44856513601.1814450396171260675363940      
   44856513522.7519129528879005282909008      
   44856513396.9228594595531267523088760      
   44856513204.8291240674865127572660973      
   44856512924.0216222656395191982509099      
   44856512528.9927403424355762001128700      
   44856511992.0201057256731549217400113      
   44856511284.3483682726029760830141660      
   44856510377.6955520834075169856507371      
   44856509245.2645714991667797261291203      
   44856507862.8478467941414570165395592      
   44856506209.7328709257567335448874450      
   44856504268.4220449431587095202368835      
   44856502024.7283259161566996881104283      
   44856499465.8518839247936562914518554      
   44856496579.0138800769994620518916343      
   44856493348.8143377584094631010782460      
   44856489754.7003155038849233120191288      
   44856485767.7651187851347482576504503      
   44856481347.5005975853222598383920949      
   44856476438.5841974807603881718766596      
   44856470967.8032519435604553494976630      
   44856464841.0493700342169846306580032      
   44856457940.8330075922854605684595381      
   44856450123.6011327538560660410861184      
   44856441217.7870725500159190591520374      
   44856431021.8381676808655249841259225      
   44856419302.4796630617600572297255457      
   44856405793.2715620992713852820153491      
   44856390193.1225899002218684955718764      
   44856372165.0132527618883741906202130      
   44856351334.4263132813345439387596597      
   44856327287.8801357654971980401343424      
   44856299571.2092869839833114117470732      
   44856267687.5857692391617861173973908      
   44856231095.2433548256411804073216670      
   44856189204.8760355525485074428193497      
   44856141376.6132754848910076788944004      
   44856086916.2028965415875863066827895      
   44856025071.4278752256399476940692621      
   44855955027.0811754395882808041946434      
   44855875899.8843600581992739977702490      
   44855786732.5693848981730860865905520      
   44855686487.4079834949441252051387406      
   44855574038.9569105799814775247775829      
   44855448166.2138998422538597818916273      
   44855307544.1693998581524462949197536      
   44855150735.4502096287224605449110523      
   44854976177.8304095498190607043361290      
   44854782178.2144821441993286692082036      
   44854566899.7527875923219252236908986      
   44854328351.8883753946295616577233968      
   44854064379.7859202227545631653121744      
   44853772654.1674182041918919893873516      
   44853450661.2166831785824822163226030      
   44853095693.5124642028973648600989622      
   44852704841.4306738149178846066713347      
   44852274985.9374465807641860879968895      
   44851802792.2831877901460294075891254      
   44851284703.0930538128136007964871446      
   44850716943.2935708071431495068569431      
   44850095504.5988033040797027388290935      
   44849416153.2572687278198375365955398      
   44848674428.1736631203817927213190435      
   44847865637.8212984109841017881633743      
   44846984875.6894671800335094803112395      
   44846027004.9527809827169512018781005      
   44844986671.0933085912141622344448676      
   44843858302.5202674573295324233577353      
   44842636112.9606040166908139422765487      
   44841314103.8323197923241017005127968      
   44839886065.8476435250175273736193100      
   44838345580.4777208439109074259488514      
   44836686019.9755434864327477595737962      
   44834900547.3963701822798431967134978      
   44832982115.4164499740289506474032892      
   44830923463.9779968247327227972645044      
   44828717118.4636132830022025792060674      
   44826355384.5809947899032662743120249      
   44823830344.0200751136329969084286539      
   44821133848.6096030596565690435115070      
   44818257513.5764870498449051293908678      
   44815192709.0922554059098533289570413      
   44811930550.2087797170868272731336135      
   44808461886.2555353779463746166872634      
   44804777287.9533376115228422095170609      
   44800867031.1712599035883935851727015      
   44796721078.2575902760990763492464914      
   44792329054.0294417102265305641174210      
   44787680217.0169368255767647492640825      
   44782763420.9714378428583994664146866      
   44777567068.1733315505483605979365185      
   44772079042.6359175763089012743878111      
   44766286706.4737215523097246175269530      
   44760176789.1838254902736193637046502      
   44753735445.2953015798763332456253177      
   44746948318.1505830829620461239372421      
   44739800684.5560824381608181492262249      
   44732277636.0004126067094615361228524      
   44724364294.9146338070741603290237687      
   44716046041.3099531800129684500128245      
   44707308659.6831534287215020262679333      
   44698138612.3665292943208847167426255      
   44688523097.5483865989671583187198095      
   44678450102.9308723036913119389336792      
   44667908355.1381944177436803638686595      
   44656887200.0566359110684554306335903      
   44645376442.4707488978504161611324977      
   44633366170.6284464411189582911508628      
   44620846589.5458513537936952905868414      
   44607807876.6204117686347529488314177      
   44594240085.9566083947986284046524043      
   44580132977.8690442376426238720802870      
   44565476092.3721939914339013672573600      
   44550258613.7002737333294678211357883      
   44534469373.2870747676466499383719195      
   44518096838.9657224182514614644081381      
   44501129112.2835365928356612583604358      
   44483553931.5221737274464212573963187      
   44465358678.1327820006151322769903108      
   44446530385.0453510309543168604304794      
   44427055746.2695335307873161578183667      
   44406921124.7762479473810701388656914      
   44386112563.4939045201779289055776992      
   44364615793.4534863105008627742595495      
   44342416242.1166794210822666705889818      
   44319499040.9305895903620908564656188      
   44295849032.3269839577853019536057975      
   44271450776.0142084624245882180513076      
   44246288550.6882125611042084728899256      
   44220346375.5953378645755191208928225      
   44193607990.9182833023332698419217734      
   44166056877.5252409425690796974358412      
   44137676257.6519693534153307059433992      
   44108449123.2943970510493420339177676      
   44078358136.6884403943361318227214708      
   44047385789.0261099846393888897676206      
   44015514298.8324805876313412253365434      
   43982725639.3238471658694510834994460      
   43949001541.5750133383312758538277697      
   43914323496.4968244369861264848287309      
   43878672756.6226121086481526421440900      
   43842030337.8207520661834310144353175      
   43804377021.2084985837610448723652567      
   43765693354.3580856042313467208846410      
   43725959652.9338314353356428758811661      
   43685156002.0644194311472851031806633      
   43643262257.5471627583173384300465928      
   43600258047.0858527998422960663883274      
   43556122771.9271782149748028329763677      
   43510835607.1733391685992479093047392      
   43464375503.3178860796745841265992621      
   43416721187.3374744683702265544728267      
   43367851164.2692753760271382736545565      
   43317743716.3591127750693969452142439      
   43266376905.1677317843018205259993390      
   43213728575.0983809841429147808002427      
   43159776345.3037681464132152694509874      
   43104497623.7307323858040640376588773      
   43047869598.8503864640340032854109317      
   42989869239.3633276564907130157013613      
   42930473301.3102154079152186608500066      
   42869658326.7964117989211075319507281      
   42807400639.4199360990477995815047441      
   42743676353.7293935519864504245255380      
   42678461366.9233141910457486407553175      
   42611731368.0900260829298288323809234      
   42543461831.7341405722829673911901852      
   42473628019.8108853139838024624879065      
   42402204989.7375746755091999666468773      
   42329167583.2836887691887815494848327      
   42254490435.9405020757546312827296193      
   42178147972.5748020237793771022092876      
   42100114411.8174423564373682440333526      
   42020363761.0005692691393988378261955      
   41938869824.9984221365509986573862087      
   41855606198.8581088582103933364901151      
   41770546270.8556543084759323630504925      
   41683663226.0031659285328049102869093      
   41594930041.8653096439366736420398308      
   41504319492.3174728372613958213457663      
   41411804146.5172363888961913439181658      
   41317356366.9289399142143903419946657      
   41220948315.2354721412029355686763636      
   41122551949.3855212126128056186972073      
   41022139023.8651341392881434029398147      
   40919681092.6880337588611499390966149      
   40815149502.9543534560719521574823817      
   40708515402.3793920656557008746659693      
   40599749737.3189408706989359656259701      
   40488823251.3809778350517154541177307      
   40375706489.3670629289222329841822265      
   40260369793.9553540660307089952380972      
   40142783308.3902962060868238596859812      
   40022916973.9764365473476799951705651      
   39900740534.8254995439662864771704480      
   39776223532.1473095585449653341958915      
   39649335311.7427442584052749693819544      
   39520045017.1436760249144540968149023      
   39388321593.9887817154826218627671473      
   39254133789.9133699142325718352025829      
   39117450153.7952564521662843831433160      
   38978239033.6433043077894134143727747      
   38836468584.5426263154915629918587085      
   38692106759.9773765476001190445268696      
   38545121317.6592021667268193152386995      
   38395479815.2247644885166910228894255      
   38243149615.9346253368624523166559297      
   38088097889.9908340516815014238061055      
   37930291598.9304175530597738513235637      
   37769697521.4375900629313537306546271      
   37606282228.9101860535714104188221103      
   37440012106.1021932287038448610078402      
   37270853329.2927240433181659658907994      
   37098771886.4856827851526425346318212      
   36923733570.6863238770615315555485343      
   36745703977.3223528816032516067718360      
   36564648507.4520517569124080119360390      
   36380532365.7617034883131346774445973      
   36193320561.9030016007537627877784939      
   36002977908.3813025887783638414929161      
   35809469023.9494258950103177640748327      
   35612758334.1798707099868205828889841      
   35412810068.6465914972664896590593561      
   35209588259.1905300941708310077181966      
   35003056749.9252415524773146746706045      
   34793179185.9507283099230983292479955      
   34579919019.6826607064183496018028569      
   34363239506.1131102036843503555170644      
   34143103710.4745929334269729733323964      
   33919474502.2471716788982426586776547      
   33692314567.3155284632257433361450355      
   33461586366.2679959480810403933111457      
   33227252192.5026688054882819796720430      
   32989274151.7230948383840797931013775      
   32747614147.5159053039155863843890625      
   32502233863.4260744771316713685763306      
   32253094847.1425120752658468305094443      
   32000158395.1133201791155337090882923      
   31743385644.2924437791839221307071570      
   31482737527.9706791554718112061184399      
   31218174794.0780212705482057433902427      
   30949657988.8736339611795177847793832      
   30677147469.9046148908213915563902524      
   30400603401.0241311378569855726068069      
   30119985754.9290288058019294624814162      
   29835254311.1321932576645820883036704      
   29546368656.6122942354352438401416680      
   29253288186.2561455624429361436912159      
   28955972102.6692053691720483144716873      
   28654379416.3296297250776681320456579      
   28348468945.6518484079541889645999248      
   28038199317.0579323605250186845285493      
   27723528964.9689731192341962868413888      
   27404416129.6625731410034745871875863      
   27080818861.5249932179224421695474880      
   26752695019.5318942398666573396956357      
   26420002272.1003651508536069362434079      
   26082698091.4564091289537533441670815      
   25740739776.2640976563906737374889740      
   25394084411.6777720512247114941673783      
   25042688898.4210543627990930743290070      
   24686509947.4966296875052341129545748      
   24325504077.6248386849614615697371888      
   23959627616.2202699370265061286019247      
   23588836696.8593374874146766922904228      
   23213087264.6787345750592957897115786      
