   44856513694.8129263850526657782576790      
   44856513694.8129263850526514915952091      
   44856513694.8129263845847582314136965      
   44856513694.8129261859019069299157714      
   44856513694.8129122970021208173105985      
   44856513694.8125678380089562088951014      
   44856513694.8083630536588150907426473      
   44856513694.7776374885332493887168122      
   44856513694.6237471320689449025175301      
   44856513694.0426356291836635051662954      
   44856513692.2730535502032659249477534      
   44856513687.7133733351548799962602137      
   44856513677.4180691326776640358928694      
   44856513656.5898318567554269136298565      
   44856513617.6687372086751243832647109      
   44856513550.2368979980954207824736435      
   44856513440.2841009399659129840594248      
   44856513270.0573539452405975812807918      
   44856513018.1334698617179559511670793      
   44856512659.8367509986328154936763279      
   44856512167.8685598981444590142205498      
   44856511514.0117478853921330810643316      
   44856510669.3454918148701689703439257      
   44856509606.6481961360443377460565664      
   44856508300.7666355049181615499533324      
   44856506730.0052783665801661827760664      
   44856504875.8715400988197584812268260      
   44856502723.3744968576729348793360065      
   44856500259.3845229897316004085284534      
   44856497471.4111393131374885311131976      
   44856494344.9955084322973275161064738      
   44856490861.5675819587800186580664122      
   44856486994.9182581162032658776297893      
   44856482708.3687928282749938126468023      
   44856477951.3407829240146594405481817      
   44856472656.2546044331751146788800989      
   44856466735.4438173787859174506309202      
   44856460078.6959040887008183496479584      
   44856452550.3951789999994526365162431      
   44856443987.5036795581590361709494602      
   44856434197.5734209428763834855998051      
   44856422956.9014061456171011056465740      
   44856410009.0667360863263509158541768      
   44856395063.3912494306196668461299766      
   44856377793.6781518951602832886704340      
   44856357836.7032067709065279997104187      
   44856334790.7325444319246351023292795      
   44856308213.8626064961439459869036450      
   44856277622.1642235998656713920892222      
   44856242487.4677301241793886508454934      
   44856202234.8946189495891850739613703      
   44856156239.9165990010524865518428479      
   44856103824.8668314054839183943146876      
   44856044255.1750715366859074445590269      
   44855976734.8530429143005812281674319      
   44855900401.4310905842879229306769225      
   44855814320.2701173152708983038134682      
   44855717478.2271311036375889020590086      
   44855608776.7433924282402451890035429      
   44855487024.0278217948422507208516877      
   44855350926.8671244236694077553140913      
   44855199081.7397807168339859385925746      
   44855029966.1003286973975745369763627      
   44854841925.1990288026093716990551291      
   44854633166.4977762449727271354914866      
   44854401746.2021226506568111773213336      
   44854145559.3350536840792103634131377      
   44853862329.4999913468399620821307157      
   44853549598.6658271488880680265870445      
   44853204717.8343139753037229633628032      
   44852824838.2204111726579879821192704      
   44852406903.7205397281853221866683112      
   44851947644.1901651246240773569685951      
   44851443568.0977361558144024087700418      
   44850890967.4387980401375154231521491      
   44850285901.3100129193293167053579702      
   44849624203.5556921677771551257737190      
   44848901480.5374981510347831652989088      
   44848113108.4136319297688111738975381      
   44847254246.1712349414797350586851070      
   44846319823.2510279908813112961152153      
   44845304550.0633254816101057925237525      
   44844202919.2420245454757358927177343      
   44843009208.0757540830936973872325591      
   44841717480.7289799446325778229413138      
   44840321590.4385041228324361163966010      
   44838815180.6232594560797401923864918      
   44837191685.7561766538144672341922216      
   44835444331.1446066159213900801437272      
   44833566131.9616595958852501438527900      
   44831549891.3987559871211452425100964      
   44829388199.3280515410521369433366001      
   44827073427.0430581942816431054393880      
   44824597723.2271413272132933211538963      
   44821953008.6414214100464387501823233      
   44819130969.6966525937546324731022668      
   44816123050.1264556027034440670039971      
   44812920441.9296425367968494839505686      
   44809514074.7086148641438966340041843      
   44805894603.0967486085923167924607271      
   44802052392.7480308127268985006148076      
   44797977501.1807770859124878551899338      
   44793659656.0630513976758732020007318      
   44789088228.4646900640203376756440767      
   44784252196.5814075527508222161906335      
   44779140102.3142491312351896720076044      
   44773739998.4820440202973586759276942      
   44768039380.4909405204065391928325192      
   44762025193.8350169331904682622307468      
   44755683750.6506018871029414021798392      
   44749000833.3397197587485532529326280      
   44741961810.2438250474513453255071140      
   44734551805.8559621319903470914450757      
   44726755911.6281647716199774348110599      
   44718559413.2695322592162356750982104      
   44709947940.2020658295606685946173439      
   44700907752.1998926071413098385491384      
   44691425815.7228561201575093700290188      
   44681489885.8596173287323169344325241      
   44671088479.5293799778061961532016315      
   44660210774.1987777236371548706295429      
   44648846456.4599842967534113705878078      
   44636985548.5473057596115276573954270      
   44624618237.1017982713767225284837512      
   44611734721.0813921455807525931609283      
   44598325087.6572546177814540817509480      
   44584379233.2603549997006016517491753      
   44569886727.0894084322378202277750704      
   44554836875.6745541518780187001677634      
   44539218616.8834888608783216053962246      
   44523020527.0887423170349396879173619      
   44506230816.5346891985025516134154051      
   44488837330.7851044322529936614848108      
   44470827556.5177572201267906683561787      
   44452188629.1361270620003946411481191      
   44432907342.4449951410662761150311873      
   44412970156.6584250829220609506734343      
   44392363208.7857584749947793908063629      
   44371072321.6275036209052148882975744      
   44349083011.9671455737136621835723212      
   44326380498.3944572127339709430926902      
   44302949708.4824020087240203821966696      
   44278775285.2687978873909168689631677      
   44253841589.1610400831142046476387733      
   44228132719.4498785092988087973193105      
   44201632495.3357701231741215167382794      
   44174324475.2464115976721986351665489      
   44146191957.9546549123736845025656926      
   44117217985.6588782900882584704832524      
   44087385371.4269383540031772022530209      
   44056676604.3120163471168764529766590      
   44025074000.3599040062238923639832649      
   43992559605.9381839252542046932012521      
   43959115223.7357433816941983046866930      
   43924722415.7337075184510416627704631      
   43889362505.0708980708168213354554793      
   43853016577.7776205530222962087722885      
   43815665484.4788238508708077268137842      
   43777289841.9030605422848474674590174      
   43737870034.5016489204260236766242188      
   43697386215.6956472959785725327889775      
   43655818309.2387563506499530293390955      
   43613146010.5851274700483871606531245      
   43569348788.0127920895775712283874466      
   43524405883.2853212063646777830193960      
   43478296314.3342397730385791308695001      
   43430998873.6771198240438025162856337      
   43382492132.6584580924453584075281516      
   43332754438.8900613154431936112145856      
   43281763919.7472952465484752933910086      
   43229498484.0647665554493698432161023      
   43175935818.6952742928927408591244808      
   43121053392.6279678810198438766004808      
   43064828460.3416592651161656775913763      
   43007238054.8701846458008662717013669      
   42948258998.8103293270335160925203691      
   42887867891.7414556784000887601949989      
   42826041126.0813634780753319484179523      
   42762754878.0118976543141249592905865      
   42697985108.1034879453590012832996027      
   42631707568.6516569682781976504293376      
   42563897796.0193154630623004082275777      
   42494531116.7952208782827213733180253      
   42423582648.9525233718438659640199120      
   42351027297.9006642470672590452537032      
   42276839759.1184890251811568794676808      
   42200994521.0763525408308817776711406      
   42123465864.6382260686055373943041010      
   42044227857.4902404647282324128507759      
   41963254366.3967867537400116351774881      
   41880519048.6468653345703733706558028      
   41795995352.5627096429982714874765343      
   41709656524.5537523614247451024406129      
   41621475603.8798466905394210207602253      
   41531425423.8040064759732304125924210      
   41439478613.9546748534468754948151334      
   41345607601.0297521174204883519876351      
   41249784603.3822042449501236350761770      
   41151981640.4194787377138025019061133      
   41052170526.7713581474502200957431900      
   40950322876.4584511545498861706655948      
   40846410097.5225522565753568663903459      
   40740403396.6902496048138365604184416      
   40632273780.6561302557497554145549237      
   40521992053.2630261421544956167731653      
   40409528817.1458989876551048078882302      
   40294854476.0734565135169356382743587      
   40177939232.2333069698595939776634840      
   40058753087.0023296444769743375956523      
   39937265843.0005390710145721180827668      
   39813447102.1177953207900565406118887      
   39687266266.1411978110759397634553428      
   39558692540.8427542400401749560291530      
   39427694929.5868151701575247760009535      
   39294242239.4832976271000321775899386      
   39158303078.6891372364446686783489520      
   39019845852.2857980341121177573644041      
   38878838775.6327283745773255591869977      
   38735249860.5722162676091593107851707      
   38589046923.1453758931888230360952896      
   38440197580.5069956679793714197553295      
   38288669253.7523752587279974032676370      
   38134429171.1114503027822831637564520      
   37977444353.6014084163625347587498543      
   37817681637.7355396932604010594662879      
   37655107652.7618026072439430426194199      
   37489688839.5334212623399702068564932      
   37321391441.5737942358880367358411684      
   37150181495.3522157537542887265963105      
   36976024855.8179730477564562389761400      
   36798887175.5825944049940303500534862      
   36618733914.3077971049035379504406434      
   36435530334.6337914541184056918123023      
   36249241504.1092188569663260502299282      
   36059832294.3615336962994622355934217      
   35867267380.2303495739924562420839962      
   35671511245.9002108845537790573673587      
   35472528178.7663119689984656733651582      
   35270282271.5511679868515795251025681      
   35064737417.6450377676436654603992272      
   34855857327.5352470231351433739334418      
   34643605508.6018538097158391606515154      
   34427945275.3542809727551838854135649      
   34208839748.3321025392960603555102739      
   33986251855.4994988298241010662966675      
   33760144340.4133450394525336143375804      
   33530479721.0996540693057235452307592      
   33297220348.4446674064421697807831478      
   33060328385.4170823767642793629632693      
   32819765793.1854722017005858219226696      
   32575494322.2913902951103094470042561      
   32327475541.5134048339338284294209335      
   32075670857.1340522076706856058178253      
   31820041429.1150363963473064708198961      
   31560548256.4953708492407611361033141      
   31297152144.9259134629079627436717599      
   31029813697.6253345469839739395590191      
   30758493329.0720737479965803699084409      
   30483151260.7045702922309687840577871      
   30203747522.0639236027289269582217618      
   29920241950.0188485650102322942002823      
   29632594188.5954605523036854209363743      
   29340763689.8000111972992820069180759      
   29044709713.3090334753767809011395593      
   28744391326.6476415983356954089408482      
   28439767405.2712848531808796688606564      
   28130796632.5609548266075243942378860      
   27817437500.0619705800638317188944379      
   27499648306.1361651601295352567984301      
   27177387156.3275083964834315845085490      
   26850611966.7631073524507960254096188      
   26519280463.6970251758193854855098664      
   26183350173.9032919428713185846603738      
   25842778455.2956880222770192223922867      
   25497522449.2471582244996124734179107      
   25147539113.5816571601935222488051249      
   24792785215.7170683816504622652314808      
   24433217331.0313873888969854400525629      
   24068791844.5391184407172479951962589      
   23699464947.6342066421380215973722972      
