   47.264968159370824        64.282521764866701     
   47.255279510488016        64.277292942677207     
   47.244643554338744        64.271514013831734     
   47.233033583962616        64.265164703710695     
   47.220427069696051        64.258227667265373     
   47.206805581592128        64.250688655025314     
   47.192154607760209        64.242536592719574     
   47.176463266875196        64.233763573414080     
   47.159723911625164        64.224364757140762     
   47.141931643075019        64.214338187125179     
   47.123083750336214        64.203684531010424     
   47.103179082739985        64.192406752612712     
   47.082217367421478        64.180509722461210     
   47.060198486058020        64.167999783534754     
   47.037121795271894        64.154884293184310     
   47.012985294155435        64.141171098796434     
   46.987784940935036        64.126868040182046     
   46.961513907835688        64.111982418761556     
   46.934161876056329        64.096520472948384     
   46.905714354101690        64.080486855909015     
   46.876152037457452        64.063884128786682     
   46.845450203408447        64.046712267089021     
   46.813578154585301        64.028968191040804     
   46.780498702340026        64.010645315567743     
   46.746167700171277        63.991733127975721     
   46.710533631742138        63.972216796777587     
   46.673537237265698        63.952076803279006     
   46.635111195871588        63.931288608289428     
   46.595179858026654        63.909822348122390     
   46.553659015151119        63.887642562571671     
   46.510455729585281        63.864707948334988     
   46.465468207986767        63.840971155710804     
   46.418585718154631        63.816378608121887     
   46.369688556797172        63.790870357831629     
   46.318648062553962        63.764379972867616     
   46.265326690987578        63.736834468114388     
   46.209578122025164        63.708154254050797     
   46.151247438718180        63.678253142777251     
   46.090171360906297        63.647038384703329     
   46.026178535792880        63.614410748633901     
   45.959089901135670        63.580264650702524     
   45.888719104467739        63.544488319541614     
   45.814873007554468        63.506964026657784     
   45.737352257964289        63.467568358936582     
   45.655951939665449        63.426172551005621     
   45.570462256726728        63.382642839851286     
   45.480669342736682        63.336840920493920     
   45.386355663391704        63.288624192838341     
   45.287302455591913        63.237847069406087     
   45.183288332690836        63.184360357729027     
   45.074091609722707        63.128012534447521     
   44.959490814833082        63.068650129132521     
   44.839265433516978        63.006118229261418     
   44.713196597700737        62.940260967620482     
   44.581067636209546        62.870921951087276     
   44.442664437537687        62.797944589290736     
   44.297776244282161        62.721172658218386     
   44.146193187993376        62.640449112199505     
   43.987709850640002        62.555618135874944     
   43.822122249243421        62.466523635980238     
   43.649227865148724        62.373009373015201     
   43.468824799618723        62.274918598238976     
   43.280710783628969        62.172093596648239     
   43.084682061967101        62.064375141585110     
   42.880533128496261        61.951602432609555     
   42.668051932549005        61.833610425505512     
   42.447023382043518        61.710231862823555     
   42.217225142735288        61.581294934323417     
   41.978427035477615        61.446622958076482     
   41.730389854290671        61.306033729831661     
   41.472864261129651        61.159338915823795     
   41.205589807372547        61.006343517982778     
   40.928294091588846        60.846845425791280     
   40.640692081993265        60.680635074672843     
   40.342485620419261        60.507495220949544     
   40.033363158086452        60.327200879959463     
   39.712999758193746        60.139519436564470     
   39.381057401701135        59.944210965810782     
   39.037185719355342        59.741028837649345     
   38.681023143838132        59.529720601555368     
   38.312198700753243        59.310029292323534     
   37.930334428974916        59.081695146634182     
   37.535048819006192        58.844457957013383     
   37.125961168709878        58.598060014283156     
   36.702697310908967        58.342249898205999     
   36.264896885206007        58.076787197558147     
   35.812222443242163        57.801448345630433     
   35.344370519014625        57.516033612647369     
   34.861085109163774        57.220375508385992     
   34.362173390260565        56.914348466816975     
   33.847523910297248        56.597879927916694     
   33.317126726450539        56.270962477334876     
   32.771094839750191        55.933666615656122     
   32.209686063930413        55.586153654071204     
   31.633323713008732        55.228687688273936     
   31.042614618626185        54.861645771054135     
   30.438362406960806        54.485525010448804     
   29.821574503912124        54.100945646369404     
   29.193461436633868        53.708649199557982     
   28.555427282828539        53.309491097841786     
   27.909051585998547        52.904427950721015     
   27.256063032719286        52.494499825084382     
   26.598306338353204        52.080808561540728     
   25.937704372792854        51.664493570176965     
   25.276217850442723        51.246706684881580     
   24.615805073726534        50.828587737196273     
   23.958383936741228        50.411242214834303     
   23.305798032759522        49.995722090595592     
   22.659788005869093        49.583010379068966     
   22.021965619016804        49.174007609641770     
   21.393810243654887        48.769532647777964     
   20.776636924564674        48.370305095706527     
   20.171604760390970        47.976953172953856     
   19.579711474926594        47.590012313533371     
   19.001795369554621        47.209927988775618     
   18.438540274737552        46.837059937235885     
   17.890482847056379        46.471687398955488     
   17.358021629937959        46.114015029129291     
   16.841427403115684        45.764179246965348     
   16.340854348648012        45.422254789666461     
   15.856351683230697        45.088261319973533     
   15.387875390530866        44.762169928232971     
   14.935299799003037        44.443909428922652     
   14.498428753507740        44.133372351326102     
   14.077006227082174        43.830420568123337     
   13.670726215776542        43.534890501168086     
   13.279241856455766        43.246597893589879     
   12.902173699173845        42.965342116964145     
   12.539117130297280        42.690910028763057     
   12.189648953010739        42.423079380366261     
   11.853333159221236        42.161621809236848     
   11.529725932485372        41.906305423753452     
   11.218379939439780        41.656897023791437     
   10.918847972737618        41.413163982216503     
   10.630686006011826        41.174875825298265     
   10.353455713388154        40.941805530693415     
   10.086726535391151        40.713730596963401     
   9.8300773268802004        40.490433890964205     
   9.5830976524259821        40.271704313249039     
   9.3453887789709515        40.057337308106895     
   9.1165631345449469        39.847134077168029     
   8.8962499647958371        39.640906529761111     
   8.6840877307979820        39.438470245688926     
   8.4797296424414448        39.239649412901130     
   8.2828423517403493        39.044275633777339     
   8.0931058330481473        38.852187835132092     
   7.9102132163805603        38.663232172272117     
   7.7338705500066993        38.477261896450635     
   7.5637965018459052        38.294137180750624     
   7.3997220220287465        38.113724942199262     
   7.2413899724789825        37.935898623074074     
   7.0885547370658264        37.760537985609304     
   6.9409818200046853        37.587528882706266     
   6.7984474090075118        37.416763020797063     
   6.6607379704638277        37.248137728225394     
   6.5276498285654316        37.081555731037625     
   6.3989887384573718        36.916924913196240     
   6.2745695031250737        36.754158110403097     
   6.1542155288867439        36.593172846705023     
   6.0377584719284982        36.433891158207459     
   5.9250378397555590        36.276239353547531     
   5.8159006459246081        36.120147860514244     
   5.7102010145568505        35.965550947587658     
   5.6077998597025625        35.812386576288020     
   5.5085645721649206        35.660596233065547     
   5.4123686819682639        35.510124722471602     
   5.3190915719009082        35.360920018824636     
   5.2286181897716668        35.212933101667325     
   5.1408387554413295        35.066117780439427     
   5.0556485339480126        34.920430582279174     
   4.9729475522844115        34.775830580522509     
   4.8926403802199037        34.632279274160709     
   4.8146359024790470        34.489740459125407     
   4.7388471008280559        34.348180096781846     
   4.6651908475878825        34.207566199227067     
   4.5935877327599375        34.067868742381201     
   4.5239618485516733        33.929059520738278     
   4.4562406417820464        33.791112078651715     
   4.3903547390976225        33.654001599230703     
   4.3262377936606606        33.517704826250601     
   4.2638263255283997        33.382199957788629     
   4.2030595925065706        33.247466582756779     
   4.1438794587315106        33.113485599420514     
   4.0862302580091958        32.980239131009604     
   4.0300586776792064        32.847710462449925     
   3.9753136525381927        32.715883983542739     
   3.9219462452922227        32.584745100062058     
   3.8699095515937425        32.454280199331237     
   3.8191586042780727        32.324476578335833     
   3.7696502758983996        32.195322394346398     
   3.7213432009224108        32.066806620062330     
   3.6741976822563802        31.938918976005173     
   3.6281756206478915        31.811649904634546     
   3.5832404401994151        31.684990504646024     
   3.5393570121583968        31.558932511015463     
   3.4964915940392127        31.433468242957211     
   3.4546117649301040        31.308590569163307     
   3.4136863667681494        31.184292874270657     
   3.3736854415359239        31.060569019620420     
   3.3345801830437871        30.937413305719925     
   3.2963428828903529        30.814820462564800     
   3.2589468825052803        30.692785603843181     
   3.2223665258389134        30.571304203662510     
   3.1865771158524727        30.450372071591904     
   3.1515548728413028        30.329985328112446     
   3.1172768909119788        30.210140359031215     
   3.0837211118622703        30.090833878922513     
   3.0508662714963148        29.972062784584530     
   3.0186918772584965        29.853824218472536     
   2.9871781728150486        29.736115533348148     
   2.9563061088960181        29.618934266791985     
   2.9260573092547522        29.502278135653864     
   2.8964140449440845        29.386145009115729     
   2.8673592079113250        29.270532902307782     
   2.8388762861187646        29.155439960206301     
   2.8109493351450396        29.040864441588720     
   2.7835629603419765        28.926804713518493     
   2.7567022913130774        28.813259234828184     
   2.7303529617073878        28.700226548085112     
   2.7045010889109315        28.587705268051185     
   2.6791332598269189        28.475694098982341     
   2.6542364924655493        28.364191721261495     
   2.6297982491478837        28.253196941947564     
   2.6058063991386495        28.142708581532876     
   2.5822492069578309        28.032725490311151     
   2.5591153182941504        27.923246545747578     
   2.5363937449210101        27.814270644729721     
   2.5140738508326521        27.705796698138286     
   2.4921453388995642        27.597823625826461     
   2.4705982380563682        27.490350351624944     
   2.4494228912042137        27.383375799160646     
   2.4286099432190338        27.276898886623499     
   2.4081503305876857        27.170918527049977     
   2.3880352697533036        27.065433620932161     
   2.3682562471927828        26.960443053463635     
   2.3488050093784865        26.855945691716276     
   2.3296735553990100        26.751940390310242     
   2.3108541244662972        26.648425974547987     
   2.2923391897110665        26.545401248817626     
   2.2741214493413402        26.442864992345648     
   2.2561938183716057        26.340815956209440     
   2.2385494214812844        26.239252863911620     
   2.2211815858442856        26.138174412562613     
   2.2040838334499409        26.037579266786686     
   2.1872498740029918        25.937466057036573     
   2.1706736006007210        25.837833388622389     
   2.1543490818642725        25.738679833387881     
   2.1382705557800383        25.640003928504051     
   2.1224324245079167        25.541804179528949     
   2.1068292489156302        25.444079059597957     
   2.0914557431157097        25.346827008517074     
   2.0763067694327364        25.250046433278932     
   2.0613773337834838        25.153735711198337     
   2.0466625812653598        25.057893189261261     
   2.0321577904942978        24.962517179648600     
   2.0178583698152646        24.867605964066033     
   2.0037598536808936        24.773157795883524     
   1.9898578979026744        24.679170896563559     
   1.9761482761126283        24.585643460151328     
   1.9626268759566876        24.492573651388913     
   1.9492896951438479        24.399959606340833     
   1.9361328388968968        24.307799436359666     
   1.9231525158932916        24.216091226058527     
   1.9103450351131330        24.124833034884464     
   1.8977068029162396        24.034022898667853     
   1.8852343198031476        23.943658828717155     
   1.8729241768026699        23.853738810219152     
   1.8607730540240544        23.764260805803580     
   1.8487777210337510        23.675222783694412     
   1.8369350259966239        23.586622659559385     
   1.8252418996622708        23.498458342704772     
   1.8136953510828759        23.410727724066479     
   1.8022924650803984        23.323428676578541     
   1.7910304014349345        23.236559062688816     
   1.7799063908900485        23.150116726210708     
   1.7689177338321718        23.064099497938660     
   1.7580617981835798        22.978505195861899     
   1.7473360174905519        22.893331626480364     
   1.7367378888284573        22.808576584937079     
   1.7262649710698950        22.724237855139702     
