   44856464667.0212589077382664287098087      
   44856457110.0181326600013210094853772      
   44856448416.2940152763087243961919953      
   44856438369.1165005056473893243428635      
   44856426715.7712306793499552981494272      
   44856413165.2320415408690504491343402      
   44856397386.4405343504683192427820252      
   44856379006.2314097892172169366083593      
   44856357607.5969440031833030039646639      
   44856332727.5837490987321539892437339      
   44856303855.2051271341477565137142111      
   44856270428.9600610709963634822172672      
   44856231834.2172969961971403233150309      
   44856187399.6401570165923370299741676      
   44856136393.8461728542689629895534839      
   44856078021.0067634436617163207514253      
   44856011415.7199956264434374304879776      
   44855935637.8362759380992710933837404      
   44855849665.7495574810994730732604916      
   44855752389.6624659684212493223850850      
   44855642603.7864340887037600589146457      
   44855518998.6067463122200993533661047      
   44855380149.6375357589408726918992602      
   44855224511.1163241330363638157864840      
   44855050404.1609369948516777982716814      
   44854856007.2789454208611582011122548      
   44854639346.2382931545503430123601979      
   44854398284.2366557972676084379053681      
   44854130512.5678565376600623194564574      
   44853833541.9498331788529814548720002      
   44853504694.4434546584583521715409652      
   44853141097.0790203438992756543219117      
   44852739676.1250330302072234746704652      
   44852297151.6087966523176475123272667      
   44851810040.5632550438923184824384178      
   44851274645.4708879905302406420757935      
   44850687060.8332910949937978443761472      
   44850043168.3723145686073690230940786      
   44849338651.8836536093837689755644142      
   44848568981.9322016897806111276529601      
   44847729428.5316228763692017573606922      
   44846815061.6158330183614110618288057      
   44845820753.7390216867896740323290064      
   44844741182.5543364952225721509356666      
   44843570832.7196171853522019297696767      
   44842303997.4524153553297208152645306      
   44840934778.9042446150944915714812315      
   44839457088.7044039878351179693999489      
   44837864646.7805247582306559957543353      
   44836150980.2096955519408698727241089      
   44834309419.7411260330014387487828743      
   44832333096.2952973332326134713298369      
   44830214930.7736948828311106057799920      
   44827947652.8379806990493463159329976      
   44825523756.8849955613994648113430176      
   44822935518.8660992862771396972346949      
   44820174980.6163766757109980450281946      
   44817233938.8339663922532177251771357      
   44814103932.1512089121693378842716678      
   44810776223.9884033885086815083214707      
   44807241781.4456801321270129675844689      
   44803491239.3448129893776532459482955      
   44799514847.4870680283920466762417885      
   44795302374.5683492273754809756143519      
   44790842948.6723935001894238617918652      
   44786124797.9211352457132092825958973      
   44781134921.9806119433580429561897235      
   44775858865.2277548965702424786524552      
   44770280895.3527353767878939809187090      
   44764384637.8869526994817123134249449      
   44758153691.8805712589909412227138441      
   44751571941.3946248047934545011381590      
   44744623792.1007228489965870513810351      
   44737294572.1592552636438553709582231      
   44729570986.1945291043995871018580655      
   44721441400.0647241207995227296793522      
   44712895850.8037207069535927265932807      
   44703925745.4144334827521904529368836      
   44694523555.5961170853541727885630621      
   44684682334.1606467980045706583879627      
   44674395358.5746265722276708138747063      
   44663655839.5585204302412287658601749      
   44652456716.2635125423267190364063011      
   44640790545.4856611926635029679025277      
   44628649352.4780486204723775302214309      
   44616024725.1094821077885764983100246      
   44602907717.6995128916449079361427713      
   44589288888.3131017625821545290610369      
   44575158318.3813109062021542544386752      
   44560505636.1871266672182548759989969      
   44545320041.2372806965612752170904250      
   44529590327.5698529899617460595538602      
   44513304905.3303432283095265092174310      
   44496451820.2946805009794149255101944      
   44479018770.9832960637625917651452449      
   44460993123.8628148119971839758021765      
   44442361926.4969980947884076115992980      
   44423111919.1787856395309087214691853      
   44403229544.8767574044487336353148413      
   44382700957.8400081312606712461368852      
   44361512031.5332841906222660690213694      
   44339648364.8835865953986082056713801      
   44317095310.2646458499368342507198856      
   44293837889.1167038571536221538830231      
   44269860932.5937046874629465644658459      
   44245148993.7548730196544948926543315      
   44219686373.1439904384951094797891503      
   44193457123.0829677610941516343764302      
   44166445045.7396727291192540979186747      
   44138633711.4021392839390250433776272      
   44110006437.3218881063116534244404210      
   44080546305.3167117506369613286028167      
   44050236159.3780710490008799708018569      
   44019058607.8072379699204287603909218      
   43986996024.3276894974320856838053813      
   43954030549.5687509780800648409515616      
   43920144092.3089605747750358256688122      
   43885318330.6951453594155460683993042      
   43849534713.4685784752584844304110734      
   43812774460.9183749898500254491403150      
   43775018566.0631627387908955480753597      
   43736247795.4395719266889484903567072      
   43696442689.9415436796225932739507330      
   43655583565.7726989042213056880533415      
   43613650516.3680453914447734618072405      
   43570623410.9207169850712405450412445      
   43526481896.7171740088792628309511346      
   43481205400.5944626723621518988303638      
   43434773128.9999156386544638814839837      
   43387164066.4280842560437246172285532      
   43338356981.4876437132636171518122237      
   43288330420.2222271841383691068768586      
   43237062715.8700891795562262193864245      
   43184531979.5116170306969353493093676      
   43130716110.4997831559640794618244064      
   43075592788.0390409259664466011375856      
   43019139480.4918372751294769413679328      
   42961333438.3301252491625063930532614      
   42902151697.3643524822683445961610294      
   42841571085.4094474029375208545301922      
   42779568210.8715348502181770371781357      
   42716119475.6098096474136599371463321      
   42651201064.8031733783065147246402681      
   42584788954.7318227985415303031656065      
   42516858913.7413960852567993540212608      
   42447386493.1156978980862433497548033      
   42376347042.4787839474846157489459107      
   42303715696.8640253161165433124817116      
   42229467383.3217421668388946965961171      
   42153576821.7422504653297580172499564      
   42076018525.7006638088392992989831741      
   41996766796.5067470080114048612673846      
   41915795734.3904222349820852353052609      
   41833079230.0152879438832461759457071      
   41748590967.6209257403438553185150981      
   41662304425.7341271231099286109798515      
   41574192879.4363946611434040584155116      
   41484229397.4005726924836416342582460      
   41392386846.8162992564286179533603868      
   41298637885.1158422590626833789523986      
   41202954968.5362686995766923891890172      
   41105310351.1641908615302206345535056      
   41005676079.5758020726123902633910253      
   40904024002.4507632738985347621902958      
   40800325763.3405782867531225908455156      
   40694552803.6886249055373793833977320      
   40586676364.4707943607215921306767939      
   40476667482.8485335816172579490309762      
   40364496995.8921836256747107844930266      
   40250135539.7623503392493052349015587      
   40133553548.0658942607846771854966366      
   40014721256.4527075718276507727047147      
   39893608697.5517093716127000346407782      
   39770185705.3813433203887162628677405      
   39644421913.9411781132746984058702052      
   39516286756.6128622233973526054802252      
   39385749469.6647339907441479584418980      
   39252779087.7468368053202323849825599      
   39117344446.8512742689564691210462518      
   38979414186.0892307106992768180014873      
   38838956743.2885972644819334638688937      
   38695940358.5855625789472647551071408      
   38550333075.3460175577181950977982009      
   38402102738.3461357570489423580441995      
   38251216994.9901961390051185158260584      
   38097643293.7342023450108830982489702      
   37941348887.1307543981431530942230551      
   37782300828.2372416628833494655274544      
   37620465973.1197997412047608233773758      
   37455810985.9606169263933511237161187      
   37288302327.0360982328268178231296536      
   37117906265.0182526626903883434374400      
   36944588871.4844971490196240396458116      
   36768316018.4816627530669584733490671      
   36589053385.8306600852495778427672758      
   36406766456.0135251678433679407801119      
   36221420510.4253970470855406827824577      
   36032980640.5426610673193886587920144      
   35841411745.9967473585031157392600456      
   35646678523.6971093724033989616155188      
   35448745483.2192493063744541700053738      
   35247576919.3098840568449771897843088      
   35043136955.3048813566610015374797958      
   34835389515.9080958594171930151981666      
   34624298311.7200682417015157320644222      
   34409826878.3467964821931473785104202      
   34191938550.6355653656491870944392620      
   33970596464.7772711128843750245033567      
   33745763572.6473980643751509815435923      
   33517402609.3156120878766996539565667      
   33285476154.4953573398358564708132954      
   33049946556.7026885859100220743413581      
   32810776001.5305970001127068972782475      
   32567926449.8634191565292363950342373      
   32321359687.6757114564901486662123044      
   32071037312.1218832200782071290205444      
   31816920698.3587995770127831936701949      
   31558971055.3206605633649163906772943      
   31297149399.1276732050507443883413665      
   31031416543.8220487317274656292944581      
   30761733091.2036589967916034585281208      
   30488059507.7359473515373837675137666      
   30210355998.3138798151839817829162951      
   29928582615.2410932695140602911211076      
   29642699208.3545150388628730659408643      
   29352665436.0360288700736849449042456      
   29058440763.4001635781590622316787737      
   28759984463.1201398919899006774814942      
   28457255615.3574285213356668954064106      
   28150213108.0304570804218141551336135      
   27838815636.9361802507428199252237227      
   27523021705.3710421881231312499006841      
   27202789624.9009866000309582181739909      
   26878077512.9929249262985445602378577      
   26548843294.3770145950409093743235363      
   26215044709.1041163901409053514954677      
   25876639303.3278236524382007022910083      
   25533584424.5408961184069568533554879      
   25185837227.5499153376393059371484639      
   24833354699.2543449288209206620314199      
   24476093609.7900700844250749513599506      
   24114010545.4556936679397040804824580      
   23747061901.2364955177414463597975063      
   23375203880.8839523121366348077209161      
   22998392495.8638199741767651070450937      
   22616583565.1352913236286710751419196      
   22229732716.7050219237374690701914663      
   21837795394.5355054383593079249995417      
   21440726848.4993686498529617381389492      
   21038482135.5495819725865808519733414      
   20631016124.0005695918640127174313104      
   20218283489.4074182658133354016752092      
   19800238714.2269062494813258750916453      
   19376836096.0999420352756785305475242      
   18948029735.0404887161262102384252336      
   18513773548.9166403012981361738195469      
   18074021258.9784403631234619952698582      
   17628726395.6939275604078836909926500      
   17177842309.4877068525975411907253497      
   16721322149.5439590940861643471643926      
   16259118877.1555054305915818717326952      
   15791185259.2463547066942831756036147      
   15317473886.0713773411104982647794019      
   14837937144.9944192879587195862960513      
   14352527237.8975155860680832148465845      
   13861196173.9537064299218791316019266      
   13363895777.3978483960828228451583800      
   12860577680.7036038471414061607807543      
   12351193326.3629188248354307051166784      
   11835693965.5384607473582763449048844      
   11314030659.2609924443233213397197462      
   10786154283.1434404514522156494967665      
   10252015518.9828717072544111145822828      
   9711564856.86723215107758508754740404      
   9164752604.96952016438453272377587343      
   8611528876.82479498148714693407717944      
   8051843595.19054688332836530790610968      
   7485646498.77693879384277796438083399      
   6912887131.35542695194305668232863872      
   6333514852.56426087109864271278807081      
