1.662377918918409666437618206993345e7
7.189389460453599899707712062727744e6
3.491521203655113850539161187194555e6
1.879147543697777244754787784858747e6
1.1097488029022740799684387460948392e6
713032.497309291097914422926476164
491538.5762356621627227977474520198
351227.363704696588198469263656223
242239.4492998713734326112905173835
154409.2709784513947670600155836331
172393.6285404918272985277400263706
557210.3955390373359582524678046341
1.583890654442587071101287875760425e6
2.773552788051584544645655006901868e6
2.422697239657191627385182724918382e6
-452751.14019894666429801401523049
-3.77249339320861059075769433834302e6
-4.65198521215288203445105411998443e6
-3.02604692120918295511692075433658e6
-842015.437902455594844954344624205
557548.811918908229125188303126636
1.046644554032382649712001150879082e6
1.009916210159581448269140406624055e6
789556.791429888890732012752631113
559821.413047977750044412958889576
378488.609269248742031145292651064
250739.9361522717621636358579402606
165395.1383007285009959932292452543
109703.5321856995557974245253469391
73603.9106059298840703544697552121
50131.5605013257874624584330849723
34728.44652697912084817361510659794
24492.34659609611204151635217406587
17588.46429089546826397991889859133
12858.39001142404908627635101725857
9564.788184517351417659197028353796
7234.23035314978849861248759965936
5558.693832810109257832106150180741
4335.525428956611260802020747465063
3429.17772551236328026309915603097
2748.00717770267934605072730763802
2229.126129906808065711483690442518
1828.687999338705200166970636437212
1515.8868159032768298946938781968514
1268.5474533860070168503920337935921
1070.8026057652753775568464996264253
910.9779566767601308959350867604641
780.3835499835691850216873771226776
672.5681696620326833599223768595444
583.0022788428530549851525703308567
507.4733188792987504511016079726276
443.4577228157777192357258895176455
388.5124379407588627992296184115087
341.3976342403898060568691316034681
300.6230120987318521543683241194413
265.27941407599241291821194883704
234.719912104212416259129682245102
208.03903317443394741872714177261
184.944706154057516906838275658781
165.157638039527708929740685115394
148.155990682077256514448754691908
133.722324230312089561337725554155
121.490997853917931184881321582022
111.336675019741104177990236748681
102.877231255611688576126484669113
95.746286321996393180543811295386
89.8027685648968815377311632796051
84.710038129977675168028106606664
80.224248505747570163697070261525
76.100264498680627197714301085386
72.1771297611696493500546987811664
68.3616806978475954103388781609209
64.4861017125135631445192065422732
60.5396474742597818577108856949465
56.5134291450945732999826748669889
52.4128726668517991576605697912104
48.2609930754701909959498131743054
44.1313012248201967775467289485882
40.0599878706668927255967743730921
36.0954621901003447392026477846825
32.2963177014848439528077860384604
28.6989640988900575129043516107105
25.3308514948352305709025074472598
22.21793592070090266616970804528845
19.36739182830962274353210313015851
16.78156306637944213279520957477518
14.47157188413522898215370049141546
12.41115228741196470536320050280061
10.59331939874912421658603029145532
8.99976254088005543155237460425959
7.61636444374967763502144455116632
6.42122159843297191429059425120856
5.3945845249718639757609646678174
4.517625935973431268381045248346361
3.773227607936149508217445282217721
3.142587214393336743236879031663553
2.61145222665900634463586651355986
2.16545117974035326836725779860498
1.79219922855799576690061254499757
1.48027873085485289712903574352357
1.22046581217442803146903315092009
1.004003825805077867249878941292845
0.823510617265628455779284903652864
0.673192696963849359165203952035423
0.548126290947154789717881080016663
0.4441113708796553192653798471425
0.357988186176631925857636970372243
0.28698816055115384136181885173452
0.229214446971708160666890312501692
0.182689171606968487538045132189475
0.1457217622454313762131006784455554
0.1167067282696833048291035705933893
0.0940882553439222657554574096771459
0.0764704248522948252518619209003826
0.0626343628424758807342645799946165
0.0516064093899637463489926103594258
0.0426488742377638652887489320003059
0.03523900549685045654882631034554702
0.0290350066861005889845961983745014
0.02381562347786101311435005335368172
0.01942871522425729253964499543417314
0.01576416611260296370262345485123089
0.01272768725404533117432719964780098
0.010235934949060680496806515043275457
0.008207725828637113477699259896010776
0.006569453951572281796313536687337336
0.00525427183112831824198772790269911
0.00420309751677914674745629657377779
0.003365324259677742156593780704109006
0.0026986807523429253028280110331001001
0.0021688524992211477081960565243193883
0.0017472977609550354456338289517949303
0.0014115847770282621491889247156099056
0.0011438924216681023924797680861920252
0.0009297822009309408053019776688793956
0.0007584273092642083273605892687249363
0.0006206056084694123620214700941840224
0.000509634953394841941834147136982424
0.000419994425990929129628127219992757
0.0003475520689378766791644225234007745
0.000288929299744816537176075048138068
0.0002413773074219242697826500347100214
0.0002027377364106421071886090983898045
0.0001714164723297081666238812927388885
0.0001459646614199888060033952096533344
0.0001253735443996430531576683078728963
0.0001086053964432123324477855415683232
0.00009499975962781549761666630069758641
0.00008394368822800274879286298581439631
0.00007498770558711754678933496837900989
0.0000677121762183691464758478749936334
0.00006174078120588420130405076133810652
0.00005690191677611415440860356497852289
0.00005291438321924147353569866910655369
0.00004957654671503493513858387952335637
0.00004675188953065025234659968338263516
0.00004428555703869073620363187248326268
0.00004207900305753813572011235862354517
0.0000399735413939337462455911952895238
0.00003791382303123256440239666637117012
0.00003586073790734146823206788707191653
0.0000337140944550871252546641814536432
0.00003147687067562960056254409428076331
0.00002915518598205909989669263358128457
0.00002676212792578701815243209288260574
0.00002430972651428028182499043772062832
0.00002189006617124353472047882980256825
0.00001950815782512798759950857468663312
0.00001728994711839993283658416326669672
0.0000151997934200281918378074186482229
0.00001328634521248409248399608868922615
0.00001156375298883120994777849418152096
0.00001008895199574440500687039769155992
8.81657383017235206501692555126782e-6
7.79039620236709157177008407922001e-6
6.9804257045125375066952019670035e-6
6.32285959956930515176901770031774e-6
5.81413152208646236514676232249258e-6
5.4604336131612145092073699599512e-6
5.17561551481812792914090142660515e-6
4.97100096594682909477678206841132e-6
4.82548799636812772524131099846254e-6
4.72864864601860843296212521381389e-6
4.665285130678886802462444804934788e-6
4.598607497677053201160653018680545e-6
4.573417882848143311429557426251375e-6
4.557164419669824295836780358524842e-6
4.529210969072568907011759783405215e-6
4.515949896687324388474725539547593e-6
4.514901825138331634919245301183476e-6
4.491975954090102489777501049777165e-6
4.466446739820796880741155087761534e-6
4.45674185599008988384020445842073e-6
4.418549790900978029981479910907275e-6
4.374454563809310505146030804882871e-6
4.328450358084133927493135562610826e-6
4.278344278138392228552331044973074e-6
4.224760845901915150509589880563383e-6
4.158116677893264210930223594633261e-6
4.103441968373114597304369841831652e-6
4.038893257684020872578841434188147e-6
3.98076585885883809299208204660979e-6
3.925226948719658792220899244243103e-6
3.863547115260092365098370432814524e-6
3.808032558288178212561882939868799e-6
3.746026778917527095211436311764283e-6
3.678063394751145332592390364165388e-6
3.614322262618478022328374492042705e-6
3.551862755369557931291279868154092e-6
3.489004050649338547610113339178302e-6
3.426726516633786643571296513841468e-6
3.368146843579205520642460191348591e-6
3.305321410103121270223386568261489e-6
3.244141033034685322487436979032793e-6
3.186358064071695523955187204956878e-6
3.130158533709982676030339745808917e-6
3.073435915085657787638225109089144e-6
3.018374145229747214074034177469191e-6
2.962541863567978006378556590925351e-6
2.908521454404786772331168388274583e-6
2.854632448639840017585115733611508e-6
2.805181505334141460989090612872854e-6
2.753064172419901325002472215804617e-6
2.703609656964932280925847046040936e-6
2.657318423233794997636446705133347e-6
2.610722978366413192406534676216716e-6
2.56344853173245439915817260238483e-6
2.520025692021265677535262717320608e-6
2.476919681212993542554812883434186e-6
2.433514800594536960419210002285933e-6
2.388839478737930942833269311644754e-6
2.35064646886529285052718692147679e-6
2.311169370990432724292466996138392e-6
2.271993238657757070903429128097435e-6
2.235989828150181918729857406907626e-6
2.197898712832258646151308414666151e-6
2.162043125343544743031407994840408e-6
2.124974826913182549624336495149916e-6
2.093013428358664801797435083299717e-6
2.05913100608963072720545115889961e-6
2.026080968637071886404204276472598e-6
1.994606364800875172534395779343808e-6
1.962764278966880841007507663621846e-6
1.932066446749696215200557045237244e-6
1.903502921536547440311100478348778e-6
1.872836124070065642665732415422933e-6
1.845091788379799900139473474903337e-6
1.817332759118484446881917611101264e-6
1.791533043232893654105133009756066e-6
1.764820089852445501493574497600066e-6
1.741361773214104103603935325558516e-6
1.716613043973735271891980480588905e-6
1.695073218385339745909755914156833e-6
1.671176163516427695488918344779834e-6
1.646352809374239102951292276295465e-6
1.61941573922644676948387600582327e-6
1.59657177295059837287617866013479e-6
1.574327814327607638133412964601045e-6
1.557639819174424842808575289589266e-6
1.533632675635561541205597984176317e-6
1.514044807900186194221503829802037e-6
1.4934365558899284990721147140355627e-6
1.4805478511603518287093561437926935e-6
1.4609431240006064107203218050840074e-6
1.4431894730536181865713342853424747e-6
1.4225377799854262524598254676395752e-6
1.4032795278601089940770901664888047e-6
1.3850668746559046723660561895195388e-6
1.366620688898762362617367196745175e-6
1.3492882101552668730529254318770514e-6
1.3375225137601139202342264516315749e-6
1.3210622565453602781414008827823515e-6
1.3077848512984120247472685629964028e-6
1.2961811120714931703637027259979523e-6
1.2814530518865162516829657103301365e-6
1.2652922100051658891804803420600289e-6
1.2444288795269771726720719324010909e-6
1.2275429799627479050106028639438021e-6
1.2118420572735515836513371660513323e-6
1.2022950737497583819427486438614919e-6