   330.65475343961572        568.34937922974018     
   330.61600266087589        568.34768069840209     
   330.57194464355683        568.34545009934391     
   330.52226967572676        568.34258106406719     
   330.46669041761641        568.33896231455617     
   330.40494505176457        568.33448074144064     
   330.33680017183036        568.32902469562089     
   330.26205316450438        568.32248732601749     
   330.18053404192614        568.31476980936009     
   330.09210664969197        568.30578431853542     
   329.99666923504896        568.29545663848739     
   329.89415431154384        568.28372833451363     
   329.78452794908929        568.27055843936796     
   329.66778845087026        568.25592463120768     
   329.54396448989377        568.23982389840523     
   329.41311287188978        568.22227272732391     
   329.27531589435245        568.20330684071462     
   329.13067840367410        568.18298052648845     
   328.97932475982844        568.16136565894510     
   328.82139551880607        568.13855035273332     
   328.65704422209586        568.11463746687923     
   328.48643413574530        568.08974288905540     
   328.30973500910017        568.06399370517795     
   328.12711999957554        568.03752629125495     
   327.93876271466667        568.01048437409088     
   327.74483437796431        567.98301708115321     
   327.54550125782492        567.95527704515678     
   327.34092220059478        567.92741854279177     
   327.13124640745173        567.89959572430200     
   326.91661140042294        567.87196093269893     
   326.69714117370307        567.84466312698385     
   326.47294453916982        567.81784641654281     
   326.24411364383286        567.79164871255512     
   326.01072264742788        567.76620049325425     
   325.77282656116370        567.74162368715804     
   325.53046021264811        567.71803067491271     
   325.28363731517544        567.69552337737332     
   325.03234972148186        567.67419248408169     
   324.77656662173462        567.65411673005497     
   324.51623397235574        567.63536231143269     
   324.25127388217601        567.61798233392267     
   323.98158404149444        567.60201640914920     
   323.70703728335207        567.58749020115579     
   323.42748098535168        567.57441512920752     
   323.14273664256382        567.56278807585613     
   322.85259930152392        567.55259113968725     
   322.55683631686549        567.54379144436120     
   322.25518938070957        567.53634089805803     
   321.94737019129616        567.53017610884024     
   321.63306200094382        567.52521815830846     
   321.31191831492742        567.52137241296452     
   320.98356203825830        567.51852845720396     
   320.64758437866124        567.51655984918784     
   320.30354382715711        567.51532396177890     
   319.95096481321173        567.51466169394894     
   319.58933646194907        567.51439731350126     
   319.21811094931195        567.51433810212768     
   318.83670193782854        567.51427407854669     
   318.44448264322881        567.51397753985611     
   318.04078394184779        567.51320273976444     
   317.62489212532535        567.51168526597326     
   317.19604675831965        567.50914167368830     
   316.75343802623632        567.50526869501505     
   316.29620438540644        567.49974270375947     
   315.82342982538177        567.49221895416667     
   315.33414113058791        567.48233076930694     
   314.82730538649338        567.46968881973385     
   314.30182716871764        567.45388014426703     
   313.75654647813263        567.43446749037321     
   313.19023639849701        567.41098828916017     
   312.60160182639368        567.38295406234556     
   311.98927854625515        567.34984968911192     
   311.35183339641173        567.31113293993042     
   310.68776550088523        567.26623421360409     
   309.99550930945736        567.21455666308339     
   309.27343919577265        567.15547666802559     
   308.51987635358449        567.08834489119977     
   307.73309827174677        567.01248792755700     
   306.91135062546482        566.92721068995979     
   306.05286218301848        566.83179959200936     
   305.15586237293820        566.72552663529621     
   304.21860129794027        566.60765420757980     
   303.23937130641326        566.47744083519228     
   302.21653001266338        566.33414731010805     
   301.14852247131950        566.17704337155897     
   300.03390208356774        566.00541431215595     
   298.87134796437726        565.81856726992464     
   297.65967792383520        565.61583674189967     
   296.39785552142405        565.39658897293896     
   295.08499048424829        565.16022483750294     
   293.72033250015375        564.90618120512283     
   292.30325859199218        564.63393050483251     
   290.83325532008996        564.34297878303596     
   289.30989709416406        564.03286241692012     
   287.73282227472276        563.70314384160088     
   286.10170870653047        563.35340667210392     
   284.41625030004610        562.98325058730541     
   282.67614417814838        562.59228839991590     
   280.88103978854866        562.18013368420020     
   279.03056953326472        561.74640766558628     
   277.12430864817617        561.29072911053288     
   275.16177367441986        560.81271335391773     
   273.14241724587805        560.31197052405105     
   271.06562579082987        559.78810450835158     
   268.93071956091194        559.24071263339135     
   266.73695456224630        558.66938600368997     
   264.48352646432164        558.07371045795719     
   262.16957575038225        557.45326812093492     
   259.79419435330760        556.80763949279935     
   257.35643360776737        556.13640610974915     
   254.85531330315655        555.43915374256812     
   252.28983215263546        554.71547614770566     
   249.65897975922022        553.96497940697270     
   246.96175055725899        553.18728731088208     
   244.19715674163058        552.38204510661831     
   241.36424895671149        551.54892826659227     
   238.46213326430345        550.68764757302517     
   235.48999367210686        549.79795691136894     
   232.44711650821253        548.87966116286304     
   229.33291765755877        547.93262459944503     
   226.14697277599086        546.95677962421860     
   222.88905056130341        545.95213569823068     
   219.55914870557785        544.91878811742970     
   216.15753273350563        543.85692650634587     
   212.68477720890590        542.76684261929734     
   209.14180847408065        541.64893694055593     
   205.52994869804485        540.50372380833664     
   201.85095959013600        539.33183447116028     
   198.10708536022400        538.13401776038529     
   194.30109279933552        536.91113786184383     
   190.43630753717790        535.66416907109078     
   186.51664465141002        534.39418736068365     
   182.54663210031902        533.10235879388711     
   178.53140115071767        531.78991836451928     
   174.47678660422181        530.45818103645308     
   170.38917273139180        529.10848159208388     
   166.27556892944440        527.74218373496944     
   162.14354853576833        526.36065402082716     
   158.00119539854745        524.96524380030314     
   153.85703428950873        523.55727253843872     
   149.71994440152440        522.13801344120361     
   145.59905706616041        520.70868130652775     
   141.50363927560386        519.27042295125761     
   137.44296611963000        517.82431008908588     
   133.42618575394721        516.37133435109399     
   129.46218214315019        514.91240441159982     
   125.55944053100224        513.44834464560540     
   121.72592159639845        511.97989521308506     
   117.96894931626734        510.50771330976897     
   114.29511708601291        509.03237533636826     
   110.71021543286533        507.55437991462452     
   107.21918325787365        506.07415162050904     
   103.82608306357730        504.59204530879020     
   100.53409934701024        503.10835097970795     
   97.345558015649956        501.62329905143537     
   94.261964115722478        500.13706602820679     
   91.284054090925309        498.64978021875640     
   88.411859153989610        497.16152768313333     
   85.644775942227184        495.67235795365360     
   82.981641426798248        494.18228975934511     
   80.420808354909596        492.69131603561021     
   77.960220784982738        491.19940999349120     
   75.597483939296211        489.70652822008498     
   73.329931720875990        488.21261579542949     
   71.154687573485575        486.71760978422896     
   69.068719449034205        485.22144241155991     
   67.068888436039231        483.72404388605133     
   65.151991248072321        482.22534474408621     
   63.314796679206822        480.72527782600537     
   61.554076490098986        479.22377992440647     
   59.866618711292823        477.72078410532225     
   58.249299552376655        476.21625722788423     
   56.699021689047115        474.71014485799896     
   55.212781461814494        473.20240973829794     
   53.787665363404010        471.69302271905337     
   52.420857248704934        470.18196283029539     
   51.109643514997828        468.66921745661131     
   49.851416190427884        467.15478221487842     
   48.643674743266239        465.63866109002208     
   47.484026249372803        464.12086616356800     
   46.370184650051620        462.60141743420962     
   45.299969046110007        461.08034248916925     
   44.271301683927526        459.55767649766437     
   43.282204950764310        458.03346171366240     
   42.330798342748324        456.50774725587462     
   41.415294898881207        454.98058872580214     
   40.533997618606961        453.45204785050254     
   39.685295789233088        451.92219226813324     
   38.867661231970978        450.39109516722203     
   38.079644505680143        448.85883498206704     
   37.319871143952568        447.32549502785747     
   36.587037993718212        445.79116320007637     
   35.879909657910581        444.25593166568399     
   35.197315017271791        442.71989659907126     
   34.538143862989244        441.18315783198568     
   33.901343693013011        439.64581862515024     
   33.285916619741968        438.10798535621734     
   32.690916393150253        436.56976724129260     
   32.115445634297998        435.03127613410555     
   31.558653122362671        433.49262621248681     
   31.019731249370857        431.95393376387591     
   30.497913636018684        430.41531697975620     
   29.992472822584404        428.87689568286169     
   29.502718103246476        427.33879110967979     
   29.027993477626801        425.80112569761019     
   28.567675767102063        424.26402294951231     
   28.121172755717474        422.72760714872993     
   27.687921483105391        421.19200325005261     
   27.267386563721558        419.65733634232123     
   26.859058900327263        418.12373269743756     
   26.462453882719871        416.59131777754192     
   26.077110312402990        415.06021737432087     
   25.702588990317572        413.53055696201409     
   25.338471579731806        412.00246172260961     
   24.984359463074977        410.47605634711073     
   24.639872670004198        408.95146489131292     
   24.304648871021740        407.42881062548895     
   23.978342451448817        405.90821598078486     
   23.660623608499641        404.38980236092078     
   23.351177506413904        402.87369000526945     
   23.049703517721920        401.35999800337049     
   22.755914519933992        399.84884447441971     
   22.469535955604954        398.34034496214821     
   22.190305544194885        396.83461460672794     
   21.917972408376890        395.33176663953134     
   21.652296563295423        393.83191256115981     
   21.393048356027329        392.33516212496363     
   21.140007933085982        390.84162320474502     
   20.892964767474581        389.35140180521807     
   20.651717210635780        387.86460206122894     
   20.416071987914407        386.38132595514139     
   20.185843874835868        384.90167350235043     
   19.960855225034308        383.42574248053302     
   19.740935658586299        381.95362860181825     
   19.525921686612921        380.48542534080144     
   19.315656386459118        379.02122392980488     
   19.109989081888436        377.56111327498121     
   18.908775084523825        376.10518011417145     
   18.711875363247515        374.65350873725890     
   18.519156310592649        373.20618112193745     
   18.330489486612954        371.76327688913113     
   18.145751381065924        370.32487327800146     
   17.964823197780706        368.89104517959669     
   17.787590607754499        367.46186496456340     
   17.613943597890007        366.03740273007020     
   17.443776253526778        364.61772617269963     
   17.276986555384148        363.20290044994584     
   17.113476254928521        361.79298848250517     
   16.953150675478820        360.38805075327105     
   16.795918567439937        358.98814537679863     
   16.641691958415976        357.59332805205935     
   16.490386020894778        356.20365222436624     
   16.341918926924116        354.81916893872506     
   16.196211729798474        353.43992696023480     
   16.053188224061490        352.06597262345679     
   15.912774893088015        350.69735035661483     
   15.774900709181452        349.33410201412528     
   15.639497089622369        347.97626733904212     
   15.506497783464935        346.62388390402845     
   15.375838774563908        345.27698711449352     
   15.247458194861657        343.93561026838830     
   15.121296236765668        342.59978455286347     
   14.997295053550511        341.26953893858990     
   14.875398751036125        339.94490086476821     
   14.755553214247671        338.62589533684843     
   14.637706098525568        337.31254555443593     
   14.521806729004405        336.00487265363188     
   14.407806104918677        334.70289631334248     
   14.295656712032898        333.40663378917594     
   14.185312595475175        332.11610098187617     
   14.076729229453136        330.83131191915282     
   13.969863481704008        329.55227894200692     
   13.864673551324348        328.27901264622659     
   13.761118925857158        327.01152198104398     
   13.659160348185519        325.74981440700526     
   13.558759752491296        324.49389578172679     
   13.459880224534734        323.24377043309386     
   13.362485964842179        321.99944124948547     
   13.266542246350571        320.76090969349980     
   13.172015387678563        319.52817595105182     
