  -9.82036740944454406878212527195793722      
   430.803895595596755624118360626689664      
   1023.65152040980054142946451927110027      
   1796.81020455025506980230975630886913      
   2777.31304983305018632485558560418886      
   3990.07246473183105871354253263519392      
   5456.89704073728852522702843753966105      
   7195.76389678546421132777258450261969      
   9220.58940563545190302509905025254429      
   11541.5213876564280645826587151940442      
   14165.8019064028323998102407129932190      
   17099.0539537507633269273178336696759      
   20347.0940277698929696880795301984050      
   23918.2592901532293116400648704451355      
   27825.6566103872408759505912236010582      
   32089.9147626517076221670593085963090      
   36741.6964247011422252073684120042501      
   41824.2227851890670410296064509731077      
   47395.3565924401391246710170085990884      
   53529.8359317753424519339812016238196      
   60320.8476655879307768624456286142690      
   67881.4347435820082446343947591237163      
   76345.5388494636569188146559450289756      
   85869.0111118679446714432772817305125      
   96630.0311618479224641068351786950256      
   108829.670079562648129776540909821177      
   122692.058491201837729030956044867090      
   138464.720514305603109943028714096194      
   156418.534546161987865342219881350911      
   176847.959532225270858488278008253011      
   200071.164314708596299682235304423033      
   226430.222815592117509029392821670783      
   256291.354469273534435815981046742433      
   290045.456562363395913477989493370143      
   328108.519706100956258229680628785421      
   370922.436213159713828483655060445152      
   418955.860491827980835528697249153159      
   472705.335122357789780966004553763774      
   532696.579179726872364246253646205998      
   599485.985389568579028383057981692624      
   673662.849804355636733036732118259787      
   755850.493429214446341360621926792930      
   846709.564253867020273532424842484385      
   946940.078754185417629407348476049412      
   1057284.99064670952629233166609662342      
   1178532.51746578882663961688101339399      
   1311520.67761863993903631528104080613      
   1457140.78544802883929184552737942745      
   1616341.44043870431085296290025130837      
   1790134.17364994766965807928757960276      
   1979598.23223734977132950951659237943      
   2185885.41559664677536327782875935140      
   2410227.43722899188095600384564196748      
   2653941.53078573042108040940303931305      
   2918438.41917781241088019315574437616      
   3205228.03327505812234210314626182857      
   3515931.39120157385523394923078494775      
   3852285.01288797657782069289244436652      
   4216151.75536362368190989547995472922      
   4609534.32001456922821766082261757445      
   5034580.21656713671778045234866394130      
   5493595.79178288156167300302112097251      
   5989060.46327258305094315596684814833      
   6523635.24820614356307180364031350809      
   7100178.44827464329027305170566594315      
   7721761.23236421706338149713995432102      
   8391678.29141328469452054523368514058      
   9113468.21423288398945136998683080752      
   9890926.04092308878416489350310744847      
   10728124.7345507421597154437376121792      
   11629428.3876872943332590877097102783      
   12599514.7224855298399694902515313905      
   13643395.0181025060445049166912962712      
   14766435.9979222003170390974282458179      
   15974389.5741418592596994127475466449      
   17273405.9955568205665210349826561754      
   18669982.4320844480657976396134062883      
   20170877.6820242371498245863490421991      
   21783175.7806469581309868837825851796      
   23514611.4654212555621737623729464513      
   25373740.8016193926703698061089878964      
   27369869.6035537890902121145838059704      
   29512885.3699441286885263734299143799      
   31813149.1454071872538340492039184873      
   34281385.8174828094236699430080027365      
   36928568.2862229765562668408526539215      
   39765867.6007296201790521035502847873      
   42804591.2992062867137213401196273223      
   46056269.5919391814718144940735652215      
   49533105.1878766160146572791821465895      
   53248480.1995306524141203469454012182      
   57217357.8829937899531604495378180151      
   61456864.8794302255862224073259021713      
   65986935.7754329767313990840042867856      
   70830201.3554593113541587998545483714      
   76011650.1723520855760807841402275307      
   81558732.0535409069061483169060510779      
   87500558.5764960099028693735559400299      
   93866521.4410073258050860644630394758      
   100685857.738866003779465560089885814      
   107986735.444759137969967157349522236      
   115794979.817572517909160621519823348      
   124133545.254983985360435180843267597      
   133022346.525585923708488862391368786      
   142477941.890179562716796334217089263      
   152513691.455296858624212694098903318      
   163140447.342643814542758235174868294      
   174367234.716157169545132707413378804      
   186202047.665249883951758537421543691      
   198652800.530533325414405957168527394      
   211728104.277701735468489751659097995      
   225437715.117624256185844845689716919      
   239792807.369422421571742883226212776      
   254805924.335208544846175591257268711      
   270490735.414738484477714401720703427      
   286861921.613407587111950539815818884      
   303935130.838442492961668651521587388      
   321726657.980324424125692825670854016      
   340253142.722819067148174190710580106      
   359531438.773095555126239193790801764      
   379578705.795780912800503023927232621      
   400412523.015546009834122452536115635      
   422050921.456835162261656569571077130      
   444512378.371400886540121585098911027      
   467815764.659065469217350751767722039      
   491980307.315662473765394166079319504      
   517025569.597531219011567550507419510      
   542971421.873484291426564517734357240      
   569838021.549587075167697542992615120      
   597645816.507115066437436080674435534      
   626415522.568181644495005116297101863      
   656168122.481470855458039934628862026      
   686924854.264406683518157695881697057      
   718707213.992375225476483896299160047      
   751536940.361139318270586314525058448      
   785436015.550910529122883504359460929      
   820426659.473937367733675047692046797      
   856531328.606344899171576860037380602      
   893772703.151277093007602494788337981      
   932173696.963539954110837042145527445      
   971757443.746490609573200316166297086      
   1012547305.55157770112698151570805938      
   1054566856.32416541853247824192257823      
   1097839892.40422829954294865107633669      
   1142390424.98055802064895182895116206      
   1188242671.26416369460098610501149872      
   1235421067.85445352936729831776782109      
   1283950261.65060410125804983146699485      
   1333855098.78180721012811409816566115      
   1385160641.55334383374410644115547332      
   1437892152.24303143449251517473065386      
   1492075104.52460041081415090897267228      
   1547735169.11717710734297175416001126      
   1604898208.83906720855740468705812399      
   1663590321.29357926162150700736812009      
   1723837771.26750639812836285096131142      
   1785667019.97531209678507282000216065      
   1849104769.18453970466950483528929602      
   1914177875.94642711447225382897066600      
   1980913398.21051025514133815328194326      
   2049338620.22912814505374313428415464      
   2119480993.13185637211975402466349914      
   2191368166.93229034182171179047917006      
   2265027997.06494556959808057929726102      
   2340488527.68095091242968360234429532      
   2417777987.35317872136162163163950881      
   2496924810.00221129427922300142469840      
   2577957619.13202948888838130013389926      
   2660905222.62865756715414049102532586      
   2745796628.50818062221582806100160525      
   2832661033.23591293724222491487509740      
   2921527821.80815722357230500801000645      
   3012426575.31548847809809031622737165      
   3105387058.90828694305232479300561380      
   3200439232.20121052302403416689665833      
   3297613239.15690941394367184912237467      
   3396939416.38456699421194531108803235      
   3498448291.50730414253978967920485061      
   3602170578.74015643703859300960624149      
   3708137182.32456762619038403836971872      
   3816379192.71450061181520511314514547      
   3926927891.60681852961302708825499238      
   4039814747.83640946969689048813730346      
   4155071418.57111625832019843319651503      
   4272729748.28815837125548194410260318      
   4392821769.77915481661190516872260035      
   4515379704.95970352142951057944816465      
   4640435960.84766582684248400972102637      
   4768023133.53059977149337713299016409      
   4898174007.65625459837927679027697904      
   5030921552.47086353896087608225830222      
   5166298927.33875307914454163253037981      
   5304339478.10023330010962291261659125      
   5445076737.69134657128299076165015044      
   5588544426.78463620860405832782760319      
   5734776452.98493799590039702192004968      
   5883806911.91091637509795515635295351      
   6035670086.37862070106195271591120946      
   6190400444.82124282066744378739186968      
   6348032645.31021577449687365581219284      
   6508601531.15202469181694348928858990      
   6672142134.15119806240580121155404201      
   6838689671.85378337638766125807724049      
   7008279550.82500948029134901341395702      
   7180947365.09049925467551848093619964      
   7356728891.51194038277730142799923805      
   7535660101.14463531798000467814449117      
   7717777146.86658752510093597794947098      
   7903116372.23114783697494791391428464      
   8091714306.74911954712816998440612555      
   8283607662.70915425766935322790741683      
   8478833351.80575166769439306176757916      
   8677428462.42946362946232474510833520      
   8879430270.28071962249872725704804390      
   9084876245.73870779064174875824995952      
   9293804044.33083093997385930674667509      
   9506251502.47895903835710528738889204      
   9722256654.96844546217066316186684248      
   9941857716.81748114009229048432831399      
   10165093089.4196347694811397375403401      
   10392001369.4621104357386685284284567      
   10622621334.4286353798114801679333458      
   10856991952.5819626217774148113057159      
   11095152378.7656770695219951035200058      
   11337141957.3308777235732224820891480      
   11583000217.5124954055554575441126832      
   11832766877.6999038834544930601859793      
   12086481846.7766972851834629490085651      
   12344185217.2366256043885147540724640      
   12605917271.5680536751639908640887685      
   12871718481.2285102165532491541610569      
   13141629503.8357252184636944260610409      
   13415691185.5660514594201175609328455      
   13693944561.4320563419934043918224932      
   13976430855.9613322489216137387221659      
   14263191476.0181602640755091563557711      
   14554268022.8064266999248838771138195      
   14849702285.7113325356790000906215642      
   15149536234.0390664594250476269988991      
   15453812036.5521874476092180974227737      
   15762572044.1709623544990893171259386      
   16075858792.8817737010157021223197142      
   16393715014.1915704934203657275515146      
   16716183622.3612580877497712145083923      
   17043307721.9936860741956717273253888      
   17375130606.1949416202339172504972852      
   17711695755.3993763832370690589848464      
   18053046839.8343249830846764891159670      
   18399227717.0652998233118699866554957      
   18750282433.5518741720496935005108454      
   19106255224.1322848092292351500492879      
   19467190509.6948194782374752931720890      
   19833132906.2675641498107078616425058      
   20204127208.8564555191620073923139480      
   20580218405.8485948797630863120260414      
   20961451676.1973346406766824792749793      
   21347872382.8305640850482576620751775      
   21739526078.8865250552075848959482294      
   22136458506.9717111235323326938953293      
   22538715596.0695997189771105612420416      
   22946343463.4588819430968921583202044      
   23359388414.5273166434963028916691476      
   23777896947.9676001949174222912118297      
   24201915744.1631095249775589197963077      
   24631491673.3412168757350285670114252      
   25066671800.3823555441668997258587357      
   25507503370.3213011968266932476476019      
   25954033819.1528032319110294288702586      
   26406310775.3506940255295884477210048      
   26864382049.9780661327640617924911467      
   27328295644.5015503443020923712105371      
   27798099749.2283069033015919661744041      
   28273842741.8876229358456382239516173      
   28755573188.6745609521615479649380104      
   29243339843.7266851467214367718083411      
   29737191650.8259469298575299664876183      
   30237177741.3567001147267837890278482      
   30743347432.8130436000148856369869462      
   31255750233.3473794865455330998543955      
   31774435838.5263503314200683731971392      
