  -8.25738986689669098616177124047457677E-0002
  -3.88224899201856746053022088652430445E-0003
   8.54901035074702027242260788105743176E-0002
  0.177234374817860836678252703693215587      
  0.262514765493883071732718462527909271      
  0.332846378743013181018612230360649713      
  0.381266808600580954349906505861202360      
  0.403086736968518540994480874632473215      
  0.396347844380249839430796816397871424      
  0.362103959199144227987105886426102145      
  0.304045684980928765826651632255955475      
  0.227931973808519865680862738896591219      
  0.141009999632660748363869456098547612      
   5.07927696143494719082253602696281731E-0002
  -3.53977531030578251541714395134091861E-0002
 -0.111578465329683114502419506226622595      
 -0.173131387644330178733628355250155433      
 -0.217599942560998425305251342993499804      
 -0.243913754393568765421699182055428121      
 -0.252852777865294921234150352155461300      
 -0.246188037260553369819988647621461632      
 -0.226712827891372705716124105849762391      
 -0.197182467144642058343166901803305492      
 -0.160799001878012616284274062202143935      
 -0.120237034239711602857552343452493502      
  -7.80285691788602437551222280237800324E-0002
  -3.59845580796411445690175919615396516E-0002
   4.27973053610478534615519646785750023E-0003
   4.19230887921836285763419017728473487E-0002
   7.63093532942514089842245404692863743E-0002
  0.107326508711401506885902971836614401      
  0.134908887176199868141566571868602812      
  0.159419588657733169156940895602674427      
  0.181133803342941526295805120192230458      
  0.200599278607450994375259865635309144      
  0.218254586627277809437807112602697470      
  0.234618899900889842935620528463196197      
  0.250099984169592484993649550374789623      
  0.265145599918653843630177795912970901      
  0.280557514640863667868175442395902231      
  0.295131896988076322900254271657182410      
  0.310430345255223860439933600026365677      
  0.326594323408806223141147429088126174      
  0.344103650427895987210028703222487741      
  0.362050834564481374476351171587450333      
  0.381711959718085100387345533732181123      
  0.401825988787341877413495636966187601      
  0.422906465956951310086911529650833808      
  0.445013248336306566149854645583973518      
  0.468006456725569593607452289744254151      
  0.491041047571392862976544370219953351      
  0.515379500595942027210049503662883164      
  0.540232632236605802531965961373155905      
  0.564713720568450324730135388958850439      
  0.589726546592338019104030857520327232      
  0.614769892553833194239370997366653474      
  0.638882316402446538943382064280799838      
  0.661823007814846333789430166305842971      
  0.683843072396074868604782556852724232      
  0.702909469433781964653442614227602266      
  0.718731944066973784808369576894738154      
  0.730632085508631801733228555762602088      
  0.736937333492129865526241868200525947      
  0.736502648728043896846090587926314805      
  0.728773178353411392668293048233074306      
  0.707473489315606347711245130768755453      
  0.676299516134179396745755351637684231      
  0.632616345995525320943159166056584433      
  0.577270174116620188890483914395845460      
  0.503018175138888205102765387829396319      
  0.409085555779210338297543285788439593      
  0.275785919942889326428564924978007749      
   6.84239123699709187036570282102252030E-0002
 -0.310194027831858430258482170591542739      
  -1.07168260536249530801633577073624730      
  -2.55734991908212362764820256473531323      
  -4.87083253494448520629461537591034241      
  -7.13519548130577359440400183186738138      
  -7.33340468540183243975135464209139890      
  -3.62657000719275033244989808019235066      
   4.52337742729241246850989560025684212      
   16.2804855687893152527478245868185062      
   29.8260692901513145338481126762384612      
   42.4396781688737105593524533103079911      
   50.8516015211152097231551988366457493      
   51.5919804447122466840412327698618612      
   41.7221409389116709255422822398188493      
   20.0275752565565890772901203516439859      
  -12.2519653480417752214952772066626089      
  -51.5641663453401614278602824612270856      
  -92.2270115197749966551664741354498059      
  -127.217971734212474198178089687052643      
  -149.835537766888622284757170385874634      
  -155.051097359517269100739887457048771      
  -140.121997994862779753761311891974288      
  -105.298126791491367934096411972032135      
  -54.2568634169845474347270482640901128      
   6.55552689274563074937731743564664418      
   69.2988179890057738952418086986079333      
   125.575501694932924414981796028569100      
   167.592477689301461511113730958879289      
   189.661307481671029827522995614306626      
   189.271952033923851121663345962930043      
   167.093815055303772479859382639385804      
   126.883739108269361041780050150699971      
   75.1949872969229859156995834479114689      
   20.0244230378423352853853933174944707      
  -30.7069888522230098928281263096012966      
  -70.3940660129044537924937752591730205      
  -94.8644984657178196802315419611053066      
  -103.210048126773286725301217308684949      
  -97.4112923110531750893963357793350356      
  -81.4674666437132975120999812836882561      
  -60.0492504690262300054399069227002484      
  -37.2699428221559951421941996621304222      
  -16.3852341893890835463770571610070771      
  -9.21942405780980485530842104591859034E-0002
   10.0595106508218013236447541032681640      
   14.3483392048212009021049400091873600      
   14.4822314931895739327842104400725700      
   12.4381889055426919006714052132546701      
   9.73426608791266655702240897825475532      
   7.21858332969735907028764160616197118      
   5.21598111802495016106789311529029999      
   3.74538112300412301424892015168676161      
   2.72734580286582028643768589031020010      
   2.03483819701799309696443233634493608      
   1.55862973209749120082226732705001367      
   1.23345834791754737744305864732844312      
  0.996059629907074317215938920499090144      
  0.824795607438911884008413357220155900      
  0.687327028837417668867416333657732313      
  0.587197450043289709275176992172372360      
  0.501279241035080997488591467991424015      
  0.430087558661188029180519960114603827      
  0.370140978163608052825040068296204365      
  0.324029044766337619962266444293820329      
  0.272223052628616309062971754200792453      
  0.233592977914927072431714600152229224      
  0.203285786015916066737719397462247321      
  0.184480182332574569130623883215481512      
  0.163543164005928785923429011707749958      
  0.154634955067777752753580822647981401      
  0.139692977030007606953214287310142394      
  0.124334424795013748520206725715019287      
  0.113534337686189872315484507403462585      
  0.103770542840155377694796265101960222      
   8.61228917402891315768214513849450533E-0002
   7.86498389362812739476283575006443437E-0002
   7.23906042182084766156003739920010974E-0002
   5.97878721300059430134144797950778543E-0002
   5.55732784883618443417211879914288698E-0002
   5.06759006601113861807010544450998184E-0002
   5.18097824176936888395626621067434173E-0002
   4.83094794974978552064239626905810518E-0002
   4.48516222940764028175764297858165872E-0002
   5.24223674882669160370511735968733110E-0002
   4.95843661738732318503674992259836615E-0002
   4.76747986066832981933902663759829728E-0002
   4.82392312327306780600392305213953294E-0002
   4.49615958652801772020907427833332895E-0002
   4.11905360124189250846951366747460502E-0002
   3.27014418402647456878140541623039911E-0002
   3.09929113179358980997677747672288968E-0002
   2.05563040502250525117282736614611901E-0002
   2.07255341220435183052510605349404675E-0002
   2.08571988727486078283875756302277457E-0002
   1.96233949071583770006533996494775046E-0002
   2.00161567930957190326821333915582147E-0002
   2.64188249290821742118712588447789376E-0002
   2.57624192717066518063083813568269581E-0002
   2.93571630485705334701746953349901110E-0002
   2.73211251193715510200115513641097785E-0002
   2.17751317946463545971945224623997203E-0002
   1.24189550925330940117201819382165246E-0002
   8.31592201989789703562781014916861940E-0003
   1.33924483674940259097525712626677230E-0002
   1.24067255037448178458481310977838347E-0002
   1.27399156994575664092668222688046052E-0002
   1.12996994316553089767306807451115208E-0002
   1.26778262693861771191668916933333117E-0002
   1.30262760789233399520370707280095923E-0002
   1.39270791488948053176241215801200729E-0002
   1.35374330664172498578643544962257892E-0002
   1.29549286477723206858578424072297069E-0002
   1.30987062479125013678330516296873384E-0002
   1.16846654457734483696445810556381179E-0002
   9.98204572442394729656847045498596953E-0003
   8.39140257488863888993064720359129307E-0003
   6.00994590363037005522108672343861125E-0003
   5.30971960931539076022151276868489169E-0003
   4.37733438274388649993450093843643318E-0003
   3.76111799645971047119933913186938971E-0003
   3.37697895650391426773723575458569977E-0003
   4.23027865275639269416992981187052517E-0003
   4.37502158636568981780885421260384175E-0003
   5.15482394486668363216664746463339970E-0003
   4.53212744065897899415745669895872631E-0003
   5.91687211582045922503767601980187496E-0003
   4.96988460675213154548338921622179086E-0003
   4.52661954921768465476486442165674022E-0003
   4.14426643693793310012741123226524759E-0003
   2.78965782452349969296807143390840060E-0003
   2.33191942801370609289926195051094488E-0003
   2.23146416786343176907308411916816567E-0003
   2.64357176669194467734078587735299350E-0003
   2.75044967069297413095236049259631642E-0003
   1.84844371885344375972236764478189355E-0003
   1.51597128499977032995835271655488794E-0003
   1.09168474982779519001089624006311552E-0003
   2.07852142842770982602910590977918200E-0003
   5.54231438818671518797697230348757386E-0005
  -7.57552623080996615877199936439521878E-0004
  -4.93104024382436010665199545801182703E-0005
  -2.73254222670685314948250607541459776E-0005
   4.64803362421375699215179498064207950E-0004
   1.29484044077232674800437017432107068E-0003
  -9.40641380538929905390523028448383646E-0004
  -2.19940438310215509860180725464282815E-0003
   4.84988688000692807336666128469804763E-0004
   6.72153098828435543443736607739070639E-0004
   3.16332160591057013061715381404099885E-0003
   2.25508277097898532959819648341226060E-0003
   2.71377714190869600767272580293832113E-0003
   3.41873821397853866512764870441651507E-0004
  -1.66542801637740428108039284524243188E-0004
   3.78483338818054033918253960532348759E-0004
  -2.07494605982063931626355150025624962E-0003
  -2.87102860184025378142594318046887265E-0003
  -3.51534372776186327742884645804003962E-0003
  -4.63481255730792789576322530448496499E-0003
  -2.55909336067384343493872421815976951E-0003
  -2.51742694687464102471751064683534979E-0003
  -1.31657352057539112008613986414623066E-0003
  -1.22593521024533395483522641618838418E-0003
  -1.66615064925853371940022869260004665E-0003
   5.51651273340204290900708663702791432E-0004
   1.16580999672150910753938787876747006E-0003
   4.36725621787761118608331274729764213E-0003
   4.54742592000589043192044504421527929E-0003
   3.67334746452317215946746922402915744E-0003
   1.81744528062140029901850463250202309E-0003
  -1.54035899494555195367321153567411594E-0003
  -3.68080691800095678527925551450648187E-0003
  -6.31173322295065699741422300090228494E-0003
  -8.13428658912997165696977812053054372E-0003
  -7.24194087420090242702867885715132403E-0003
  -5.18918448227216485772852229020800440E-0003
  -3.60752139645861802135337096250727941E-0003
   1.94850083628774684137614128639254168E-0004
   1.89208992488999170309012415769197573E-0004
   3.96855904421964604123950007844918550E-0003
   9.55052537218260888967493000615773444E-0004
   5.21230275012406698588381701057842500E-0004
   6.29977144472108539973652840981940105E-0004
   3.26704980829623733664794460351688533E-0003
   3.49389548952619504423472030511886725E-0003
   1.91255420655608669122681202924629980E-0003
  -1.73964112111438798571697260859858358E-0003
  -4.66461878114134371259077165570697690E-0003
  -6.28870871519148268839315802601424401E-0003
  -4.82750473171766568847530294126718742E-0003
  -4.97840925884551500550097112906820060E-0003
  -3.94306515821394196538501960729392616E-0003
  -8.60463748641476286938321701252503330E-0004
   6.18329003678342321510192300153711487E-0004
   1.01298920789518025067807113428499941E-0003
   2.61781265525501821882517674054693412E-0003
   1.86032360209622997487929194366461668E-0003
  -4.39515450101052539352023998400554863E-0004
  -2.99436360017701234563418639685016158E-0003
  -3.40081074775980766972076431156519095E-0003
  -3.94782076608036700739061212575308487E-0003
  -2.20811301924788393821426414351751848E-0003
   9.58656765835234432192178515891017949E-0004
   2.01349250297862470227804726921508330E-0003
  -4.27371482945635425050715077614733175E-0005
  -4.45763121985621613208945938401185400E-0004
  -2.04615844829138030226563054507883664E-0003
  -3.62059312551915271007073539453094314E-0003
