   44683923612.7187281076161778728419671      
   44683923612.7187281076161779097904045      
   44683923612.7187281076161316059111129      
   44683923612.7187281064895600420487910      
   44683923612.7187276923384544675046380      
   44683923612.7187005963466647450173689      
   44683923612.7180830043481087358110122      
   44683923612.7111732819514235925796948      
   44683923612.6643036413948216326497906      
   44683923612.4430392276402332337798187      
   44683923611.6452827756327699610204190      
   44683923609.3028332534724702611082189      
   44683923603.4400231960936575549309708      
   44683923590.5116689965706771038907587      
   44683923564.7554357898044951030452224      
   44683923517.5848479976694570629283831      
   44683923436.9693372889135498278740416      
   44683923307.0083148772841898889533066      
   44683923107.6901359491135978820830841      
   44683922814.9547282670757831923408311      
   44683922401.0794458384772910793310193      
   44683921835.5067068926598608374513696      
   44683921085.9538958607486018313465249      
   44683920119.8492633922820521802479817      
   44683918905.9051855123687413146200110      
   44683917415.6524755297045759386112519      
   44683915624.6346006712451792528110959      
   44683913513.5104778432985843890203311      
   44683911068.2036577495166293085439058      
   44683908279.7538825799533162476372146      
   44683905143.3494321863104384856782883      
   44683901657.1530825636375901751863257      
   44683897820.1911916132063021104467321      
   44683893630.2057891381943497945253890      
   44683889081.2175237654737117475017752      
   44683884161.0243325702979124907694357      
   44683878848.8948591528810615292036189      
   44683873113.1879708179973973627291344      
   44683866909.5066808919919348603730598      
   44683860179.0961792298397553773355713      
   44683852847.5933700690602027035767006      
   44683844824.1682921066669833934479881      
   44683836001.1608666892474936347741963      
   44683826253.8375907749149994203960528      
   44683815440.6252665888727546819902148      
   44683803403.6166194259141990785671125      
   44683789969.2785988266981159638074601      
   44683774949.1691099095625316005513562      
   44683758141.1014714221570033503820229      
   44683739330.0067601086320461275954545      
   44683718289.2236533907410303349616215      
   44683694781.3798924650774645588788431      
   44683668559.5416385633235426552556904      
   44683639368.0999406521628823932064028      
   44683606943.7347415069702250926941006      
   44683571016.1894266257213108188776759      
   44683531308.8909581722825087639959145      
   44683487539.5123189039280581063614764      
   44683439420.3480752882653263156468959      
   44683386658.6287646163779900897106265      
   44683328956.6707755390989056927543222      
   44683266011.7906079630970542623159963      
   44683197516.2143687740818769536951591      
   44683123156.7566890087801476368696461      
   44683042614.4533709244300930031633280      
   44682955563.8796318396294427461829569      
   44682861672.5728120858556420298101413      
   44682760600.1207659522409740496903364      
   44682651997.2091914656826887004511513      
   44682535504.4767094117962466303665687      
   44682410751.2815971536062257421287130      
   44682277354.2891582052538639925361264      
   44682134915.8837742388663211648802929      
   44681983022.5520343699336321670669057      
   44681821242.9611374027046375020737671      
   44681649126.0134436158762724760265243      
   44681466198.5985075727420385236393436      
   44681271963.3107956835242582633833179      
   44681065895.8946870916895502474121474      
   44680847442.5972697218729246909539162      
   44680616017.1950911792735097273292102      
   44680370998.0555919235953990376128505      
   44680111724.7428761502096553631859742      
   44679837494.4894244034496197775679483      
   44679547558.5860556940426727636303058      
   44679241118.2958342887560213553223765      
   44678917320.7876373609559211250123791      
   44678575254.5377419447581029347520033      
   44678213946.0708468732617729500524030      
   44677832349.6960461078058687229565348      
   44677429349.5711864388140009068274643      
   44677003749.4547354722100077003929616      
   44676554267.7499984259953832205655280      
   44676079531.2258436120642683812896124      
   44675578068.2423769215697689794082803      
   44675048301.7038767403004681415971726      
   44674488541.4140799610917738749952511      
   44673896976.1207382848432527370751177      
   44673271664.7785320287324286094590213      
   44672610527.7358148377349323498002086      
   44671911336.8195265895777333779366645      
   44671171705.0239915829795422977138527      
   44670389075.5079422510193005993105967      
   44669560709.6853445533725926131636424      
   44668683674.5849584527307442591562394      
   44667754829.1055282033206352222135512      
   44666770809.3110081237579103077022854      
   44665728012.6856874993489860354627227      
   44664622580.7048151812078449844165718      
   44663450380.3586058611079916066590927      
   44662206983.6020071958870695753312348      
   44660887645.2018502103362354560861832      
   44659487278.4464142756443659214764905      
   44658000428.2294821186055387691972827      
   44656421241.5522655515595541894715412      
   44654743436.4684322707097907030765246      
   44652960259.4165656737443901657047853      
   44651064454.3961378536073746097623541      
   44649048211.9043332533194997409087221      
   44646903120.3534104187256073517178508      
   44644620110.4872764178043452376618300      
   44642189393.5865960283419405448894168      
   44639600393.1961191036903274597616804      
   44636841670.1109657692512491674441215      
   44633900851.6524797490414579836867326      
   44630764505.4742741636626913415173724      
   44627418105.7130769935298743094271561      
   44623845905.4810895290161969659914162      
   44620030857.1280415848497604550770083      
   44615954532.1409210980029557836148912      
   44611597055.9363635514918642956380664      
   44606937064.9996243937372152741602468      
   44601951693.9698585725252884809621425      
   44596616599.3402506531991804560319796      
   44590906024.5562505389823540718900720      
   44584792907.5999211300102966317216779      
   44578249028.6287653425116728783368340      
   44571245177.0601041858598664281677416      
   44563751413.6003332428474539997927557      
   44555737186.4368613948905022300826200      
   44547171607.1369873761629461986343596      
   44538023624.7208894226749653135745647      
   44528262172.3831925889313479931294499      
   44517856371.7298745572938002806526245      
   44506775538.4329609729014592964774665      
   44494989304.5242916430511417857045170      
   44482467642.5862156791967770561787501      
   44469180877.0049490414810889020349756      
   44455099674.7200283576036431893773074      
   44440195020.9381812926709263432993742      
   44424438185.2644841536378756448934796      
   44407800681.0119121280738497083832068      
   44390254222.6404457419456842174210852      
   44371770682.2775481084450757190061261      
   44352322048.6747256337871754672491636      
   44331880388.9906336226168895604425632      
   44310417814.4828193969941543137272523      
   44287906450.8416843506775511100439763      
   44264318413.9520226915766131842202651      
   44239625790.8423026317001599076987093      
   44213800624.9190932417490157488036332      
   44186814907.7029764584881039988600609      
   44158640575.3819811511581379819064370      
   44129249510.3235568495399599404932653      
   44098613546.3172702294720106134629482      
   44066704479.5936235333756789850134008      
   44033494081.9291762928940579996395205      
   43998954117.4557108240441332414542558      
   43963056360.2595661507084227336758363      
   43925772613.5167183775956855215302516      
   43887074727.6731118183658090999916822      
   43846934617.4179710278609354448371403      
   43805324310.8421272874251816450791361      
   43762215819.6659946716475760617664794      
   43717581362.4571300467189586735068471      
   43671393221.8950074564483881667652177      
   43623623780.2912040578396450761212317      
   43574245515.3793814533712410070965095      
   43523230993.6180608054898611564382680      
   43470552843.7707343706444969741319826      
   43416183760.2986110732254113236590540      
   43360096469.6182963948441667267600626      
   43302263711.3480428655150765742842852      
   43242658213.0252139684298595694570403      
   43181252664.7884559739848959735762556      
   43118019692.6467930256973901179461522      
   43052931832.4463903032073764154176829      
   42985961504.0077289116226811495860479      
   42917080987.8043006402425363256224879      
   42846262396.8367122362421881270844931      
   42773477680.0550455894074956651193301      
   42698698570.9883614573196882350100644      
   42621896596.4994338690970033959153522      
   42543043059.0614347410109257227107853      
   42462109027.2503490758414632360988260      
   42379065328.3492039752036304959907128      
   42293882544.0057675893761158732882764      
   42206531006.6834648856088836371730703      
   42116980797.1460942264857724660188571      
   42025201744.7467029423761426745741180      
   41931163427.1325361833601673014614853      
   41834835171.9227463038944435291438439      
   41736186057.9340095880616298853415364      
   41635184918.0349407995889485155836437      
   41531800341.4209160067504052424913883      
   41426000676.7825136653680434424773706      
   41317754077.0530240356042871057039920      
   41207028327.8299353990774661403153241      
   41093791118.0709945127200738344585111      
   40978009862.6152782323466949492997701      
   40859651746.5416191986326378234174329      
   40738683736.6155326547017477922702908      
   40615072573.7507052964516956500589480      
   40488784780.0838785910678490328562162      
   40359786663.9860590685102428691102020      
   40228044317.8482131130445074403841366      
   40093523626.3856253532001914880893355      
   39956190258.6857495420709956927587976      
   39816009679.1720875829276669861015678      
   39672947139.8778780145707690516716211      
   39526967697.2649846699979665042508166      
   39378036197.1310998987135502886542316      
   39226117287.6604652480463388647015611      
   39071175414.4031843034069733117260585      
   38913174823.8041571899630591206420544      
   38752079564.2028012868608156359752909      
   38587853486.7416240450064548566693642      
   38420460245.8203419167479180581709791      
   38249863300.6588084560246066987107155      
   38076025915.8046154777380450780591508      
   37898911161.8842168840901391420285940      
   37718481918.3009384267260944781592538      
   37534700868.3817865015850206271976863      
   37347530505.5423435534691179840511663      
   37156933130.6361366727958344027770289      
   36962870854.2903791375670813098191177      
   36765305596.4548891621612472640061042      
   36564199087.3083405382430073245215009      
   36359512867.2817426638023846818483779      
   36151208287.6254592337663325537805242      
   35939246509.4353913420044745018200587      
   35723588506.2912092329771062682122423      
   35504195062.5682251937683474470941311      
   35281026774.4994666568997397098579431      
   35054044049.3393593508058516926798729      
   34823207108.3109601124843004408739448      
   34588475983.0858881457505457526280083      
   34349810519.2624269049430754807649297      
   34107170371.8287152234944848107389860      
   33860515012.0986031265825777613645934      
   33609803722.3421257123607172787094737      
   33354995597.3099840979836581902374390      
   33096049544.2050536777344825196843387      
   32832924284.9480742176188789485673653      
   32565578353.4296563204762467502859149      
   32293970094.2871259827272040752580492      
   32018057666.7731519129874944168458719      
   31737799043.7304264659732960397830004      
   31453152010.4092369388187727645882827      
   31164074164.7747688158142592391412467      
   30870522916.9973675077610905427293396      
   30572455491.7330560578164491518679634      
   30269828924.0046903861833552211257514      
   29962600064.2847574954720734777313262      
   29650725574.0749739886730173194138070      
   29334161928.7510408741484094440309328      
   29012865415.8293267981273834893577328      
   28686792135.7026521646345800938327151      
   28355898001.1783472834061311210296363      
   28020138738.3699484044677847122286027      
   27679469885.1825394837483277874925541      
   27333846791.9903357192205610250765298      
   26983224621.9672397746049370391178153      
   26627558350.7734234117354891001805243      
   26266802766.5239503868214168970113979      
   25900912469.6647207765939578518729504      
   25529841872.8852861220866126103348367      
   25153545201.1941645893226474044264461      
   24771976490.3781168367884714371874326      
   24385089591.9124199958683426354153993      
