   2.4200000e-01
   2.7400000e-01
   3.0800000e-01
   3.4800000e-01
   3.9300000e-01
   4.4400000e-01
   5.0100000e-01
   5.6500000e-01
   6.3300000e-01
   7.1200000e-01
   7.9800000e-01
   8.8600000e-01
   9.8100000e-01
   1.0800000e+00
   1.1800000e+00
   1.2800000e+00
   1.3900000e+00
   1.4900000e+00
   1.5800000e+00
   1.6800000e+00
   1.7700000e+00
   1.8600000e+00
   1.9500000e+00
   2.0300000e+00
   2.1200000e+00
   2.2000000e+00
   2.2700000e+00
   2.3500000e+00
   2.4200000e+00
   2.5500000e+00
   2.6800000e+00
   2.7800000e+00
   2.8900000e+00
   2.9800000e+00
   3.0700000e+00
   3.1500000e+00
   3.2300000e+00
   3.2900000e+00
   3.3600000e+00
   3.4100000e+00
   3.4700000e+00
   3.5200000e+00
   3.5600000e+00
   3.6000000e+00
   3.6400000e+00
   3.6800000e+00
   3.7100000e+00
   3.7400000e+00
   3.7600000e+00
   3.7700000e+00
   3.7900000e+00
   3.8000000e+00
   3.8100000e+00
   3.8200000e+00
   3.8400000e+00
   3.8500000e+00
   3.8600000e+00
   3.8700000e+00
   3.8800000e+00
   3.8900000e+00
   3.9000000e+00
   3.9100000e+00
