   44574781363.4171586744998162363769382      
   44574780876.9369849353619782244730201      
   44574780219.0786243018002197852910358      
   44574779353.4592941508725412697776158      
   44574778241.7949059883309724471850140      
   44574776844.6333491494746929377105867      
   44574775121.9638086166433490557712617      
   44574773033.6275727736080879728748378      
   44574770539.4222296928726359614150334      
   44574767599.1036433781878060269516179      
   44574764171.8446988225700293978899827      
   44574760215.8086833646158208024904036      
   44574755687.1641425975989569737799513      
   44574750539.2659482270742001004307690      
   44574744721.4071850527833633924958820      
   44574738178.1298263563436099538766630      
   44574730847.8538021263881077939020534      
   44574722661.9389944194524045002834105      
   44574713543.6475960312896224542491241      
   44574703407.2334748320543555625883050      
   44574692157.0939889881739128998562842      
   44574679687.4926143247305349732470550      
   44574665880.9223419691292400976941414      
   44574650608.2449592977325686051230468      
   44574633727.3354180854156563481470334      
   44574615083.4659595294852107031047625      
   44574594507.5162612367442047143030864      
   44574571816.1880636291492793602580988      
   44574546811.2433210957322818147879371      
   44574519278.5619160520694384860507908      
   44574488987.6031517817878404398016981      
   44574455690.6062543643179888306857719      
   44574419122.0638886511268468365387764      
   44574378997.5286299789559826780640121      
   44574335012.7843465216692843896611294      
   44574286843.2858332077432501989413622      
   44574234142.3618761897577142594811209      
   44574176540.9375956098190904979044828      
   44574113646.0133769455638641184425301      
   44574045039.5503791978556018670357840      
   44573970277.1947800340098940958532857      
   44573888886.9250249293605863057278158      
   44573800367.7172891271062441193525306      
   44573704187.9744934938336563611276018      
   44573599784.0549169395144323789744914      
   44573486558.5014200222293726444492656      
   44573363878.3695689080419452735357921      
   44573231073.2486085635010953920299007      
   44573087433.3697371655791047932343135      
   44572932207.4119209587813740055645245      
   44572764600.1529894229582158096349779      
   44572583770.1774438754090805848620256      
   44572388827.1426584721274886456054270      
   44572178829.0368751659154948736018798      
   44571952779.1732194102028444750583850      
   44571709622.9611090584320219266932742      
   44571448244.4741859296874943762707400      
   44571167462.8259965477553363332521721      
   44570866028.0683622651811165940095300      
   44570542617.1866650937206122724689041      
   44570195829.4077630920974966212872365      
   44569824181.4561276047311658731970838      
   44569426102.3750128000352270509256980      
   44568999928.0903235762446039331627020      
   44568543895.5163629461137861178349786      
   44568056136.3417064459303701988604911      
   44567534670.4315853447964827463460844      
   44566977396.9425584931257626787612778      
   44566382094.3194723078205016121489847      
   44565746401.1691120419434609482024590      
   44565067815.3973560197882071907610894      
   44564343683.5025153323177027355330514      
   44563571191.1635146567153545602652382      
   44562747353.4125715260620618710110015      
   44561869004.1579262782296943749610240      
   44560932791.9691637059212065657952614      
   44559935142.7783168168593097928225160      
   44558872284.4742454716413746389944946      
   44557740210.4470226902146572615280827      
   44556534672.0325511943805492835097161      
   44555251163.9437288937504584666528255      
   44553884909.7118051817427588599490839      
   44552430845.9205502607269341611370129      
   44550883605.7001674775834383503255548      
   44549237501.9652892440725997068118913      
   44547486509.0332939125643533173169229      
   44545624244.0514335773741364491725760      
   44543643947.7201546579080078138944344      
   44541538463.3420785569766314003428968      
   44539300216.7157865409383701713993264      
   44536921193.0648811025322393695403133      
   44534392916.4864475911394648939961066      
   44531706424.3135426353951808916074283      
   44528852246.4285649490225346907506267      
   44525820379.4553941505770958602171731      
   44522600280.6055681008342193466363989      
   44519180779.5450775980572237602917337      
   44515550135.6377921768490035343265553      
   44511695939.6640088643829112098899247      
   44507605051.1840629703855878626976655      
   44503263440.6684064915696899857895407      
   44498655846.3617787024768128163689333      
   44493765101.4648993895336073735364782      
   44488571133.0958825182123437919604538      
   44483050288.3568201233840528934951828      
   44477176060.6084374430468401881523887      
   44470920625.1424946530720009249239810      
   44464255545.8388795532841665074734872      
   44457151689.5566831386882987804428248      
   44449580007.0554556101484437948141949      
   44441512791.8665076097846023492962496      
   44432924843.5575935579965030560649686      
   44423793997.9313831139723045408249902      
   44414100899.3192801491858484698819500      
   44403828327.4745136879295461948357702      
   44392960350.7153978158361444483921157      
   44381481553.7469914034451080717755082      
   44369376447.9386870357905024864478775      
   44356629097.6778727227652099059536544      
   44343222791.6688217227292010184469559      
   44329140085.7048907626361878078213308      
   44314362650.3011280277282326157926501      
   44298871315.1997738573055850193383279      
   44282646105.2576173955302218323702467      
   44265666291.5133632816704331548047445      
   44247910445.1252962702829820270698220      
   44229356492.1477635691775983438590898      
   44209981766.0110042561616020232701964      
   44189763056.3927501106829011681164013      
   44168676655.4554514481546360005232971      
   44146698398.1522236347491719760591448      
   44123803702.5590671378685452411343761      
   44099967603.7204297763268864651363317      
   44075164785.5771889578264036984863301      
   44049369610.5573355646702628879359187      
   44022556145.6191971870451442249122957      
   43994698186.3688902488834591524526979      
   43965769277.9347756146566142717249211      
   43935742735.7732699668059373994133039      
   43904591661.3856786159388526215071090      
   43872288958.8054560928933355463433114      
   43838807348.0236983690268380520484327      
   43804119377.3648903914397021705114120      
   43768197434.2198242668765302949711061      
   43731013753.7397910101864790610130398      
   43692540428.3330711004393362811873678      
   43652749412.1453593394282468957327527      
   43611612529.3512952707772591204002721      
   43569101476.5027857279531943444271532      
   43525187830.9016108571263122467913664      
   43479843048.8541221670724932586327093      
   43433038469.1753357206538792559331067      
   43384745319.4166917233386137477807425      
   43334934712.3728984654672467646603175      
   43283577646.9565338577067493881119085      
   43230645013.8295285867187776580504392      
   43176107589.2508292490756587977493712      
   43119936036.7752072976395874246846700      
   43062100910.9486688811783198937136389      
   43002572647.6742785211481858334971252      
   42941321573.6429135205250949341731503      
   42878317894.9806797371692332372041800      
   42813531704.2047385963874261306518687      
   42746932974.7999940382543033291820865      
   42678491556.6324603903614219671385787      
   42608177183.9463194247801957591333841      
   42535959461.9338632293717296985444840      
   42461807874.1926037313013876962207770      
   42385691774.1313932370870203864921970      
   42307580392.8371148193902000068178044      
   42227442823.4495848889218544259805777      
   42145248033.5814312460971563304670303      
   42060964852.1847845417031413164555296      
   41974561974.8167406052942948957250725      
   41886007960.9862189180776028978913893      
   41795271228.6068019709918000678379994      
   41702320058.1164918703333475688678725      
   41607122619.8058627164346459383017482      
   41509646840.6567360480437657936441514      
   41409860603.1965574069583438557496199      
   41307731608.7200228348759700357594475      
   41203227410.6316298786081148515971303      
   41096315413.4053083609993799885035810      
   40986962872.4666952170144978081911009      
   40875136889.8103404846041973913490084      
   40760804413.3797813665313751350954025      
   40643932237.9262425572989504896834635      
   40524487001.9792279111907416742834755      
   40402435187.0589416875641967815908847      
   40277743117.8402877873469365730599635      
   40150376958.4749214888435206186834385      
   40020302714.6624805122487681508054738      
   39887486228.0689969031501400743797891      
   39751893182.4304494055001979038802821      
   39613489094.6031584052216080698703630      
   39472239320.2053755018570457607820197      
   39328109048.1597649529837535313395971      
   39181063303.3282619381406882210760915      
   39031066944.2978430696166410989852619      
   38878084660.1514178875353693893358922      
   38722080972.8236152302047867510582556      
   38563020236.9393886546152288090105096      
   38400866636.8892431785958985671894978      
   38235584182.4289527854649035351085532      
   38067136723.4199926823896982707743416      
   37895487924.4792557871651112885829407      
   37720601287.7582822202279328618466398      
   37542440139.3683711845271948941843368      
   37360967635.0986020267634713181777279      
   37176146747.4713736245392944014550843      
   36987940284.0198370937016940373779995      
   36796310884.4279204753240583205132088      
   36601220983.2731260871955716274684367      
   36402632863.7056955234824778494114979      
   36200508629.1576106988743294816489309      
   35994810202.6900759039829112308976610      
   35785499322.2474527348997400024956160      
   35572537573.2406239564489317461748298      
   35355886336.8477152402876732247518090      
   35135506824.2632290583757764687123029      
   34911360067.4943799370482399490765686      
   34683406917.8180134465021870950550011      
   34451608047.4211940280711362410900578      
   34215923948.7080391203097744899751872      
   33976314932.6406114635288871734306111      
   33732741128.6360838125283357712295522      
   33485162485.6171055244801574906829771      
   33233538770.2886589798757997904902075      
   32977829567.3537987894553987913281089      
   32717994279.0748594268708289601285793      
   32453992124.7153630030339567987880615      
   32185782141.9013079463221995151187851      
   31913323183.7557145583295252042430220      
   31636573930.9251526504823447095299444      
   31355492849.6387268366130605672786215      
   31070038251.7240034839858819021111810      
   30780168254.0536541676163661098414295      
   30485840791.7348395922759837520494789      
   30187013613.7845490221786423260928797      
   29883644284.3292563846414482668235737      
   29575690180.8706381499766932672664717      
   29263108495.8916353543733978157454951      
   28945856242.4411087341616001114089546      
   28623890239.9046794379627604746520162      
   28297167126.3512034449336947389019320      
   27965643350.1574060536360801043421573      
   27629275174.6169060909047196889244326      
   27288018679.6014568756682316321755617      
   26941829756.8210310711508130518669716      
   26590664109.5151977028514714643713358      
   26234477256.5049149628887448825060417      
   25873224528.5067489061042951002188395      
   25506861065.6262688578943907854477374      
   25135341829.2309079329236349049253859      
   24758621586.8338087157394513233547678      
   24376654919.2891643829721849762613676      
   23989396219.2130226711692322539101646      
   23596799693.8633455219924489528697247      
   23198819361.3839524936390798600139402      
   22795409050.7665373128939447111611676      
   22386522405.0125161215013937492620663      
   21972112878.0440892062494530041049014      
   21552133735.7817632645173163726755776      
   21126538056.0229530396655997478457579      
   20695278727.8032047297578858016477300      
   20258308450.1896672826998461326884000      
   19815579737.1979241736932368454756346      
   19367044912.5883142988956155650826325      
   18912656111.1557213975666245574403546      
   18452365279.0173835890774280180010756      
   17986124173.5890436365912883993101381      
   17513884363.9091165673843503488486229      
   17035597229.1419644312283180523335909      
   16551213958.0153986051954389850728228      
   16060685555.0662447823999049294877358      
   15563962832.6650671687376335442527869      
   15060996413.9041577704249854695815699      
   14551736735.3043594226476066567904935      
   14036134042.8760332288325583463922215      
   13514138393.6138624553967992887570106      
