   44683922625.6088191193459053261197107      
   44683922140.0613097269930425795081785      
   44683921486.8534199207988556261827784      
   44683920633.4029524168204293253209910      
   44683919547.4667891170468846158367511      
   44683918199.1141010827158055490499333      
   44683916561.6422446738947022047447611      
   44683914613.1292631968331179159423236      
   44683912336.8309736566996747499741915      
   44683909721.2765777410738106149423427      
   44683906759.7252799153650428091111408      
   44683903449.0618966157869586814399208      
   44683899788.1339601685819255700048597      
   44683895775.6289294762270561409085109      
   44683891407.7161578175953524286586590      
   44683886675.6672357545478669063457499      
   44683881563.2910389376812352567912293      
   44683876044.6841657343374288743495694      
   44683870082.0459053244902557538204343      
   44683863624.0127841815943082776853725      
   44683856604.1779053436630016464589038      
   44683848940.0042783261678508889178501      
   44683840532.3301399110641299894592353      
   44683831264.9322051622551689853935534      
   44683821004.6240123787337319287538060      
   44683809601.6048675887381175072796821      
   44683796889.9445237750333017850798138      
   44683782688.6027318261450168545589992      
   44683766802.0219778868818750792802246      
   44683749021.3688549814876129303287406      
   44683729125.5240353162860518896084211      
   44683706882.2037641227622546044115313      
   44683682048.9372953932011401455696121      
   44683654374.1051156306152921567409851      
   44683623597.8135413104665090391189111      
   44683589452.8576152195635896091373320      
   44683551665.2830164594794013388574867      
   44683509955.0436669208283527081141888      
   44683464036.4016765871032496299622039      
   44683413618.3761514492516735538120026      
   44683358404.7464520159670447294768332      
   44683298094.2449000802813506916495802      
   44683232380.3723311016325019113819936      
   44683160951.1595786935761210554638696      
   44683083488.7964082608396604963117348      
   44682999669.1009826592909697832686790      
   44682909160.7833541216590120363517193      
   44682811624.6937441713173813012003063      
   44682706712.9121167952680001384295383      
   44682594067.4786865536429803636587890      
   44682473319.3260581239162112928111687      
   44682344086.7868106010153092620685886      
   44682205973.9881431677706378564299671      
   44682058569.2890523124059435376181995      
   44681901443.3582480231091153334245642      
   44681734147.1208556103181033598084060      
   44681556209.5898778983839004061831802      
   44681367135.4996995327436429936303585      
   44681166402.7297539760934707594412752      
   44680953459.6002266448702918849458997      
   44680727721.8921549457167485228118150      
   44680488569.7525778539705690213529670      
   44680235344.2811094170298551551143386      
   44679967343.9772624987818559343844575      
   44679683820.9349565183580258342333169      
   44679383976.6607040093563258477239784      
   44679066957.8599503631056049590131995      
   44678731851.7995870191434169691085060      
   44678377682.7994352195515228663327844      
   44678003401.6393268211931118654987140      
   44677607887.6810777045649957862182641      
   44677189938.1868378579150890008330967      
   44676748263.1641276335571031965842529      
   44676281478.7336061283675442834049483      
   44675788100.0536577807776915506920996      
   44675266533.8333515248352166600373860      
   44674715070.3057960517578708694175228      
   44674131874.7394336941528451950131986      
   44673514978.1634011021236752963464981      
   44672862267.9033176070690390280697734      
   44672171477.0301439768090978834273421      
   44671440173.2034231258112890136432439      
   44670665746.7908346689712032431022382      
   44669845397.9132908913808220926504288      
   44668976122.6401814645355872099144612      
   44668054698.1146413389956628537465133      
   44667077666.0973925893067972405149217      
   44666041315.4685828129804601095917676      
   44664941663.2161340818703136655110681      
   44663774433.2546722227015450846046013      
   44662535033.4424633847228373712932052      
   44661218530.3677180703525897996735697      
   44659819621.2933010560301785242591808      
   44658332603.3559610788546551434258708      
   44656751338.9513908536469204248574304      
   44655069219.0336053355645612898671640      
   44653279113.7649548704171348601298940      
   44651373333.9244534043208372937773851      
   44649343570.5489433999400906158109771      
   44647180836.2118574501409773368387893      
   44644875397.3763032698950156757247246      
   44642416699.3960796296800018268713414      
   44639793292.6232587023259172748348385      
   44636992709.7272796520322825599269986      
   44634001416.7314442758228907985356644      
   44630804683.7432908223826520366723508      
   44627386492.4735233775150930438369745      
   44623729441.8496132898174216530064853      
   44619814665.8112352613608139782175915      
   44615621771.5202216252336932879136578      
   44611128807.0443111673485569923993766      
   44606312267.5692948545315791952281887      
   44601147146.5332904786463190977754900      
   44595607035.8554581009411635556441135      
   44589664273.2414731533155119773291606      
   44583290130.7003106479778861637837420      
   44576455023.6073883207501424491662195      
   44569128784.5581301303599951881435347      
   44561280824.1902857632582228430274130      
   44552880397.0576628042626097489763120      
   44543896756.4838300303129109641551625      
   44534299367.6606406328596090253176706      
   44524057934.3014265809851340646210442      
   44513142519.7361302147078501832283110      
   44501523574.5269413397073825875885514      
   44489171945.1988277160319025910326478      
   44476058860.5220476015159896856436653      
   44462155901.7294860716983487536559144      
   44447434961.5577222528695267969093326      
   44431868197.2783891676307452589959779      
   44415427981.6972891201650212333857032      
   44398086854.0070641002892063374945419      
   44379817473.2091925126206553953234605      
   44360592575.0941092449519217245236211      
   44340384933.9206742696225857510965135      
   44319167328.6685563573903352807484799      
   44296912514.5363462792990668454504456      
   44273593200.2416192001302162499954340      
   44249182029.7770474365014546563644872      
   44223651569.8603547305220214903536207      
   44196974302.8253212479527582063378903      
   44169122623.2050062062597928653970880      
   44140068840.6180213304235699067075515      
   44109785185.9610962037084167431791123      
   44078243822.1703459708530775882130007      
   44045416857.7800243860731745223048207      
   44011276364.0834812446177768467264900      
   43975794394.4429727217336193210959597      
   43938943003.1757189037812969906263301      
   43900694265.5615769486074060791680862      
   43861020297.0796703241114076497370332      
   43819893302.1100586485146559070847009      
   43777285455.2175007548144137613019501      
   43733169114.5048547785515245788554171      
   43687516690.2337015661341260399022459      
   43640300681.6812362351678650521256778      
   43591493675.7164406832732883461823607      
   43541068339.6888530465493112277802661      
   43488997411.6485800767937825167465839      
   43435253689.4277667460594360767665253      
   43379809999.7586135016283940714693478      
   43322639197.9576232841955860709825018      
   43263714132.1477725439334150655909227      
   43203007621.8866691936941192894785292      
   43140492432.7795390858017085500012412      
   43076141251.4993341445397492952123769      
   43009926659.8581950636425758682488569      
   42941821111.3225923002601279577269667      
   42871796908.4738917732564025122394537      
   42799826182.2663825998125478317556953      
   42725880869.3995070146854783904114999      
   42649932718.3858152554438514306676919      
   42571953243.2726327846638508464565854      
   42491913735.9729932587466716589476599      
   42409785252.3118198804872589227858534      
   42325538605.3178979410989555340628393      
   42239144361.8393260617914718815702180      
   42150572839.6138202682724365135023763      
   42059794105.9053630224298289327586486      
   41966777977.1922298925597395173377056      
   41871494020.2117745588410285870860883      
   41773911552.8637669774584308969007241      
   41673999646.8620118759151652665397854      
   41571727128.9098875233156994909677325      
   41467062584.4372389778201605011331127      
   41359974401.7016835009282263434448561      
   41250430603.9567747443037247533586385      
   41138399112.5296062128933961696055104      
   41023847573.7722624708774574400760284      
   40906743405.8873455949637422272628312      
   40787053800.6116065880255420692085400      
   40664745732.1992321303332105979862785      
   40539785949.1088854786952269391810034      
   40412140983.4927702800300446781530922      
   40281777153.8647382830502341565802152      
   40148660565.7999267372292555915242327      
   40012757114.3262059061282702962479759      
   39874032480.2533467777540730858502684      
   39732452142.4482852283730853382505456      
   39587981367.3423418703045200670180708      
   39440585223.9672983739318033680366799      
   39290228574.8015443847639494804317254      
   39136876081.0798284340216278594681982      
   38980492204.4255704134926355298986160      
   38821041206.6303148696055563955182613      
   38658487151.1190656590373435141347797      
   38492793904.3295475606005414208000927      
   38323925136.3553352773123706545675252      
   38151844322.0012274774875129230605799      
   37976514741.1963634495243920135892185      
   37797899480.2123243926503785365510998      
   37615961432.5244077133111886969551894      
   37430663300.2278652263928158917850985      
   37241967587.2258012881526273761046501      
   37049836611.0407390450801508094488941      
   36854232496.9965155547256033569610041      
   36655117179.4402189324795684378730148      
   36452452402.6757633168260136153026798      
   36246199720.9764832273739004433857892      
   36036320499.1184181327705427594353752      
   35822775912.0142998102080911042271602      
   35605526946.1516220146881034581941800      
   35384534398.6903129772980966190691736      
   35159758876.9766612434992426705540986      
   34931160803.0554283379177973155359214      
   34698700408.6054885371375238691823637      
   34462337736.3393189360718757798765726      
   34222032642.9331868484987663313196936      
   33977744796.1535794675408908097336222      
   33729433676.7164430081700449480745842      
   33477058576.4632159097054119818291416      
   33220578600.3309255544152943502337093      
   32959952666.6353654720838170344267944      
   32695139505.4924070631386795635188312      
   32426097658.2309881600438395248303790      
   32152785478.9438297269863780708110520      
   31875161136.5073132491522406841758234      
   31593182611.0944864398292600218376783      
   31306807695.0315480015775455944277852      
   31015993993.8741093177189108100409156      
   30720698924.7362243249041998664177724      
   30420879718.2201156047969085959905148      
   30116493417.4133048799285162741138155      
   29807496877.1190038410140128695613046      
   29493846766.6208148990698330251391798      
   29175499566.0229418794497546764224387      
   28852411568.8107300011531452886017857      
   28524538878.9231981569943495312075920      
   28191837415.0155478375698530611956891      
   27854262907.9176487104133819530897523      
   27511770898.8753155761746078602992595      
   27164316743.5640421313650837660439760      
   26811855608.9504352261582773108273770      
   26454342474.3962728502471489401706084      
   26091732131.2051636703289084627209778      
   25723979183.3002328317722249988193255      
   25351038046.5967762223777775714925030      
   24972862949.0462284414780545680589014      
   24589407930.2110334201623473060138017      
   24200626842.4854012424156329216686033      
   23806473350.3725767185314798490432615      
   23406900929.5370752724689119681249409      
   23001862869.0732198753141515923401499      
   22591312268.4822541076927673087069796      
   22175202039.6156644251839701445962254      
   21753484905.9095161590622355837989254      
   21326113405.2440077170089215877367083      
   20893039882.1075116615312163296618275      
   20454216497.7060615539751268065936506      
   20009595220.4893433074801297378454495      
   19559127839.6452816484808307877836648      
   19102765948.7334972977085921037016033      
   18640460950.2404739461238940262318954      
   18172164068.3633063347095322302462782      
   17697826333.7058890923532718241789763      
   17217398585.6322893135257163617857171      
   16730831481.0175506956684613160421999      
   16238075486.5271163731298819998771024      
   15739080883.9776252171935515256310969      
   15233797757.9487317662608055680206995      
