   330.83792827168043        568.35350354919342     
   330.83792827168043        568.35350354919342     
   330.83792827168043        568.35350354919342     
   330.83792827168043        568.35350354919342     
   330.83792827167883        568.35350354919342     
   330.83792827146920        568.35350354919353     
   330.83792826446393        568.35350354919967     
   330.83792816722706        568.35350354928164     
   330.83792742166969        568.35350354988509     
   330.83792365998994        568.35350355269406     
   330.83790967075100        568.35350356156130     
   330.83786827698236        568.35350358014875     
   330.83776549058899        568.35350359814333     
   330.83754297959894        568.35350355394814     
   330.83711115904134        568.35350326467346     
   330.83634393662243        568.35350230088204     
   330.83507601211153        568.35349984080972     
   330.83310260279706        568.35349444135920     
   330.83018155327409        568.35348373269937     
   330.82603719441971        568.35346396321381     
   330.82036529548191        568.35342932246692     
   330.81283843682570        568.35337097198988     
   330.80311143229682        568.35327578992838     
   330.79082603116819        568.35312479127765     
   330.77561545846999        568.35289148448157     
   330.75710798629888        568.35254020528066     
   330.73493029429255        568.35202476645577     
   330.70871022147901        568.35128756873917     
   330.67807940551234        568.35025944262622     
   330.64267557900450        568.34886026733659     
   330.60214469036322        568.34700048320553     
   330.55614261884148        568.34458343341760     
   330.50433653865804        568.34150842922440     
   330.44640563328647        568.33767438958182     
   330.38204109738308        568.33298384260627     
   330.31094525165008        568.32734706516101     
   330.23282976176512        568.32068614917944     
   330.14741277671851        568.31293879503994     
   330.05441523526588        568.30406161522649     
   329.95355604640696        568.29403287243861     
   329.84454656544125        568.28285446203790     
   329.72708432738483        568.27055312722212     
   329.60084623355340        568.25718083557251     
   329.46548138932235        568.24281432794055     
   329.32060383131790        568.22755385239077     
   329.16578523071257        568.21152112557991     
   329.00054791929034        568.19485662630177     
   328.82435829123716        568.17771617959374     
   328.63662088266710        568.16026707226195     
   328.43667323739174        568.14268369427157     
   328.22378173362961        568.12514280823984     
   327.99713854534434        568.10781858950099     
   327.75585979975551        568.09087748702484     
   327.49898521086601        568.07447303986010     
   327.22547898752333        568.05874076704538     
   326.93423257380203        568.04379312046842     
   326.62406877431562        568.02971475541779     
   326.29374769921503        568.01655812952129     
   325.94197422963344        568.00433951973935     
   325.56740708417334        567.99303558907684     
   325.16866930545211        567.98258061231797     
   324.74435979893167        567.97286440141772     
   324.29306576036851        567.96373104898726     
   323.81337523340039        567.95497846164130     
   323.30388805155701        567.94635900775609     
   322.76323344593618        567.93758007439419     
   322.19007121813303        567.92830713686124     
   321.58310726003839        567.91816568578463     
   320.94109015035593        567.90674517367120     
   320.26282461354913        567.89360167564894     
   319.54716366893257        567.87826219798637     
   318.79300666410967        567.86022808229143     
   317.99929288683944        567.83897841155044     
   317.16499286304264        567.81397280744500     
   316.28910104726617        567.78465381485239     
   315.37061246452413        567.75044877795858     
   314.40852537841306        567.71077063865619     
   313.40181999278002        567.66501868973455     
   312.34944773058049        567.61257835220624     
   311.25031951180580        567.55282061446644     
   310.10329433374403        567.48510100164424     
   308.90716895956484        567.40875825271473     
   307.66066805515999        567.32311265814963     
   306.36243526237746        567.22746437216892     
   305.01102447261889        567.12109131843522     
   303.60489200640387        567.00324727347368     
   302.14238874911808        566.87315990851789     
   300.62175292566235        566.73002870105086     
   299.04110237769572        566.57302300521451     
   297.39842722872515        566.40128019687234     
   295.69158236696694        566.21390392896274     
   293.91827973291811        566.00996248813431     
   292.07608079785098        565.78848762820655     
   290.16238859610951        565.54847331560779     
   288.17444005166294        565.28887509470030     
   286.10929843856030        565.00860980642392     
   283.96384635114384        564.70655589507658     
   281.73477945737898        564.38155437977582     
   279.41860175646855        564.03241077452458     
   277.01162288997165        563.65789801967264     
   274.50995872777838        563.25676076076468     
   271.90953631562837        562.82772131668935     
   269.20610577655049        562.36948763159648     
   266.39526065014235        561.88076363903645     
   263.47247147278051        561.36026264946850     
   260.43313536134360        560.80672429749688     
   257.27264924373588        560.21893563057108     
   253.98651128189076        559.59575726944013     
   250.57045968447818        558.93615506232584     
   247.02065603082349        558.23923800793091     
   243.33391893973339        557.50430239253615     
   239.50801010705652        556.73088175677867     
   235.54196703899461        555.91880129704202     
   231.43646551163130        555.06823360705937     
   227.19417746843328        554.17975147062089     
   222.82009109254517        553.25437227749489     
   218.32174425327605        552.29358759390095     
   213.70933952419782        551.29937220929332     
   208.99570941836345        550.27416525169417     
   204.19614182749004        549.22082268630334     
   199.32805403398558        548.14253635315879     
   194.41053338891791        547.04272331652578     
   189.46376893865207        545.92489382393524     
   184.50841014982109        544.79251073885337     
   179.56490616716255        543.64885591814698     
   174.65288374588408        542.49691826809646     
   169.79061645305239        541.33931334532713     
   164.99461911996005        540.17823813213624     
   160.27938449879463        539.01545944292491     
   155.65725647769872        537.85232991442558     
   151.13840233409465        536.68981829736742     
   146.73097971405090        535.52858072511401     
   142.44115354324299        534.36897662221463     
   138.27337576837621        533.21114743154862     
   134.23056505301346        532.05505882849548     
   130.31431296090940        530.90054406982972     
   126.52508194640978        529.74734084154966     
   122.86238845288059        528.59512147780413     
   119.32496830600056        527.44351712268758     
   115.91092316443965        526.29213642005391     
   112.61784847948691        525.14057964854453     
   109.44294400130784        523.98844907020384     
   106.38310852851954        522.83535627445508     
   103.43501998847707        521.68092716696117     
   100.59520358600336        520.52480561060474     
   97.860085698146548        519.36665345845950     
   95.226044108342762        518.20615416499732     
   92.689443710618079        517.04301118974217     
   90.246668043415866        515.87694821096750     
   87.894144054258803        514.70770859506160     
   85.628361632799297        513.53505470015318     
   83.445888769351583        512.35876710189223     
   81.343383027238900        511.17864377480191     
   79.317599948388221        509.99449931015272     
   77.365389633298335        508.80615789054963     
   75.483738859302150        507.61347807159774     
   73.669714259420857        506.41631320465950     
   71.920503220118619        505.21453699774270     
   70.233403675464274        504.00803659265500     
   68.605822673280315        502.79671184973529     
   67.035274447099084        501.58047482245428     
   65.519378097534485        500.35924932576597     
   64.055854697978148        499.13297044307240     
   62.642524447706755        497.90158414323582     
   61.277303219247024        496.66504687338335     
   59.958199228787777        495.42332518876975     
   58.683309499937316        494.17639534974711     
   57.450816461950410        492.92424300253055     
   56.258984386414895        491.66686278962499     
   55.106155946205313        490.40425803772490     
   53.990748834878559        489.13644041380502     
   52.911252441527544        487.86342960132981     
   51.866224612671886        486.58525298912053     
   50.854288565707776        485.30194536420953     
   49.874129803603488        484.01354857908899     
   48.924493262589280        482.72011127859213     
   48.004180546880299        481.42168864472973     
   47.112047170221018        480.11834204345564     
   46.246999951791416        478.81013872484328     
   45.407994734628517        477.49715168251009     
   44.594033844429966        476.17945921786003     
   43.804164043909061        474.85714485805698     
   43.037474162628527        473.53029686357053     
   42.293093291657613        472.19900818833065     
   41.570188744846824        470.86337615989231     
   40.867964177014926        469.52350215900248     
   40.185657925175043        468.17949151069683     
   39.522541268836051        466.83145314615388     
   38.877916927213185        465.47949947595021     
   38.251117425429626        464.12374601211189     
   37.641503846932451        462.76431139226793     
   37.048464279194143        461.40131685630558     
   36.471412697027553        460.03488634337833     
   35.909787653949799        458.66514611816245     
   35.363051092425110        457.29222455362697     
   34.830687334303178        455.91625205901977     
   34.312201892175175        454.53736059328833     
   33.807120754428112        453.15568432132204     
   33.314989050823058        451.77135820525461     
   32.835370448465007        450.38451865657049     
   32.367846202966042        448.99530320413078     
   31.912014326666924        447.60385021713489     
   31.467488869860585        446.21029883742011     
   31.033899159545598        444.81478879992000     
   30.610889121577006        443.41746027636538     
   30.198116656121758        442.01845375431009     
   29.795252899325064        440.61790981897167     
   29.401981742871939        439.21596908694056     
   29.017999218882366        437.81277208980242     
   28.643013005769010        436.40845904555027     
   28.276741816295186        435.00316982343958     
   27.918915023918998        433.59704378367428     
   27.569272109842426        432.19021961652521     
   27.227562313244015        430.78283538761059     
   26.893544151960413        429.37502832040491     
   26.566984998839878        427.96693460106991     
   26.247660797044183        426.55868949128501     
   25.935355613437704        425.15042704809662     
   25.629861284614350        423.74228010408513     
   25.330977162461288        422.33438019740504     
   25.038509764626070        420.92685750529563     
   24.752272475102650        419.51984072769073     
   24.472085266336606        418.11345703735651     
   24.197774404596249        416.70783195013240     
   23.929172213418337        415.30308931925958     
   23.666116847959628        413.89935129999145     
   23.408452009813960        412.49673821292293     
   23.156026762941579        411.09536855650936     
   22.908695317742804        409.69535891259710     
   22.666316771776980        408.29682389620132     
   22.428755001029788        406.89987618245772     
   22.195878419941035        405.50462641002082     
   21.967559813059850        404.11118315102925     
   21.743676166068983        402.71965288386593     
   21.524108501947502        401.33013998030077     
   21.308741735320581        399.94274663340269     
   21.097464497901353        398.55757286502723     
   20.890169026470009        397.17471653426134     
   20.686751011591092        395.79427328238421     
   20.487109432589452        394.41633626349562     
   20.291146587586965        393.04099722850663     
   20.098767740284103        391.66834483735141     
   19.909881160320541        390.29846584179268     
   19.724397980553665        388.93144470769306     
   19.542232087371399        387.56736366819734     
   19.363300021563727        386.20630271334312     
   19.187520882837259        384.84833959819247     
   19.014816238585841        383.49354984881165     
   18.845110030588934        382.14200675683378     
   18.678328494257634        380.79378138804776     
   18.514400083700952        379.44894269476163     
   18.353255391542078        378.10755738504048     
   18.194827052978102        376.76968996937939     
   18.039049704830614        375.43540286417226     
   17.885859899942641        374.10475633881077     
   17.735196076781641        372.77780887896853     
   17.586998365995814        371.45461591253297     
   17.441208724738555        370.13523177269605     
   17.297770747763824        368.81970843361609     
   17.156629643541962        367.50809585505607     
   17.017732180561580        366.20044201291620     
   16.881026635349823        364.89679292653580     
   16.746462746169314        363.59719272038893     
   16.613991654969890        362.30168356837697     
   16.483565868673782        361.01030578701574     
   16.355139213550281        359.72309785796926     
   16.228666793050166        358.44009646279170     
   16.104104945669857        357.16133650872325     
   15.981411205537297        355.88685116203322     
   15.860544262143106        354.61667186947864     
   15.741463931031589        353.35082844493576     
   15.624131108162246        352.08934903441974     
   15.508507723150879        350.83225999849157     
   15.394556755005294        349.57958641280374     
   15.282242154293744        348.33135168437707     
   15.171528829051578        347.08757773289824     
   15.062382612905516        345.84828500042858     
   14.954770233948510        344.61349245470359     
   14.848659287711536        343.38321763869334     
   14.744018224043781        342.15747681759626     
   14.640816307464481        340.93628488353994     
   14.539023594996403        339.71965540745856     
   14.438610911050661        338.50760066377751     
   14.339549830477424        337.30013174332464     
   14.241812650048589        336.09725849848206     
   14.145372375924737        334.89898965998253     
   14.050202695711279        333.70533281426958     
   13.956277958061346        332.51629442347831     
   13.863573151506808        331.33187984032298     
   13.772063893904365        330.15209341691178     
   13.681726411814051        328.97693850879068     
   13.592537518843104        327.80641748164510     
   13.504474600070983        326.64053171764084     
   13.417515599680353        325.47928171479401     
   13.331639001261969        324.32266708271499     
   13.246823814465733        323.17068656049366     
   13.163049559734393        322.02333806551337     
   13.080296253417206        320.88061870392789     
   12.998544394406963        319.74252480660431     
   12.917774949169740        318.60905193797481     
