   47.326235308428870        64.314490046515729     
   47.326235308428870        64.314490046515729     
   47.326235308428870        64.314490046515729     
   47.326235308428870        64.314490046515729     
   47.326235308428558        64.314490046515573     
   47.326235308390942        64.314490046496772     
   47.326235307206765        64.314490045905202     
   47.326235291404238        64.314490038010590     
   47.326235173501964        64.314489979107009     
   47.326234590192861        64.314489687668868     
   47.326232452244795        64.314488619363587     
   47.326226195577448        64.314485492394496     
   47.326210791935054        64.314477791781457     
   47.326177671290509        64.314461227773492     
   47.326113743567184        64.314429241542854     
   47.326000664410429        64.314372628939452     
   47.325814469468376        64.314279347019138     
   47.325525555279334        64.314134487891465     
   47.325098997901648        64.313920415889967     
   47.324495117378596        64.313617016889239     
   47.323670194414781        64.313202007868014     
   47.322577244797905        64.312651254615446     
   47.321166801520768        64.311939073092276     
   47.319387598340690        64.311038458424193     
   47.317187238722248        64.309921301650704     
   47.314512737734049        64.308558538822709     
   47.311311058276338        64.306920318546190     
   47.307529581425570        64.304976162878290     
   47.303116594643512        64.302695183553965     
   47.298021770347894        64.300046340672679     
   47.292196665304722        64.296998767121522     
   47.285595216189265        64.293522141599126     
   47.278174242586957        64.289587109916695     
   47.269893917702191        64.285165725569826     
   47.260718204568093        64.280231896606807     
   47.250615223646157        64.274761808524175     
   47.239557555646684        64.268734314848530     
   47.227522444013928        64.262131265326701     
   47.214491909580737        64.254937769997326     
   47.200452760386867        64.247142382264400     
   47.185396502103657        64.238737200521868     
   47.169319149896339        64.229717884784392     
   47.152220959376258        64.220083596665546     
   47.134106069069091        64.209836859125033     
   47.114982088724481        64.198983355533485     
   47.094859618836814        64.187531663186050     
   47.073751733919060        64.175492940220394     
   47.051673434186895        64.162880575243562     
   47.028641068271192        64.149709797343107     
   47.004671757457324        64.135997275482424     
   46.979782804749505        64.121760695078848     
   46.953991117860816        64.107018332677526     
   46.927312640370985        64.091788628409631     
   46.899761802562423        64.076089764795611     
   46.871350985901643        64.059939250478109     
   46.842090025021598        64.043353524248374     
   46.811985702070352        64.026347559037717     
   46.781041380234846        64.008934527914235     
   46.749256463895200        63.991125409222263     
   46.716626079723390        63.972928686711491     
   46.683140694691218        63.954350033540990     
   46.648785778325148        63.935392022388157     
   46.613541492191942        63.916053855041739     
   46.577382404079977        63.896331110341130     
   46.540277226913275        63.876215511811573     
   46.502188575868068        63.855694705546945     
   46.463072747785979        63.834752059932875     
   46.422879515889974        63.813366478062825     
   46.381551951747809        63.791512223013839     
   46.339026245839769        63.769158752780470     
   46.295231552672234        63.746270570068383     
   46.250089841323245        63.722807076449108     
   46.203515763310342        63.698722442416639     
   46.155416524926110        63.673965480062840     
   46.105691779013796        63.648479530496992     
   46.054233516812872        63.622202353032790     
   46.000925986075544        63.595066032133744     
   45.945645609126615        63.566996882180476     
   45.888260931310910        63.537915378721088     
   45.828632583065975        63.507736087332660     
   45.766613285086457        63.476367635096040     
   45.702047860634565        63.443712669811056     
   45.634773313144443        63.409667869932917     
   45.564618950845457        63.374123979963322     
   45.491406556830128        63.336965871486235     
   45.414950648461158        63.298072661667618     
   45.335058826792945        63.257317886971265     
   45.251532189508552        63.214569712710450     
   45.164165891235477        63.169691240805214     
   45.072749794346883        63.122540867076054     
   44.977069241081558        63.072972725858975     
   44.876905986934489        63.020837235047374     
   44.772039203098714        62.965981685825298     
   44.662246635918336        62.908250949861184     
   44.547305835655493        62.847488229962991     
   44.426994910777360        62.783535578751831     
   44.301095973429980        62.716235909401348     
   44.169393323137449        62.645432128302232     
   44.031676705715263        62.570969082997472     
   43.887741915462286        62.492694053736706     
   43.737391683344249        62.410457413453045     
   43.580436987932494        62.324113533810483     
   43.416694832401419        62.233519678556767     
   43.245992258694642        62.138538450203690     
   43.068163431615538        62.039036286956659     
   42.883049759391994        61.934883659198654     
   42.690499034977798        61.825954710197870     
   42.490364331852192        61.712126725789069     
   42.282502732433208        61.593279491196228     
   42.066773921287904        61.469294549928883     
   41.843038714268097        61.340054405052868     
   41.611158827423942        61.205442440780509     
   41.370990873295696        61.065339393373421     
   41.122391492657457        60.919626431493150     
   40.865212205409364        60.768182116470506     
   40.599299345657528        60.610882377504069     
   40.324493274511305        60.447600056124642     
   40.040627787410564        60.278204568327766     
   39.747529745140412        60.102561706134225     
   39.445018925855578        59.920533579908813     
   39.132908113744961        59.731978715559393     
   38.811003435034891        59.536752313285319     
   38.479104952291095        59.334706680044100     
   38.137007541336828        59.125691848248138     
   37.784502047208349        58.909556398508123     
   37.421376853966777        58.686148523487006     
   37.047419761613412        58.455317330151352     
   36.662420340083564        58.216914438143718     
   36.266172746502583        57.970795879789101     
   35.858479128100733        57.716824374976262     
   35.439153578281882        57.454871951295310     
   35.008026851014776        57.184823036808112     
   34.564951711898722        56.906577932694994     
   34.109809111942383        56.620056777355920     
   33.642515125659898        56.325203952206436     
   33.163028619650369        56.021992883605812     
   32.671359615968314        55.710431217489095     
   32.167578167984090        55.390566215535920     
   31.651823547987643        55.062490239305092     
   31.124313458121673        54.726346121352819     
   30.585352846804042        54.382332136536718     
   30.035341970253096        54.030706337178870     
   29.474783232438455        53.671789980142414     
   28.904285778792648        53.305969266003537     
   28.324568923478743        52.933696418501498     
   27.736462023842527        52.555488211252410     
   27.140902092841539        52.171923129102971     
   26.538928502044367        51.783636708104943     
   25.931674796211215        51.391315207462064     
   25.320358329717454        50.995688053723882     
   24.706267089478768        50.597518963340633     
   24.090745039306103        50.197596462075033     
   23.475172510938645        49.796721729219598     
   22.860962621267014        49.395707304788530     
   22.249522207117941        48.995353393255996     
   21.642248047472897        48.596447356781383     
   21.040505256341053        48.199752060354378     
   20.445609947619090        47.805997190746687     
   19.858813022383675        47.415871388996919     
   19.281285467381878        47.030015317640022     
   18.714105612288094        46.649015820700704     
   18.158248627681193        46.273401261420268     
   17.614578598650546        45.903638170123436     
   17.083843253279003        45.540129203044835     
   16.566671406283000        45.183212433829375     
   16.063573013665149        44.833161913697055     
   15.574941620601006        44.490189391155020     
   15.101058916757104        44.154447050108118     
   14.642101043614845        43.826031090138954     
   14.198146238690649        43.504985949439465     
   13.769183473751751        43.191308997107022     
   13.355121666978318        42.884955490185440     
   12.955799160427567        42.585843640605937     
   12.570993162882138        42.293859647248908     
   12.200428916940524        42.008862548806221     
   11.843788420234722        41.730688856959908     
   11.500718562125243        41.459156860264152     
   11.170838575530839        41.194070559841435     
   10.853746790130780        40.935223239744843     
   10.549026626160396        40.682400627711907     
   10.256251877132700        40.435383684076413     
   9.9749912845700379        40.193951010768089     
   9.7048124642308657        39.957880922987307     
   9.4452852144719373        39.726953185525666     
   9.1959842785436301        39.500950469273128     
   8.9564916205934004        39.279659541974389     
   8.7263968272359378        39.062870954242761     
   8.5053043208745880        38.850384955297535     
   8.2928255872065844        38.642004157497972     
   8.0885860323016239        38.437539316698015     
   7.8922240432062711        38.236808298205688     
   7.7033912903337161        38.039636192599779     
   7.5217529888555221        37.845855515336929     
   7.3469878185125888        37.655306052578140     
   7.1787879264998349        37.467834923101783     
   7.0168587224565844        37.283296439931135     
   6.8609186301535878        37.101551969118546     
   6.7106987650675487        36.922469752141360     
   6.5659425805350420        36.745924706794483     
   6.4264054690339218        36.571798207910255     
   6.2918543540260359        36.399977865378766     
   6.1620672364418114        36.230357263264686     
   6.0368327726598823        36.062835740315037     
   5.9159498212157047        35.897318135319189     
   5.7992270018629961        35.733714546677824     
   5.6864822498707399        35.571940084976852     
   5.5775423909679658        35.411914638226868     
   5.4722427259276261        35.253562649601051     
   5.3704266139177683        35.096812883816924     
   5.2719450787910587        34.941598206295772     
   5.1766564385938665        34.787855390682672     
   5.0844259233989648        34.635524892393079     
   4.9951253411366832        34.484550678800701     
   4.9086327269753678        34.334880022246310     
   4.8248320389265373        34.186463342656346     
   4.7436128347708229        34.039254016384383     
   4.6648699926085149        33.893208231501028     
   4.5885034303275436        33.748284823141510     
   4.5144178458715949        33.604445136297500     
   4.4425224659719724        33.461652878453393     
   4.3727308064314876        33.319873989743122     
   4.3049604552529450        33.179076515131236     
   4.2391328466848774        33.039230479134716     
   4.1751730765850592        32.900307785628144     
   4.1130097030427715        32.762282103445237     
   4.0525745698010347        32.625128764013766     
   3.9938026349695246        32.488824670000419     
   3.9366318124053765        32.353348196677445     
   3.8810028188079269        32.218679113673652     
   3.8268590227295380        32.084798484438771     
   3.7741463176591332        31.951688608274736     
   3.7228129934376959        31.819332941445580     
   3.6728096112404165        31.687716024853835     
   3.6240888899533821        31.556823413723933     
   3.5766055987998411        31.426641626965552     
   3.5303164559016871        31.297158082713555     
   3.4851800273436337        31.168361035679549     
   3.4411566412027703        31.040239534499790     
   3.3982082905879736        30.912783342975079     
   3.3562985774175060        30.785982975937138     
   3.3153926025273694        30.659829549282190     
   3.2754569106555733        30.534314793932847     
   3.2364594128401163        30.409430991037016     
   3.1983693322707465        30.285170966638365     
   3.1611571334257555        30.161528036214662     
   3.1247944668585568        30.038495973674859     
   3.0892541089256498        29.916068968219683     
   3.0545099156221913        29.794241614882431     
   3.0205367646045858        29.673008857452572     
   2.9873105202355781        29.552366011039570     
   2.9548079759918378        29.432308682657045     
   2.9230068213563087        29.312832787292795     
   2.8918855931717973        29.193934498346625     
   2.8614236324248750        29.075610187835792     
   2.8316010670035783        28.957856509212125     
   2.8023987776666934        28.840670348407805     
   2.7737983416930083        28.724048745187993     
   2.7457820087405653        28.607988884822230     
   2.7183326901774882        28.492488157253312     
   2.6914339136679617        28.377544079311470     
   2.6650698009308651        28.263154296851454     
   2.6392250420468009        28.149316570947619     
   2.6138848722279846        28.036028768164133     
   2.5890350482542908        27.923288847706363     
   2.5646618273468857        27.811094853196952     
   2.5407519458168046        27.699444899341113     
   2.5172925935810366        27.588337143917695     
   2.4942714140544853        27.477769849480982     
   2.4716764619384888        27.367741282748558     
   2.4494962004513341        27.258249761208024     
   2.4277194818425518        27.149293635209236     
   2.4063355318844462        27.040871281397887     
   2.3853339376966436        26.932981108216442     
   2.3647046215585807        26.825621498432970     
   2.3444378469921343        26.718790889471986     
   2.3245241915697807        26.612487706748272     
   2.3049545394385058        26.506710381274914     
   2.2857200677881839        26.401457337260418     
   2.2668122361722229        26.296726991265437     
   2.2482227767728329        26.192517752421875     
