   8088153109149712.70344528452155438356      
   8088153109149713.64670212860223088951      
   8088153109149712.11036243784688655380      
   8088153109149687.38474388557139598682      
   8088153109149567.34073900084653480948      
   8088153109149170.68586583182441814618      
   8088153109148132.25698426880646605547      
   8088153109145831.94144101966893635903      
   8088153109141355.40083058071216696224      
   8088153109133507.48954983145690385542      
   8088153109120879.37186239321217944790      
   8088153109101950.65746437277701785720      
   8088153109075199.06602756135365034189      
   8088153109039193.53061953340285015861      
   8088153108992656.68961010511412369674      
   8088153108934493.65220329142769247269      
   8088153108863791.57768668019342997270      
   8088153108779798.39391570501891334799      
   8088153108681889.33245362967836016976      
   8088153108569528.49496582849291726001      
   8088153108442230.07107358166421922242      
   8088153108299522.07049911351102279827      
   8088153108140912.76702927251354041226      
   8088153107965858.58834277392101179318      
   8088153107773732.42895471040525666191      
   8088153107563789.38013405588514112034      
   8088153107335127.89875202413183140869      
   8088153107086643.97604509326583903991      
   8088153106816975.52397680938972425284      
   8088153106524436.09976898925425228826      
   8088153106206936.22724419405867101514      
   8088153105861890.41255954720714842470      
   8088153105486108.49121533663605021665      
   8088153105075671.04827735832167810801      
   8088153104625787.47121208158053258346      
   8088153104130637.20642270941861407072      
   8088153103583191.03002031899304829186      
   8088153102975015.28160003528636288420      
   8088153102296052.59696796244426983923      
   8088153101534365.12527654324718063249      
   8088153100675896.00060681623877222729      
   8088153099704164.45129203534502014116      
   8088153098599951.96983515977490910697      
   8088153097340959.58087086212343334943      
   8088153095901450.02041401408249024930      
   8088153094251831.85165668778622312125      
   8088153092358210.83823502983168521763      
   8088153090181929.75452253945204549555      
   8088153087679124.65790162396230602616      
   8088153084800171.11112135050477078835      
   8088153081489073.25652744385221758466      
   8088153077683018.32052887385270672355      
   8088153073311779.50489782195009548331      
   8088153068297081.74305377987202997359      
   8088153062552219.32686211867803733125      
   8088153055981474.40833649504095943274      
   8088153048479765.22454475556663816040      
   8088153039932348.25466717938939034769      
   8088153030214581.32925956485182506644      
   8088153019191987.28879179135910131027      
   8088153006720301.27741574927823843891      
   8088152992645757.09704014581552290134      
   8088152976805899.30201384492434973830      
   8088152959030346.64468665364677925789      
   8088152939142736.19941954600818337200      
   8088152916963339.44992490408140787921      
   8088152892313591.73254427384627867400      
   8088152865022384.17871483412796861957      
   8088152834934366.87765373441543987482      
   8088152801918151.19623793554986100098      
   8088152765869524.73815942464392986146      
   8088152726705447.54204236069637412067      
   8088152684347554.15968321398917672063      
   8088152638704800.20578457085257630468      
   8088152589665406.69464380514580446359      
   8088152537101252.49435498124205044107      
   8088152480877735.75817495142354442757      
   8088152420862233.71011167582586018354      
   8088152356927218.59531793367453928606      
   8088152288950571.55669567609609899115      
   8088152216813940.76159236439222187040      
   8088152140400233.28822865955552125303      
   8088152059593096.41544895929938667738      
   8088151974274199.11475077245461735680      
   8088151884323993.31574449640863857733      
   8088151789620372.35061752211839082409      
   8088151690039421.46782205621864739447      
   8088151585453637.35863925060445612115      
   8088151475733634.93840451003967622831      
   8088151360747222.70473125433707286148      
   8088151240360287.38569243968714572984      
   8088151114435734.22274972941379040520      
   8088150982834697.54837573385720624237      
   8088150845415672.18244377007067461103      
   8088150702035430.66090360315279798268      
   8088150552548188.85716635340394792524      
   8088150396806479.17031766450155416941      
   8088150234660619.01476769623802314229      
   8088150065959067.85170735708849145545      
   8088149890548333.45228006351482420537      
   8088149708272970.30815033409980997336      
   8088149518975736.89773118552327652291      
   8088149322497383.08022146440918215618      
   8088149118676820.39313328660823105599      
   8088148907351114.14685227164931121020      
   8088148688355567.59731905593393764663      
   8088148461523582.29267109523649761666      
   8088148226686806.31562023698771629089      
   8088147983675029.31540373827896117740      
   8088147732316255.01178937789624036076      
   8088147472436654.56044951295157348532      
   8088147203860617.90459215764298745756      
   8088146926410725.15872462858177791966      
   8088146639907710.74185397932181755543      
   8088146344170484.71018767430204884743      
   8088146039016246.85292432073836854656      
   8088145724260280.83641611113150410913      
   8088145399716172.05935547760880642131      
   8088145065195571.05068611530430247505      
   8088144720508469.18713306460415354230      
   8088144365462883.75312542076271187137      
   8088143999865166.26427155696235318360      
   8088143623519739.63093157488777430828      
   8088143236229292.83702555280057191773      
   8088142837794616.67392811536120532118      
