   8088153109145688.35659690609798108500      
   8088153109141090.32360299664209060243      
   8088153109133062.68787023311716970816      
   8088153109120189.39142204273698916889      
   8088153109100947.69879418574898166747      
   8088153109073817.57796415808112365162      
   8088153109037373.66903405340144738670      
   8088153108990346.28198102413658490163      
   8088153108931648.74125705024395734197      
   8088153108860375.85649455450277319022      
   8088153108775781.92822904823119199106      
   8088153108677246.92719354346442442276      
   8088153108564237.96924462815714600063      
   8088153108436270.59615719335273952267      
   8088153108292872.63296142374278277932      
   8088153108133550.73913443507570012348      
   8088153107957758.34088807168579900522      
   8088153107764863.88686300205033636364      
   8088153107554116.42963554099927956254      
   8088153107324606.53334548570143111828      
   8088153107075220.06244876187732991378      
   8088153106804582.12031534118250340661      
   8088153106510990.26639701472846855166      
   8088153106192335.22519389893576936303      
   8088153105846007.33941931826739617228      
   8088153105468786.90291767766617851178      
   8088153105056719.35837529156898540079      
   8088153104604972.17116288771760551895      
   8088153104107675.44915634520073073350      
   8088153103557742.33823789589132714252      
   8088153102946672.32258565983559571010      
   8088153102264330.86732493958130761017      
   8088153101498692.22565901432522505500      
   8088153100635598.97101798789595994161      
   8088153099658456.58212027217250588134      
   8088153098547918.20927728204699098773      
   8088153097281541.71056534763667197722      
   8088153095833427.92151161256713186396      
   8088153094173806.33729328917896178250      
   8088153092268581.90867873816847951913      
   8088153090078878.93365332648450004294      
   8088153087560591.17093044120849977020      
   8088153084663824.85126537225004165078      
   8088153081332301.11652932101141093464      
   8088153077502875.17569498548348437897      
   8088153073104995.54813083492576726834      
   8088153068060017.61662626723983240875      
   8088153062280852.57292701563276816901      
   8088153055671372.36959475751706190316      
   8088153048126079.74508228876123265647      
   8088153039529796.79803363002944528639      
   8088153029757447.19052225852986497037      
   8088153018674114.34796132125385574770      
   8088153006135095.08177455815669374718      
   8088152991986273.65882530698725255778      
   8088152976064776.03104819823470122454      
   8088152958199922.48445180265249638239      
   8088152938215135.04287323687749728524      
   8088152915930625.29773245338575794749      
   8088152891168017.21524796556422001997      
   8088152863756704.24299599365135366499      
   8088152833542254.91159337814283496627      
   8088152800394431.08064776523510978901      
   8088152764210207.29689308784512468114      
   8088152724907111.71556191249855035947      
   8088152682406532.05525676083010193623      
   8088152636616628.99578530074632671133      
   8088152587424726.40896236699673965079      
   8088152534702173.02796216132604988861      
   8088152478314361.66586381115316740833      
   8088152418128825.34343653810220751456      
   8088152354018264.91014514432108056200      
   8088152285860819.37882395435464834722      
   8088152213538208.31361098515047780219      
   8088152136933476.84386006070907854364      
   8088152055929975.59571553017221764038      
   8088151970409564.54202705807906231827      
   8088151880252511.73936706589608475627      
   8088151785336637.17708579638391062829      
   8088151685537886.52473816086533138763      
   8088151580728640.28497021363328936278      
   8088151470779413.50379977097292516323      
   8088151355557902.46393052713701208624      
   8088151234929895.70549240088656415843      
   8088151108758186.58883850326314345069      
   8088150976903817.95604353813305868737      
   8088150839225178.51535063495436575411      
   8088150695578963.89180762447149748706      
   8088150545819279.70933174066291195935      
   8088150389798581.22864540037421290323      
   8088150227367094.73890613979329906099      
   8088150058373191.39945157104768458899      
   8088149882663304.67747094339187456484      
   8088149700081894.18648074005391178636      
   8088149510471641.91679333094524699185      
   8088149313673209.05330399854675284526      
   8088149109525428.79301427973323129327      
   8088148897865280.89968588493531794978      
   8088148678527997.61007674310299215854      
   8088148451346892.01674269674831667214      
   8088148216153539.35161245869864121965      
   8088147972777640.71545921100365026963      
   8088147721047132.20592986457129702424      
   8088147460788090.38041740821258317792      
   8088147191824837.93237719411290890994      
   8088146913979865.91004736044129096433      
   8088146627073837.59404606114636870559      
   8088146330925574.38432928880492450967      
   8088146025352207.86851840093248934560      
   8088145710168929.78356548423516702087      
   8088145385189254.58404377701844289138      
   8088145050224751.02570857642733989906      
   8088144705085326.66067811390555410741      
   8088144349578928.11488182580164541836      
   8088143983511813.29201476543176518516      
   8088143606688339.04147731991706347064      
   8088143218911102.78666580346570713460      
   8088142819980825.37946017300920257924      
   8088142409696476.80146370197463718925      
   8088141987855142.53049696876785512427      
   8088141554252123.58706739378699842637      
   8088141108680886.17979724038240304552      
   8088140650933070.47392136758707142929      
   8088140180798488.93549721156621400402      
   8088139698065138.28983705220097409280      
