   330.83792827168043        568.35350354919342     
   330.83792827168043        568.35350354919342     
   330.83792827168043        568.35350354919342     
   330.83792827168043        568.35350354919342     
   330.83792827167883        568.35350354919342     
   330.83792827146920        568.35350354919353     
   330.83792826446393        568.35350354919967     
   330.83792816722706        568.35350354928164     
   330.83792742166969        568.35350354988509     
   330.83792365998994        568.35350355269406     
   330.83790967075100        568.35350356156130     
   330.83786827698236        568.35350358014875     
   330.83776549058905        568.35350359814333     
   330.83754297960013        568.35350355394917     
   330.83711115905470        568.35350326468506     
   330.83634393673145        568.35350230097663     
   330.83507601278717        568.35349984139430     
   330.83310260615281        568.35349444422388     
   330.83018156715355        568.35348374425791     
   330.82603724370830        568.35346400275262     
   330.82036544950796        568.35342943981743     
   330.81283886892976        568.35337127978232     
   330.80311253847020        568.35327651376292     
   330.79082865012401        568.35312633486160     
   330.77562126406065        568.35289449798324     
   330.75712011114933        568.35254560753674     
   330.73495437271737        568.35203369619546     
   330.70875596769855        568.35130115557160     
   330.67816297404971        568.35027830977936     
   330.64282297757342        568.34888364588176     
   330.60239657449586        568.34702481416184     
   330.55656084836875        568.34460033933738     
   330.50501292009920        568.34150195580878     
   330.44747329671657        568.33761744631454     
   330.38368898374461        568.33283381411968     
   330.31343616511572        568.32704060506728     
   330.23652243894713        568.32013323596971     
   330.15278839740199        568.31201615352848     
   330.06210861262531        568.30260571299971     
   329.96439193019779        568.29183265788708     
   329.85958110180502        568.27964415410224     
   329.74765175884136        568.26600532423095     
   329.62861086406997        568.25090027606882     
   329.50249457264744        568.23433262632636     
   329.36936575412085        568.21632555698829     
   329.22931106597798        568.19692143931684     
   329.08243780137411        568.17618106452562     
   328.92887054972670        568.15418258238469     
   328.76874768035151        568.13102010017917     
   328.60221781609818        568.10680211523572     
   328.42943633306697        568.08164980146069     
   328.25056181124768        568.05569511758301     
   328.06575266949420        568.02907889889900     
   327.87516388306500        568.00194889859551     
   327.67894382737234        567.97445782698446     
   327.47723134264879        567.94676143611491     
   327.27015291351984        567.91901664053296     
   327.05782005635905        567.89137971715252     
   326.84032689299272        567.86400458469063     
   326.61774789052794        567.83704117623415     
   326.39013578621723        567.81063390746567     
   326.15751967059674        567.78492024865318     
   325.91990323221808        567.76002939160242     
   325.67726293669483        567.73608104159166     
   325.42954731150405        567.71318421443766     
   325.17667449355719        567.69143627160668     
   324.91853164173642        567.67092192004566     
   324.65497362912942        567.65171233907836     
   324.38582192578019        567.63386436025394     
   324.11086351878811        567.61741977262523     
   323.82984998811105        567.60240456266331     
   323.54249653184593        567.58882836339660     
   323.24848091971518        567.57668376429297     
   322.94744265758413        567.56594585317498     
   322.63898200009379        567.55657163799469     
   322.32265894867982        567.54849956288160     
   321.99799229012274        567.54164902458433     
   321.66445852609337        567.53591988286735     
   321.32149081010539        567.53119202894936     
   320.96847777050777        567.52732481512044     
   320.60476236579507        567.52415671839071     
   320.22964070435904        567.52150479977058     
   319.84236061983449        567.51916414537050     
   319.44212051431282        567.51690746369411     
   319.02806795783954        567.51448449649422     
   318.59929843738183        567.51162153848156     
   318.15485402793320        567.50802082327061     
   317.69372229794823        567.50336005098131     
   317.21483538681701        567.49729189169568     
   316.71706889935416        567.48944328252571     
   316.19924179044727        567.47941517152185     
   315.66011613538637        567.46678202498981     
   315.09839758412659        567.45109143975253     
   314.51273655197093        567.43186402201059     
   313.90173013784198        567.40859328787974     
   313.26392515871896        567.38074588827885     
   312.59782206330232        567.34776196157759     
   311.90188039179287        567.30905591274325     
   311.17452565936037        567.26401759732471     
   310.41415726730258        567.21201363272041     
   309.61915855660504        567.15238955770974     
   308.78790780228178        567.08447219429013     
   307.91879074305695        567.00757268448899     
   307.01021395829525        566.92098980375692     
   306.06061859865349        566.82401381158525     
   305.06848983223807        566.71592982404059     
   304.03238732332687        566.59602490330951     
   302.95093565781212        566.46358898016513     
   301.82283165823617        566.31791846783779     
   300.64687510736809        566.15832393732512     
   299.42195319090024        565.98413016273093     
   298.14704466631332        565.79467925516190     
   296.82121574777153        565.58933218243135     
   295.44361263483626        565.36746943198455     
   294.01344957948197        565.12849051891283     
   292.53000370118184        564.87181445455064     
   290.99258582163242        564.59687516132021     
   289.40054050568762        564.30312228892956     
   287.75322391489402        563.99001727750203     
   286.05000020283353        563.65703300613677     
   284.29019503813947        563.30364388283067     
   282.47313211791902        562.92933376674273     
   280.59809443896722        562.53358742233343     
   278.66432380551925        562.11589029383526     
   276.67101606238924        561.67572720310341     
   274.61731774487089        561.21258154251689     
   272.50232484134000        560.72593499131688     
   270.32508339155822        560.21526776271776     
   268.08459162737654        559.68005942301124     
   265.77980390613618        559.11979027055247     
   263.40963617339384        558.53394332901678     
   260.97297321064377        557.92200694453322     
   258.46867739399011        557.28347802853762     
   255.89559946174330        556.61786602866812     
   253.25259138528304        555.92469750335772     
   250.53852127949426        555.20352154166449     
   247.75229079454220        554.45391591759449     
   244.89285523286827        553.67549398257790     
   241.95924679961834        552.86791242884078     
   238.95060078404009        552.03087971590014     
   235.86618542021066        551.16416525622003     
   232.70543509675579        550.26760914230533     
   229.46798795203722        549.34113278141160     
   226.15372382842747        548.38474737977708     
   222.76281142565290        547.39856694214620     
   219.29575204309768        546.38281611172852     
   215.75342817681806        545.33783932919619     
   212.13715208497948        544.26410795544632     
   208.44871379092896        543.16222528051924     
   204.69042660931285        542.03292875788793     
   200.86516848291708        540.87708891989212     
   196.97641730596476        539.69570461479827     
   193.02827801180149        538.48989414749042     
   189.02550010320510        537.26088250216287     
   184.97348361853520        536.00998478888664     
   180.87827250603610        534.73858658037318     
   176.74653475949617        533.44812198515115     
   172.58550380551543        532.14004354048802     
   168.40302835460659        530.81582743394620     
   164.20735979841004        529.47690832963940     
   160.00717613263694        528.12468853583391     
   155.81146638776605        526.76051365403248     
   151.62942785519800        525.38565893012992     
   147.47035359621248        524.00131889794773     
   143.34351181352289        522.60860057009256     
   139.25802086629758        521.20851957745163     
   135.22272366195463        519.80199878498138     
   131.24606560639276        518.38986905936827     
   127.33598087127551        516.97287137845115     
   123.49979084883087        515.55166019027308     
   119.74411887068567        514.12680735709250     
   116.07482374453767        512.69880668842973     
   112.49695392766121        511.26807877576096     
   109.01472294686427        509.83497599202855     
   105.63150537965480        508.39978775592999     
   102.34985185705010        506.96274583689927     
   99.171520720738485        505.52402974150158     
   96.097523488443258        504.08377222053110     
   93.128180924040521        502.64206462087282     
   90.263186495649052        501.19896225502163     
   87.501674457643261        499.75448955295354     
   84.842289623942278        498.30864499343795     
   82.283256863199185        496.86140582497933     
   79.822448069490207        495.41273232847863     
   77.457445755116652        493.96257186703650     
   75.185601750528406        492.51086241786709     
   73.004090879026663        491.05753580339535     
   70.909958901740751        489.60252046347648     
   68.900164981836880        488.14574392533399     
   66.971618574082441        486.68713485685396     
   65.121210849114462        485.22662451124341     
   63.345842378721812        483.76414919639899     
   61.642444258492084        482.29964994633883     
   60.007986466073071        480.83306615402000     
   58.439536710788374        479.36436965212835     
   56.934203773367294        477.89351390217655     
   55.489193037914909        476.42046900015902     
   54.101801370872053        474.94521339019991     
   52.769421416970133        473.46773371899206     
   51.489544522209734        471.98802493429491     
   50.259762294836484        470.50609024940167     
   49.077766645134673        469.02194084069998     
   47.941349395179806        467.53559581882041     
   46.848400826331243        466.04708201777936     
   45.796907676638092        464.55643368884358     
   44.784950666154820        463.06369223904375     
   43.810701732459087        461.56890595845675     
   42.872420936936756        460.07212971541736     
   41.968453258733028        458.57342467506334     
   41.097225135392165        457.07285785746848     
   40.257241125292225        455.57050189503133     
   39.447080549533062        454.06643481128049     
   38.665394005474546        452.56073960586832     
   37.910900058450437        451.05350398825783     
   37.182381933177794        449.54482001951868     
   36.478684381450314        448.03478392239674     
   35.798710526172556        446.52349570011881     
   35.141418955587746        445.01105889864499     
   34.505820799169520        443.49758035226364     
   33.890976971018013        441.98316981000232     
   33.295995633226511        440.46793983874716     
   32.720029598895238        438.95200544844300     
   32.162274009714331        437.43548391054861     
   31.621964033785655        435.91849449543207     
   31.098372737341023        434.40115828848394     
   30.590809050570247        432.88359794621158     
   30.098615805830050        431.36593749859748     
   29.621167883999494        429.84830203222327     
   29.157870529536009        428.33081762993879     
   28.708157730849837        426.81361117863707     
   28.271490615026838        425.29681014569667     
   27.847356038818187        423.78054238949778     
   27.435265195052356        422.26493605730371     
   27.034752296154313        420.75011936175457     
   26.645373368286020        419.23622044746139     
   26.266705066098556        417.72336720986806     
   25.898343581068939        416.21168712819548     
   25.539903585511148        414.70130693645098     
   25.191017472586744        413.19235361290805     
   24.851334093372394        411.68495247222694     
   24.520518120665592        410.17922822423111     
   24.198249173027019        408.67530460840601     
   23.884221069818576        407.17330423738946     
   23.578141069983637        405.67334850976169     
   23.279729208839086        404.17555750365995     
   22.988717642205948        402.68004987168666     
   22.704850041892648        401.18694278717999     
   22.427881020288531        399.69635185273955     
   22.157575575829206        398.20839097905906     
   21.893708588883054        396.72317235212785     
   21.636064335609912        395.24080635761959     
   21.384436078786049        393.76140188448306     
   21.138625422909389        392.28506473459049     
   20.898442212878670        390.81189986884851     
   20.663703957725570        389.34200981863535     
   20.434235496172906        387.87549502902709     
   20.209868665088866        386.41245385434740     
   19.990441949393492        384.95298241923734     
   19.775800189387414        383.49717463388157     
   19.565794273869741        382.04512223330909     
   19.360280877768250        380.59691464477407     
   19.159122173781515        379.15263900864539     
   18.962185622140321        377.71238014176123     
   18.769343671365142        376.27622053891929     
   18.580473590575693        374.84424033876400     
   18.395457228776877        373.41651735055353     
   18.214180813971133        371.99312701547694     
   18.036534778398284        370.57414248342729     
   17.862413515998171        369.15963430827895     
   17.691715294741897        367.74967089404441     
   17.524342035574481        366.34431822458714     
   17.360199169198708        364.94363991069389     
   17.199195482381402        363.54769723591789     
   17.041242975639484        362.15654903252897     
   16.886256772936090        360.77025212757957     
   16.734154907945559        359.38886074661349     
   16.584858261060191        358.01242690792958     
   16.438290430780945        356.64100038469508     
   16.294377620376217        355.27462868769732     
   16.153048533238007        353.91335711326474     
   16.014234272743323        352.55722878126619     
   15.877868244577980        351.20628463265581     
   15.743886066492045        349.86056347781613     
   15.612225476675755        348.52010197716680     
   15.482826260803376        347.18493475953017     
   15.355630163162379        345.85509439065044     
   15.230580815038696        344.53061144580488     
   15.107623655762787        343.21151447369124     
   14.986705868260104        341.89783010566799     
   14.867776319081246        340.58958308169974     
   14.750785483110146        339.28679624278664     
   14.635685393213109        337.98949064126202     
   14.522429574284597        336.69768550356258     
   14.410972963123386        335.41139801681521     
   14.301271957025270        334.13064432825843     
   14.193284226784360        332.85543832145214     
   14.086968752462191        331.58579248387554     
   13.982285750806810        330.32171760782381     
   13.879196638876342        329.06322297481080     
   13.777663976417868        327.81031622343431     
