   27.0654930986407473572422822211790764      
   28.0069604510337886479135373664221042      
   27.7594986737644386264918727454586842      
   26.3542204247819368762732658758934062      
   23.9732399433207799707226929308780952      
   20.9520123253237495013046188355770322      
   17.7629388616302649061724439595379789      
   14.9672239074639634364837670220767496      
   13.1799182739151686461344928943022774      
   13.0111287852049029100692346943624690      
   15.0167655275657668491946817254908396      
   19.6639225272731336096903252446581665      
   27.2887313083711283275711485950598221      
   38.0939969207278643367170692024309948      
   52.1381241897886011093997852196279059      
   69.3628521525463434010661741751278274      
   89.6044917572351585781901534848915934      
   112.630933258936217785522355560334624      
   138.165536936048693942031817607838684      
   165.926886289858748978743539816831870      
   195.645575415201935778690416390160585      
   227.091233695302417800651126056996841      
   260.081867707806036674315596511874999      
   294.505535382503449477981382094887760      
   330.300630811072085880856280084327020      
   367.496275824721359772919418064929633      
   406.192808918408336313380517807156545      
   446.551403994141554438907711671696809      
   488.811277043715600012992546857756282      
   533.259942766762866902707363701710236      
   580.260460987798143232411242516077649      
   630.228583548868041413837209880807466      
   683.624762096149745831892719199210035      
   740.982919436794939980427627751054002      
   802.853615363373934327940447662789953      
   869.842994790064812213371277223772725      
   942.597470074366481422493556566481804      
   1021.74993771147706266221364106012109      
   1107.98259187790534036848534734914531      
   1201.95318314769094848331780463068375      
   1304.35036671918007448363116404969036      
   1415.78886821457835075554346578478554      
   1536.77894643258646226160685767926191      
   1667.80215900687251076471592807590122      
   1809.18064675049212637258553209211300      
   1961.09952397639882506107516700307046      
   2123.57667803894664547088061221827593      
   2296.41764489051075536860337243212169      
   2479.25956670605651079783524439951779      
   2671.42313444460250460591554307012287      
   2872.15979257944526066462652911758229      
   3080.46751943886126793593003289375140      
   3295.14666843118128077403284206268112      
   3515.00464431288991402259959540205235      
   3738.67393644704102651959385682067518      
   3964.89517137474529278221196044469337      
   4192.39846258371384076789047971534499      
   4419.99358702856118709812194429299552      
   4646.81074860416356431009017836114698      
   4871.95958252751240687416696088994899      
   5094.92573096973604790000840171201753      
   5315.30079804959515473015895978856772      
   5532.98971005879136510953095268063448      
   5748.10397674503084958452933528388768      
   5960.84875683447705728420602787258999      
   6171.67475924962645802481956298773512      
   6381.17376828707924175429836179996865      
   6590.01381545034106766531416336587050      
   6798.94043498994821238203812885544852      
   7009.13891178909674335817580706887366      
   7221.45132872118876886192229675163433      
   7437.13936285564412421647490807615564      
   7657.49681832218383408998649061766923      
   7883.52902694959379107042747993823114      
   8115.33503035921364240919195047461993      
   8352.39021939694273255569355532425695      
   8593.41354159524680302851989593257363      
   8838.19351842910097738814599743785639      
   9087.79696620754429951911961521887903      
   9346.10962939972139703152512453045719      
   9620.03751079565626644498609884778483      
   9919.01778708112446708493571288786208      
   10254.4734878945055555927225641677960      
   10637.8163102832775627381347982434468      
   11076.8911291656749336195843029743596      
   11573.7213929284381438317791701854000      
   12121.1226443833554831982067801013873      
   12700.4086040811166956028253544907086      
   13281.5179622135610438483274910967123      
   13825.2358695643261649529193930128480      
   14286.6100863829611025987521378189086      
   14621.3619710658688219268313556317279      
   14791.3228362891517279716826813044151      
   14771.4904438906457023668178419019753      
   14554.7617250062502331479922670791461      
   14153.2292456551995067726386236274894      
   13598.4227949275733238294628049873335      
   12938.1017720935156768559785318158201      
   12229.4611073228067369274387237314175      
   11533.6541445168365960756750319031978      
   10906.9633241951704499652110222293541      
   10395.0262440474449472887307802724698      
   10028.2988371047471137180174172452226      
   9820.39119923923745680542153478550270      
   9768.97019444857659025456592874320415      
   9857.10849362951006894767882950373079      
   10060.1160790701076374428094689700907      
   10348.7212058224422067642033113144433      
   10693.6086358156917773090512333774946      
   11069.1664789754788760444992908141144      
   11455.2811185635644466385522450394767      
   11838.7813020799200441785258982819322      
   12212.5541833011378385938846009843265      
   12573.5603299202203190474653807879479      
   12922.4221223829651235627586957339387      
   13259.7108034599044739859551038256381      
   13587.2649331170228245121130817794089      
   13905.9652302416564197353834191039442      
   14216.9051868999342253894856586862665      
   14519.9273395581149034879270396636928      
   14816.2576997958315759879828725758647      
   15105.8485483637576838207578046166065      
   15389.4854977572370396845882666017503      
   15667.3257584544751950631533288752849      
   15940.2669499310241956108534782824632      
   16208.2618270057880442334100054811226      
   16472.0099557463078955562946059983289      
   16732.0640223087120629336168228073268      
   16988.2201035762652285871073286588550      
   17241.1438099673942433719356424105295      
   17491.1783062792732899667682490064813      
   17738.5122261691506204256578668750073      
   17983.3909031181577691710652900661421      
   18225.6850190809426871584670665599375      
   18466.2804795893880835500229402038769      
   18704.9498081348267008573268978507780      
   18941.5872644375811039905721406924046      
   19176.8212235387987953108788506890786      
   19410.4965101918327051566259867158730      
   19642.8384525196308286820347132989085      
   19873.6810730083420281079326174889791      
   20103.4023623993460054493946174205195      
   20331.6457423787594766821036455833627      
   20558.6418853552357169035088406054769      
   20784.5722441135616314170719710834762      
   21009.3834451132023073261583888820118      
   21232.9692327317844186084889847317286      
   21455.7259725611641625587201719433095      
   21677.5469020800536302839906078608001      
   21898.6445349906660644661097917091757      
   22118.5300756442861241960076217225763      
   22337.6600606059112554021652476509405      
   22555.9532718227737982682703014555805      
   22773.4134440191638261492965459365220      
   22990.0991951724101197934750244629514      
   23206.0444005925917358429066218876324      
   23421.2096255128953293590609118205412      
   23635.6831981550559694064742990447169      
   23849.4546969124919725735034766390514      
   24062.5425181902723530982805098133317      
   24274.9751409437448981087765307113336      
   24486.8110931847266284564477447571713      
   24698.0057417020352254495083993719449      
   24908.5656605031114284521838254531759      
   25118.5764636550609181667346241210635      
   25328.0284731863543551855033506860123      
   25536.9180110847004795089127379784072      
   25745.2600498575187643963719515154576      
   25953.1157157498175523396635111033826      
   26160.4726892674192272108284703587280      
   26367.2838402159986390047616840024143      
   26573.6594369024460649739505907526727      
   26779.5232249689351093055870547650256      
   26984.9888792465747495309120341346326      
   27190.0084647951525347565342079173326      
   27394.6003032016504474009057645018620      
   27598.8169329715465646392626081036973      
   27802.6050330774578959177936399169754      
   28006.0425815737011467710451290271941      
   28209.1452110377570202219872271381003      
   28411.8382897658757399528143483677766      
   28614.2135408814455028718715372607879      
   28816.2300610259361995525703789352727      
   29017.9404226160972055763999615385192      
   29219.2907577680354276683470921426923      
   29420.2971426487977695141451568108774      
   29621.0444504662183689406397245978519      
   29821.4586764416640674606899219121721      
   30021.6265716769946282943033171389375      
   30221.4744906212510694871269154838687      
   30421.1387791524717663783783410594833      
   30620.5424989967542295274137628859315      
   30819.7089850157187213449155549676583      
   31018.7082627979069956169523673481986      
   31217.3907304312904098324551857779157      
   31415.8600372237021720550281798413273      
   31614.0997459211994272992353105482801      
   31812.0556425989693213409143950286830      
   32009.8717902663457347460271258019740      
   32207.3917924936734072730290427802217      
   32404.8250334452351853526405886908712      
   32602.0600288343928766849572666094044      
   32799.0844617930933621311330957538790      
   32995.9504921731997954017657646452448      
   33192.5946125046226570787396794873920      
   33389.1621701017424258905618739838301      
   33585.4779432499358228819886003807821      
   33781.6608709009478624988746875886486      
   33977.6456301537958167700223185431776      
   34173.5589660583536953619358847698824      
   34369.3650524798343290051353873487228      
   34564.9666381463239110632552816781613      
   34760.3560656452340037683635298945393      
   34955.7180006988041426867710070299888      
   35150.8098421549148894798829447014929      
   35345.9159917645393001813386255752091      
   35540.6767090821599320842379939802764      
   35735.5976997283386901855405392051022      
   35930.1632652969547156187817767502339      
   36124.7139446119285456190880173590266      
   36319.0868543840548199288181132730312      
   36513.5168129270826017026064419653104      
   36707.5415378855217793269598824668868      
   36901.6834042496205706938590296443675      
   37095.7570721962518455963575069482170      
   37289.6172485858308251387764659038392      
   37483.3421945585104049725339034068101      
   37677.1643407556846818540558311913099      
   37870.8226692922278856697207785449785      
   38064.1428287756189718011548088942337      
   38257.4419121396869102716410940748922      
   38450.7400355307620633547271849217355      
   38643.9205496736763128268938286962216      
   38836.8579182500183159955974332006133      
   39029.8395265915573960481232524090914      
   39222.8548720712342523565182324492289      
   39415.5597257760407716572635543985148      
   39608.1376689621844746924086165684820      
   39800.8692047021894985911377447509250      
   39993.3667794384292146535859857177189      
   40185.8627422886616785109876791144366      
   40378.2597079823096800929592094050390      
   40570.8820677365276280654589866127602      
   40763.0803012175709160506986291762010      
   40955.3969005426630663800214874824879      
   41147.5929579973592395179243621315613      
   41339.5412227588367923168828164063660      
   41531.2058890307347991777905845591899      
   41723.0213406256771893455189673552397      
   41914.7121005300315798447788141684829      
   42106.3009754714824963828631268442279      
   42297.8629237051755399750975724195897      
   42489.5079029732898571831903228228061      
   42681.0199026389533040803183069465218      
   42872.4933982772084900380980574890857      
   43063.8808945113541020326218640694322      
   43255.3279378445627302477545286016888      
   43446.6028487260356991525342401705313      
   43637.7829677584384699424702382966845      
   43828.9523544421769753898412780944571      
   44019.9930642649458920862270831162394      
   44210.9809154105400307542603244308547      
   44401.8566012515932954147432322674100      
   44592.6666769867174791122690474217390      
   44783.3946968410071775692004652389426      
   44974.2000264176345472302342974801499      
   45164.8905159533392465705187679265037      
   45355.5973121027939504891414395375161      
   45546.2481893201617614682994012478081      
   45736.8699947162224294709130606079884      
   45927.2844184528095129069902773273623      
   46117.6582026501282967514624009187372      
   46307.9851769746031536458298610291836      
   46498.2406639716715462356568204950169      
   46688.5000202300175174251628636515594      
   46878.7529074683158544964665874885053      
   47068.9610881691082114375707624224663      
   47259.1618971727949877942798045315646      
   47449.2774725824690209480766135357233      
   47639.3920332077912008967184435813493      
