   47.326235308428870        64.314490046515729     
   47.326235308428870        64.314490046515729     
   47.326235308428870        64.314490046515729     
   47.326235308428856        64.314490046515715     
   47.326235308425602        64.314490046514095     
   47.326235308226352        64.314490046414562     
   47.326235304131600        64.314490044368924     
   47.326235263056255        64.314490023848279     
   47.326235012099829        64.314489898468295     
   47.326233937889228        64.314489361737799     
   47.326230403572104        64.314487595553558     
   47.326220878913851        64.314482834764135     
   47.326198889236444        64.314471839913310     
   47.326153958528927        64.314449364873582     
   47.326070727665574        64.314407709129028     
   47.325928365479989        64.314336411654253     
   47.325700361423614        64.314222132176383     
   47.325354644616262        64.314048685687752     
   47.324853998207743        64.313797215139317     
   47.324156652112613        64.313446434439655     
   47.323216962711172        64.312972897690940     
   47.321986076340139        64.312351240563245     
   47.320412531778146        64.311554381117944     
   47.318442696409960        64.310553633302902     
   47.316021109975665        64.309318795256658     
   47.313090642711025        64.307818174109428     
   47.309592546925494        64.306018609579567     
   47.305466374192854        64.303885488557981     
   47.300649807675853        64.301382785804066     
   47.295078393297935        64.298473114252545     
   47.288685198442735        64.295117797579479     
   47.281400397666530        64.291276945489713     
   47.273150788085864        64.286909519275568     
   47.263859227548892        64.281973361926603     
   47.253444010621131        64.276425180311080     
   47.241818191661046        64.270220468629148     
   47.228888850105669        64.263313350442033     
   47.214556319951704        64.255656340621726     
   47.198713410970413        64.247200029465233     
   47.181244623072601        64.237892685641782     
   47.162025392644090        64.227679795157371     
   47.140921385813954        64.216503546403786     
   47.117787868088215        64.204302277859895     
   47.092469169898806        64.191009907502576     
   47.064798278981634        64.176555372195438     
   47.034596563893061        64.160862081172795     
   47.001673650026859        64.143847416737529     
   46.965827471506607        64.125422292271182     
   46.926844490206328        64.105490792380408     
   46.884500078701791        64.083949890979383     
   46.838559087479503        64.060689279125583     
   46.788776558849818        64.035591289614217     
   46.734898399052462        64.008530856355293     
   46.676663021875953        63.979375906608311     
   46.613801434525953        63.947987208773732     
   46.546038890099375        63.914218884587775     
   46.473095788980892        63.877918689001959     
   46.394688633303616        63.838928360932023     
   46.310530813375919        63.797083944740983     
   46.220333203009176        63.752216073973585     
   46.123804434264024        63.704150134300690     
   46.020650856387199        63.652706314641286     
   45.910576069874324        63.597699452496705     
   45.793280031647818        63.538938688542352     
   45.668457966776749        63.476226999205991     
   45.535797011794472        63.409359643056888     
   45.394976338524238        63.338124157831516     
   45.245663213805905        63.262298433943556     
   45.087507435759989        63.181647893263246     
   44.920140514550120        63.095924853243332     
   44.743169454224905        63.004865237938517     
   44.556171984080109        62.908185864039922     
   44.358690747151137        62.805581130118313     
   44.150226808415297        62.696719270525456     
   43.930232173353581        62.581237994185045     
   43.698101405800394        62.458739591199553     
   43.453161776279032        62.328785157953398     
   43.194662873830787        62.190888483812650     
   42.921759090797174        62.044506060331038     
   42.633499231957501        61.889030788002941     
   42.328803060504029        61.723778694211568     
   42.006438029234211        61.547975664808668     
   41.664988747877032        61.360740233871837     
   41.302818212361181        61.161061934356276     
   40.918017302460044        60.947773332930304     
   40.508337452926263        60.719513064100546     
   40.071098929417936        60.474675809559834     
   39.603061895533848        60.211342412805884     
   39.100239414859359        59.927178983778425     
   38.557615607477139        59.619285356451385     
   37.968703039425037        59.283957709844358     
   37.324813472700725        58.916298131115440     
   36.613824721383907        58.509556678361804     
   35.818000659623394        58.053971608501541     
   34.911105631449701        57.535270394259605     
   33.866117382320162        56.939078608297585     
   32.749105261638199        56.302148871606022     
   31.657501358891341        55.676573408420438     
   30.538404144132837        55.032602949430256     
   29.376067005733457        54.361966644780068     
   28.185638711194400        53.673490292049536     
   26.993288137626799        52.982093828442110     
   25.826298924477197        52.303272364570411     
   24.706808536030060        51.649571600588366     
   23.649241328077039        51.029148317545094     
   22.660612194611584        50.445961734681099     
   21.742262234135310        49.900773613246642     
   20.891847659589718        49.392283206690642     
   20.104957595070456        48.918041976585265     
   19.376272761874219        48.475104674815832     
   18.700279406950649        48.060426145326360     
   18.071674289346266        47.671083645651962     
   17.485577009261664        47.304392402966755     
   16.937592069481841        46.957935530101530     
   16.423828145761050        46.629573507397318     
   15.940864466535704        46.317423710933603     
   15.485704513850033        46.019834057914032     
   15.055725103385754        45.735354764174218     
   14.648627106378779        45.462711517842600     
   14.262390785125467        45.200781513372895     
   13.895236672049768        44.948572705843198     
   13.545592068722984        44.705206179883028     
   13.212062634974496        44.469901255418890     
   12.893406967618905        44.241961820053831     
   12.588521795155948        44.020769919160209     
   12.296415983579335        43.805769801849550     
   12.016201824829428        43.596464685510071     
   11.747080883450897        43.392408716331445     
   11.488332966176671        43.193200879035821     
   11.239306790904241        42.998479782362310     
   10.999411713887325        42.807919006595938     
   10.768110689794533        42.621223080478508     
   10.544914057958716        42.438123914791703     
   10.329374157748637        42.258377688163691     
   10.121080641250639        42.081762117827878     
   9.9196563680848833        41.908074068258088     
   9.7247538278890779        41.737127459556639     
   9.5360520138522578        41.568751440014751     
   9.3532536865000520        41.402788788658285     
   9.1760829784199966        41.239094519125658     
   9.0042832749632105        41.077534646998501     
   8.8376153891453786        40.917985135738945     
   8.6758559119826941        40.760330943052104     
   8.5187957781465791        40.604465198231431     
   8.3662389865783311        40.450288472684214     
   8.2180015043509478        40.297708183456983     
   8.0739101069297536        40.146637828478283     
   7.9338017163497438        39.996996779087191     
   7.7975224319189955        39.848709622805742     
   7.6649268369620138        39.701705812098233     
   7.5358773737093632        39.555919308987022     
   7.4102437407810209        39.411288256484099     
   7.2879023498061066        39.267754667394719     
   7.1687358799582759        39.125264194693365     
   7.0526328141423091        38.983765860000076     
   6.9394870395824562        38.843211838977105     
   6.8291975089457297        38.703557274986345     
   6.7216678914982388        38.564760082461710     
   6.6168062594798238        38.426780769044541     
   6.5145248599658343        38.289582323540593     
   6.4147397785272062        38.153130001207479     
   6.3173707922812392        38.017391269019839     
   6.2223410921307938        37.882335626595136     
   6.1295770991183067        37.747934510735497     
   6.0390082979509776        37.614161199141400     
   5.9505670285094210        37.480990682255900     
   5.8641883796155483        37.348399614433930     
   5.7798099828894607        37.216366174121532     
   5.6973719322472514        37.084870032745847     
   5.6168166063587792        36.953892232930535     
   5.5380885915260034        36.823415150339969     
   5.4611345490567231        36.693422409366796     
   5.3859031068402254        36.563898809282037     
   5.3123447865206472        36.434830286951403     
   5.2404118943896680        36.306203840621997     
   5.1700584339290545        36.178007470908149     
   5.1012400392170267        36.050230141430717     
   5.0339139023740529        35.922861730281078     
   4.9680386878055316        35.795892966389935     
   4.9035744719962331        35.669315389768641     
   4.8404826921303137        35.543121319066799     
   4.7787260772347597        35.417303800457333     
   4.7182685881707194        35.291856559147696     
   4.6590753813825314        35.166773981756521     
   4.6011127456670513        35.042051063477139     
   4.5443480654391042        34.917683384575305     
   4.4887497711981261        34.793667067925661     
   4.4342872924604926        34.669998749163597     
   4.3809310239936696        34.546675542884813     
   4.3286522917796448        34.423695019044409     
   4.2774233094707643        34.301055169493708     
   4.2272171502571281        34.178754386986640     
   4.1780077142642771        34.056791437362847     
   4.1297696887013444        33.935165423546756     
   4.0824785344308800        33.813875782282807     
   4.0361104433933637        33.692922242153472     
   3.9906423185538302        33.572304809819386     
   3.9460517480463340        33.452023749008184     
   3.9023169797159869        33.332079558193449     
   3.8594168921899255        33.212472934980795     
   3.8173309958075898        33.093204824840335     
   3.7760393772462324        32.974276303051454     
   3.7355227017140398        32.855688624436588     
   3.6957621875178068        32.737443190013757     
   3.6567395872649873        32.619541531289514     
   3.6184371715076069        32.501985299486670     
   3.5808377092066510        32.384776245954278     
   3.5439244527194278        32.267916212327854     
   3.5076811214195023        32.151407116766187     
   3.4720918863470298        32.035250941874367     
   3.4371413560160171        31.919449724089429     
   3.4028145626832278        31.804005543431380     
   3.3690969469899295        31.688920510785326     
   3.3359743469025154        31.574196759796877     
   3.3034329853505415        31.459836441010779     
   3.2714594569619426        31.345841711418348     
   3.2400407152763218        31.232214718512935     
   3.2091640657642824        31.118957607113639     
   3.1788171509556529        31.006072502520862     
   3.1489879414801343        30.893561506063953     
   3.1196647260288684        30.781426689593921     
   3.0908361033796252        30.669670094116817     
   3.0624909714382618        30.558293719683821     
   3.0346185170361664        30.447299520752896     
   3.0072082075405659        30.336689396777349     
   2.9802497863523651        30.226465203313573     
   2.9537332608602100        30.116628735829032     
   2.9276488952977271        30.007181729503518     
   2.9019872043803323        29.898125855313801     
   2.8767389453524275        29.789462722070262     
   2.8518951111796467        29.681193869428498     
   2.8274469195194452        29.573320757828647     
   2.8033858197590860        29.465844802800355     
   2.7797034655779025        29.358767311378472     
   2.7563917275127565        29.252089540145583     
   2.7334426776131271        29.145812662931121     
   2.7108485857890972        29.039937777196002     
   2.6886019142237472        28.934465903377024     
   2.6666953119615959        28.829397984382876     
   2.6451216096493702        28.724734885251497     
   2.6238738144436948        28.620477392960069     
   2.6029450981945477        28.516626185350379     
   2.5823288194454248        28.413181952069930     
   2.5620184802721262        28.310145219983593     
   2.5420077498012441        28.207516479470591     
   2.5222904399980739        28.105296102481873     
   2.5028605222111406        28.003484424758589     
   2.4837121142192329        27.902081713145208     
   2.4648394719327582        27.801088147436221     
   2.4462369820305443        27.700503806849042     
   2.4278991746334548        27.600328738449459     
   2.4098207066672948        27.500562904710087     
   2.3919963617230953        27.401206198417206     
   2.3744210468829792        27.302258444774406     
   2.3570897892850526        27.203719402120754     
   2.3399977331795716        27.105588764048054     
   2.3231401365794104        27.007866160359097     
   2.3065123730169486        26.910551186139998     
   2.2901099100835607        26.813643290719035     
   2.2739283363880558        26.717141957726685     
   2.2579633319618715        26.621046556066464     
   2.2422106838203986        26.525356431538810     
   2.2266662732646036        26.430070860771547     
   2.2113260764726199        26.335189068695385     
   2.1961861614409584        26.240710226634459     
   2.1812426864148224        26.146633457419174     
   2.1664918972662672        26.052957835536890     
   2.1519301252612895        25.959682388680445     
   2.1375537848311854        25.866806099015562     
   2.1233593719144115        25.774327907038536     
   2.1093434599010381        25.682246703045369     
   2.0955027014050835        25.590561347063371     
   2.0818338235264644        25.499270657337675     
   2.0683336266859875        25.408373414847667     
   2.0549989824171764        25.317868361380107     
   2.0418268321210000        25.227754205817821     
   2.0288141854330735        25.138029625638872     
   2.0159581180742632        25.048693265602733     
   2.0032557706771796        24.959743740625665     
   1.9907043463862557        24.871179634928371     
