   45036803515.4275164547137247373055378      
   45036803117.8529354799172342458455494      
   45036802583.4102607098556512269932777      
   45036801886.4412982285566354863057894      
   45036801002.4971666487128475139982061      
   45036799908.9374794647461417311100006      
   45036798585.8349036240027960613543567      
   45036797016.3654020293802580221491871      
   45036795186.6663323586815846100574133      
   45036793085.3358942200306834001110323      
   45036790702.2383514527351569386304689      
   45036788027.2227099175548945930519585      
   45036785048.1375287661328952212789989      
   45036781749.2296912849533812452958441      
   45036778109.2854334218841361444093913      
   45036774099.4936519406215026363500171      
   45036769681.8311671661203858304449069      
   45036764807.5945961436301492074612053      
   45036759416.4047364958202572978291678      
   45036753434.6928290695494106234623532      
   45036746775.6105307913556643067382578      
   45036739338.3695722397296619940652858      
   45036731007.9272678795161130384904730      
   45036721655.1938954788053851875513457      
   45036711136.9690694466628015157516622      
   45036699296.5261942717391719069085706      
   45036685963.6035246433848771075651928      
   45036670954.8248555688675118985876302      
   45036654074.0273647829340076957560034      
   45036635112.4566820841571664965532383      
   45036613848.9113585440892339147054415      
   45036590049.5941217148728903831211577      
   45036563468.1561074475701026575823642      
   45036533845.2259084222503362574425532      
   45036500907.9164619000727068587555100      
   45036464369.1959014312739166466393567      
   45036423926.8845719407096999306277242      
   45036379262.4013405918357020355874972      
   45036330039.7331847585907702379945481      
   45036275903.4983469119143727624306134      
   45036216477.4000723245765180680309859      
   45036151361.9795118857866047039032500      
   45036080132.4658543669060057919869619      
   45036002336.1705910824006551508209389      
   45035917489.7586100899262717349672070      
   45035825076.2043242031276445985152566      
   45035724541.4548453012411858141726560      
   45035615290.9493751994245291637511783      
   45035496685.6454189335719386119537142      
   45035368037.9030783651908456824458606      
   45035228607.0140711809522646273328044      
   45035077594.2917425254838012219539003      
   45034914137.9246912425589449142373683      
   45034737307.3086396481887917213142078      
   45034546096.9637623584686472681016548      
   45034339419.9608223410522818330584203      
   45034116100.7769303546069414442560556      
   45033874867.6552565915805052049914903      
   45033614344.0009829853215871256665324      
   45033333039.3463029508470410555380170      
   45033029339.1753470412124075607765774      
   45032701493.9655669355205460940956108      
   45032347607.0590332908766057222259873      
   45031965621.3252722423708079659454730      
   45031553304.7378921742224445193052702      
   45031108234.3758513104324648419093342      
   45030627779.0695148844713019823526496      
   45030109080.9374587233207712926605904      
   45029549035.2712888376958750362090319      
   45028944269.8375258846015867933927108      
   45028291123.2217761927731593778046387      
   45027585623.2761690279074861121021876      
   45026823466.0635007403531981446338542      
   45025999996.5459342669574224026702389      
   45025110191.4383312734181687484000073      
   45024148645.7251232003101852335818214      
   45023109563.5743990323787785351413934      
   45021986754.2513250166460559394550003      
   45020773633.7823541566676283588268878      
   45019463231.8756247543172546063973241      
   45018048204.2447229247955151241924025      
   45016520849.7582734869127703861866727      
   45014873126.7135581828715601236030367      
   45013096681.3354397199337444031203604      
   45011182862.9883959753391049676276258      
   45009122743.9743096875360610722920250      
   45006907157.3245765641745855134979265      
   45004526688.2221084546545849947657808      
   45001971704.2081031705307207685488174      
   44999232362.9678116934215633269808409      
   44996298620.7056853157840235477695381      
   44993160237.7878574255640727989037592      
   44989806781.9542347032182363816622950      
   44986227629.5510366721049957540436753      
   44982411964.9371953078497697916682011      
   44978348778.9079649816609861588437263      
   44974026865.9215541178720019455200447      
   44969434820.7684453335242600324990792      
   44964561034.9937857127874489790367174      
   44959393692.7823433810335449067644480      
   44953920767.2142199235394819192072893      
   44948130016.2722625849343861641705512      
   44942008979.1994470906454137550409199      
   44935544972.8664002109677684803064858      
   44928725089.0000028060474843021922742      
   44921536191.0963724540097425602517031      
   44913964911.5663753816081902612570991      
   44905997651.5026576144204347468632506      
   44897620576.7424277659645601735529849      
   44888819618.2940359209797353891841124      
   44879580471.4805645638052743057780047      
   44869888596.0092812319506136665017076      
   44859729216.6234706322744423890967405      
   44849087324.3146021124296458556714167      
   44837947679.0342809847305919255836700      
   44826294811.6129605433895408427274538      
   44814113028.3129250372890169879929086      
   44801386415.4737732359588467579195905      
   44788098844.6081345142127414625227931      
   44774233979.7602539876613390554981140      
   44759775285.2272380327690750773975358      
   44744706033.5914750440219561733469223      
   44729009316.8326617526688551191832619      
   44712668056.0587580639987994211429157      
   44695665012.7094290219198025889163991      
   44677982802.1497627785572621250562390      
   44659603903.7935927134116213729460635      
   44640510675.8937303960258947272231635      
   44620685365.4681766144768726542495295      
   44600110141.3646482737558056894543779      
   44578767023.7241741954905883899874709      
   44556638017.4621551694011012506742733      
   44533705029.7107217804455295392967798      
   44509949909.3344140654149239178826341      
   44485354442.1140790515704708103457208      
   44459900356.0018744702242524864849597      
   44433569320.0987932847370834816545366      
   44406342942.6499294480676523861345196      
   44378202766.9148347668926532357209286      
   44349130264.0651396913507015120276055      
   44319106822.5469472166031557266223250      
   44288113749.5922347903315798272529871      
   44256132242.3925378729399177090935706      
   44223143387.6267543459895907806959765      
   44189128145.6379428645484980970331504      
   44154067337.4691786611836537591070361      
   44117941631.7988851255896835210944809      
   44080731531.9331336404426527037337655      
   44042417364.9924515827518836966246211      
   44002979269.9287384643984900835512214      
   43962397187.6060975584367580018271900      
   43920650853.1000641107508111620162209      
   43877719786.4629269803949954885217071      
   43833583287.9269605418076308413154820      
   43788220430.8662726328632555563407907      
   43741610059.9076267386507478694108830      
   43693730784.8491964291436005878922478      
   43644560980.9156717481111061380427788      
   43594078785.0419548740944109264073569      
   43542262096.5699693165522227276375244      
   43489088576.2714276792101329538616457      
   43434535646.0615512253311866333079506      
   43378580490.0208663137959928569832297      
   43321200054.9288875132250349649161795      
   43262371082.0523716338958522335811792      
   43202069984.8351634748704634617176895      
   43140273037.9015683927834715677178612      
   43076956252.4286763839535992906326202      
   43012095408.8312828411701699896446907      
   42945666058.9981605867447211113619831      
   42877643526.0826737865611335390956622      
   42808002911.2620763471843171744260198      
   42736719085.5554987535291326024534974      
   42663766699.9151126900398422109260346      
   42589120186.6528674096900505448855347      
   42512753756.9606075729672811366680367      
   42434641404.3062605400771932315391992      
   42354756905.1811514815879010861346384      
   42273073820.9714991282879783978986178      
   42189565498.4759617275788697970669592      
   42104205070.3287097961355801905186914      
   42016965458.4919090403116656058106919      
   41927819373.5441384004394371564690968      
   41836739316.6210526725000989480954209      
   41743697579.9268441097875481373560431      
   41648666247.8509013153129792234863403      
   41551617197.9708932864900569831575294      
   41452522101.6000343774896483927317391      
   41351352424.5500489928361623132711555      
   41248079428.3905180284690914835970224      
   41142674171.2051309789371176732918543      
   41035107507.8393829620178483257272549      
   40925350090.9202420200325169462322401      
   40813372370.1011627280609958953493645      
   40699144596.5465399926272510114032474      
   40582636816.6301494606705127896810787      
   40463818881.2251994843645776420118622      
   40342660438.0479189064102101750443945      
   40219130938.0948579666375843541909792      
   40093199633.1879271121946052165678785      
   39964835572.6813824094920627227163587      
   39834007621.4860584810862646730695291      
   39700684436.1772335268505606746946175      
   39564834474.2875454015490462969583824      
   39426426001.2121065301276736722349225      
   39285427087.4669022580652619132174776      
   39141805604.7687414533644913741199305      
   38995529228.7235260933563540292836781      
   38846565442.7252573177715029985941778      
   38694881530.9681457442443215502648803      
   38540444590.5987826150438012135522027      
   38383221514.6854046125115530560968537      
   38223179008.0168221826869494412842379      
   38060283581.4763391463216073382438779      
   37894501545.2538592007563857234239028      
   37725799025.1993706323790240542113991      
   37554141949.9635355747875735867714417      
   37379496053.5982948063107605495886872      
   37201826873.7099733768354822826364689      
   37021099762.8703920675269184061072451      
   36837279876.7228608024411794688693945      
   36650332178.8219329415729134805838510      
   36460221439.8314342393025173530359389      
   36266912238.1235038560628429417202682      
   36070368956.9953061676536593425824885      
   35870555794.4133146021212033583311875      
   35667436749.0912959478741379712545857      
   35460975632.0760560070420645188592508      
   35251136061.7313420637486131359776992      
   35037881464.1106870484812758849648449      
   34821175076.1154744194902428606746774      
   34600979936.5541693308046843678275573      
   34377258898.9524579091938509893553803      
   34149974623.3121814290011202742458053      
   33919089578.2914421883358825423219145      
   33684566041.0257561969123927465407324      
   33446366097.5393707137331014075729247      
   33204451641.9719613078786935342370309      
   32958784378.2069050041280202814267539      
   32709325819.4535276776766827868021602      
   32456037288.0053009020553492711019041      
   32198879914.2786692430871934240156877      
   31937814637.7907647927754125100724215      
   31672802207.3305159689045059414363847      
   31403803180.8353132950611009569461690      
   31130777924.8944862175531314932878853      
   30853686613.3728147484820522577018281      
   30572489231.5512089452523848693327088      
   30287145576.3160803882631462364168126      
   29997615254.3481729236541289311977696      
   29703857676.3787755051878879479007153      
   29405832065.4011285782771183051634114      
   29103497454.4978809532387886001129596      
   28796812684.0428854396382339044268925      
   28485736398.8827355952821270714009668      
   28170227066.4023001718211299638661734      
   27850242956.9252279175579195512484741      
   27525742148.4598812129281842573423696      
   27196682533.1241390855621540616563057      
   26863021801.1565243366870484899697024      
   26524717467.5346993478614718578026110      
   26181726847.8310314594165263415605779      
   25834007069.7200836700677369463128891      
   25481515072.4251388831532699221994036      
   25124207593.6266130604620177157405114      
   24762041198.4677392164869544155503770      
   24394972250.0694700600593671090889678      
   24022956924.2190828801002564149856438      
   23645951206.9403988564973516425139507      
   23263910892.8737409508796524533541075      
   22876791587.5438216490720789396607373      
   22484548704.3216447682861707653773946      
   22087137469.6581470019743481847622401      
   21684512916.8348375643502435915242271      
   21276629890.7725012239258509197061721      
   20863443045.8011492773379674203923605      
   20444906843.2717813219288159848025301      
   20020975559.3874553196251976375738693      
   19591603278.8606366847749773662483623      
   19156743890.3584578095512100015675256      
