   45036804128.3755199557837708962134435      
   45036803996.0395145360400641268271349      
   45036803796.6972093702496245832370932      
   45036803508.9404641795537931749316466      
   45036803108.9827367894604576071621760      
   45036802571.6683221935462782817012842      
   45036801871.3419126619784070754125071      
   45036800983.5877701901100404155939676      
   45036799885.8088729181631333180528202      
   45036798558.1351737023644480585264372      
   45036796983.8018053560650831879335868      
   45036795149.0014109476560840137847726      
   45036793042.3668721030367344667477010      
   45036790653.7754381011871391323107018      
   45036787973.0593296474289950100147711      
   45036784988.0087673228539346995463843      
   45036781682.7902991262464715331716604      
   45036778036.0590019460469125667183189      
   45036774018.8432616022609755461648164      
   45036769592.9301296146293480599802049      
   45036764709.3989965606798036102354909      
   45036759307.6276986145261801539377693      
   45036753313.8042516472489647488590780      
   45036746640.8074010655725325327684570      
   45036739187.5826209523540932774840086      
   45036730838.8170193061358122546177609      
   45036721465.1475727621023474719058071      
   45036710923.1125831824569166425156666      
   45036699055.7231697393025987291519425      
   45036685692.4642890840751189071821381      
   45036670649.7104329543332602680415793      
   45036653731.0595328839442110013365800      
   45036634727.5111230771842493464030647      
   45036613417.6300892472428856256518991      
   45036589567.3773355982783381465966787      
   45036562930.1587804065723225290727142      
   45036533246.3502655108808739144904600      
   45036500242.8001120250410006106085113      
   45036463632.1955546813138934772697880      
   45036423112.0571496388167778822837961      
   45036378363.4787405667008771287492081      
   45036329050.0950628880570926300410262      
   45036274816.1399858488577803421507428      
   45036215284.8942916866530169286314283      
   45036150056.4351075365443103738820531      
   45036078705.4829552609927693111940331      
   45036000778.7871413726980092054263456      
   45035915792.3987644544434727561651869      
   45035823228.6146650321419486672951808      
   45035722532.6383250933626071907611082      
   45035613109.0959236311475258503938169      
   45035494318.0535981880169151650604370      
   45035365470.8991588901022947741303831      
   45035225825.8596625170902414165731165      
   45035074583.0887629927731548938463308      
   45034910879.5143599764838502061079490      
   45034733783.1530569578378092452157690      
   45034542287.0312678115894296110358585      
   45034335302.5901717640558949678891929      
   45034111652.5377020213207440427502396      
   45033870063.1923205242066205719470052      
   45033609155.8654020637882412867173182      
   45033327437.8111070471711183333296881      
   45033023292.0342711064081456461265089      
   45032694966.3096087658737048094164321      
   45032340561.0387339636998488096972697      
   45031958015.8791857627735786455164786      
   45031545095.3005420727248478411658733      
   45031099372.5615790240822491601189729      
   45030618212.3283199374478418364296492      
   45030098752.1832336093460115846608410      
   45029537882.4915748428044022764788118      
   45028932225.6841159763817443239102123      
   45028278114.5969230081903518348927877      
   45027571570.9216819576814647791278620      
   45026808284.1699712161021664208875204      
   45025983592.4041782636074299414075382      
   45025092465.1388516221265733383168603      
   45024129489.9428848062964803075831882      
   45023088863.4412958397564945310280389      
   45021964387.3339468401702773131307300      
   45020749470.1646179260926344173462787      
   45019437134.3467235880432591948233802      
   45018020028.5791131013614132169122716      
   45016490445.6106845933998672980123414      
   45014840335.8419221455008871794832142      
   45013061341.2862829797778339778208319      
   45011144805.3520024871620021547970408      
   45009081795.2715139607542414160598745      
   45006863139.4945672570579784421978645      
   45004479418.7871276981749916605495849      
   45001920996.5830007159067342259504098      
   44999178026.6345085930777621707555029      
   44996240461.3666953506649005719991827      
   44993098057.3977399706082861992250282      
   44989740378.8275829435942229980979097      
   44986156798.3253899680780736982194080      
   44982336496.5536434448501940325019404      
   44978268460.5935557882662619838432698      
   44973941481.0974497423510221777579802      
   44969344148.9954678928689529200525574      
   44964464851.9059906896163522316362524      
   44959291770.0041190784397245122816672      
   44953812872.2862908068957923065160526      
   44948015912.5802982444435343586102000      
   44941888425.9016186877163017721155180      
   44935417724.8325175770430363103658234      
   44928590896.7541238649660176511518188      
   44921394800.7745822011672814753519203      
   44913816064.8592558494866835479493333      
   44905841085.6252001620053399822047628      
   44897456024.4236458557914946268954803      
   44888646807.7483061625085816299456740      
   44879399126.4049143453182127082261408      
   44869698435.6019295594482120755825840      
   44859529955.5660661061094729039006057      
   44848878672.8502613629412899537203768      
   44837729342.9454110925597036020995009      
   44826066492.4898445083309437276477189      
   44813874423.2677264575649030674363880      
   44801137217.7870087488194919197755206      
   44787838743.0957860680252383726965286      
   44773962659.5946859388321931668724445      
   44759492427.7650597954951203040960567      
   44744411316.6466189124657305070182863      
   44728702414.8089786413899438446440652      
   44712348640.1653003811728120375466464      
   44695332751.4096249142101040551574915      
   44677637360.9417309269602434171989104      
   44659244946.0119582173646188733604235      
   44640137862.4135165666390088288489755      
   44620298355.2364174206717491053701848      
   44599708591.5405438620994282720746188      
   44578350589.9100047197810268574283717      
   44556206353.8265785869843265554513715      
   44533257789.1183622266215018694830017      
   44509486743.4563064119008760614438032      
   44484875001.5089000017160500859602640      
   44459404290.0895313676696342617932569      
   44433056277.1781055834350112295475899      
   44405812569.8159448233067527934420151      
   44377654709.9612929789031500412098879      
   44348564167.3194412478130229984124002      
   44318522328.7256896933288424255269112      
   44287510499.5776423739266966262872661      
   44255509875.0097555957869543333078845      
   44222501539.4109477267449184711596334      
   44188466450.5727953423166468794225477      
   44153385426.7464783276599595866169590      
   44117239133.5690901446376754189616056      
   44080008071.0203625624498289422697346      
   44041672562.7908831281626938996747464      
   44002212744.1076085007926392401561135      
   43961608551.9415293334296674289013754      
   43919839717.3610623611390511639075596      
   43876885756.2251809250972565893251817      
   43832725964.5033786610637787896791091      
   43787339411.1865435593112486882034824      
   43740704936.4837276375188136664817044      
   43692801145.6421723828881081130071949      
   43643606409.4422503439930859127253756      
   43593098860.1153378980697576583580599      
   43541256392.5917626179746912243043239      
   43488056663.0058982124668952640089743      
   43433477088.6783346737351891386382091      
   43377494849.2097747943158390214802369      
   43320086886.8013979821981763557216939      
   43261229938.1568602925334965797976523      
   43200900412.3368187910385901702650718      
   43139074579.4801803822507747664848956      
   43075728446.3182502710418213002312366      
   43010837788.8588292772680767947852161      
   42944378154.6031088384975948669610198      
   42876324862.5156512259732187662240380      
   42806653009.2798171338066913127287272      
   42735337461.7108435715735937692350299      
   42662352866.4987486543393686729814627      
   42587673651.7452907423544908681341763      
   42511274024.4672449590594585976113527      
   42433127973.9489396758423136461306569      
   42353209272.5542429185499531499447643      
   42271491477.5539824556947307300066514      
   42187947931.6458238580338029712714715      
   42102551763.3895377973809233312999608      
   42015275890.6893164602824762443374891      
   41926093020.1246661766700068629209708      
   41834975648.8052890613935953981870374      
   41741896064.9518932362454074156680462      
   41646826348.9814812209386343370472669      
   41549738374.5125857299511495730764355      
   41450603808.9158323006808483577054083      
   41349394114.1447985346948334922333981      
   41246080547.7229989790908154656072874      
   41140634163.9281569090704698706418064      
   41033025813.6982014163506135286991627      
   40923226145.8008914882842215509721593      
   40811205606.0586192978168703946842527      
   40696934441.7710722094636256426976816      
   40580382695.4225090728798355803320792      
   40461520214.0804640600525431415687460      
   40340316641.6958518971640162177730194      
   40216741425.4219650406445760665298308      
   40090763813.2815385402344560864499848      
   39962352850.8562722184712483479038396      
   39831477399.2888548982519689215731804      
   39698106111.3605069277136554953000709      
   39562207440.7662288158067305926312974      
   39423749649.1369758183586005124360325      
   39282700803.4466857589795917908225101      
   39139028771.3084800227462349462589774      
   38992701224.9461279617571932556989916      
   38843685643.6830050200962375683384378      
   38691949308.3100493049085124709434777      
   38537459312.0975752118205421884373204      
   38380182544.2288050963277813708710482      
   38220085706.0343487555741380314795141      
   38057135304.4639900972051990073252775      
   37891297646.1836783822825941116671110      
   37722538853.2592798067554155545481638      
   37550824850.6315211053484880329522872      
   37376121368.5646157504621057738670992      
   37198393941.1216071188349176533574511      
   37017607917.1162868717969331482691148      
   36833728448.4830541656071896767325544      
   36646720495.1129882564996065154476886      
   36456548823.9603314401663380606930839      
   36263178009.7228217544998109978027883      
   36066572431.9665101482239984629928629      
   35866696285.0781312876810232753133068      
   35663513564.0415125030592557117263438      
   35456988076.2180907482866098449523582      
   35247083436.3107744139028524674046938      
   35033763066.7065118192849445451148956      
   34816990200.6239714835526861505668746      
   34596727873.2068858352040467860449879      
   34372938934.3118612479920640382911961      
   34145586040.2750983945566907554363807      
   33914631656.0886801078367823455710708      
   33680038055.2180320257732544466572708      
   33441767320.0398813109065085685276478      
   33199781340.9956514801063551514266868      
   32954041818.3423914052986341149861046      
   32704510261.6521721363082572249190288      
   32451147989.5286027470633804799978690      
   32193916128.7253709319980034915202894      
   31932775615.1108087353142342393632054      
   31667687193.8175938651241652082024048      
   31398611419.1140561070056405920259726      
   31125508653.9430898654093275961993119      
   30848339068.4174258317490355366455410      
   30567062644.4153974532937404947492192      
   30281639174.9757129980795352883058531      
   29992028263.1936673065597997211341437      
   29698189316.0685850533556214017040887      
   29400081553.0502209255113523733133879      
   29097664003.5023015127575212061244272      
   28790895504.1579724034783711774247694      
   28479734696.1033255043480425181674238      
   28164140043.3409337871445110390927056      
   27844069812.3698557245185575238762075      
   27519482077.5063272583741010324726976      
   27190334727.3551363630031434141053621      
   26856585448.4787176956266634187518114      
   26518191752.1583194958355560297093649      
   26175110950.2747105578002801285196777      
   25827300166.9597008245000966215260963      
   25474716337.5931292623961329864688099      
   25117316196.5750935355803269079470349      
   24755056305.0992211198080114474349260      
   24387893022.7286065979027370117584842      
   24015782521.6246648729330653095470168      
   23638680784.1348527308424185653228556      
   23256543601.2725917916659463599051296      
   22869326574.9072402307311002371868238      
   22476985114.7972062781343655800651212      
   22079474443.7388056655486902621042139      
   21676749591.3449230797338551048258058      
   21268765398.9277558918906007580107112      
   20855476517.1612143841406831548808864      
   20436837403.6960225352392175467541267      
