   44856513694.8129262040026107422596083      
   44856513694.8129132566504458744235147      
   44856513694.8125869339917073481293024      
   44856513694.8085574852771495203044915      
   44856513694.7788646166505924815446862      
   44856513694.6292166113211477869932086      
   44856513694.0614601194638050632790419      
   44856513692.3262778480884544275013901      
   44856513687.8425337314494635706049498      
   44856513677.6957472521105898209234246      
   44856513657.1312593382234459130012084      
   44856513618.6428643436229128303490502      
   44856513551.8754023236238621087225244      
   44856513442.8860797325106855819820522      
   44856513273.9864414283943748526611292      
   44856513023.8049874174957306229097578      
   44856512667.6943667564923770157906620      
   44856512178.3557599462588762524179470      
   44856511527.5492610568697428484883835      
   44856510686.3403407108693078812368487      
   44856509627.5839831483926843842970865      
   44856508326.4157397598005956247996653      
   44856506761.8490007224377397207649453      
   44856504916.7965587896937853110684720      
   44856502778.7389894200121645284152672      
   44856500338.5498421806615110950432826      
   44856497589.8121010394604673249657259      
   44856494526.8424134751455582187426074      
   44856491143.2329265779271136134910627      
   44856487429.0593302712475686956578609      
   44856483368.9521020321561771350471057      
   44856478939.2508294637065771547894865      
   44856474106.0406549532521744363632570      
   44856468822.8465351043089040153066296      
   44856463028.9940517711292118947363072      
   44856456647.7920539908488011039865369      
   44856449585.4111249816279559424519278      
   44856441729.8481188877505231743969495      
   44856432950.1825283658103534964270322      
   44856423096.0586811689508271694308015      
   44856411997.4269359669984762235773073      
   44856399464.3267584632528427853233755      
   44856385286.7165765162015444229056655      
   44856369234.3753181776817983378810659      
   44856351056.8279636304723952443352874      
   44856330483.1228893719851495438902784      
   44856307221.4036622196468602435098420      
   44856280958.4579530694533191204930353      
   44856251359.0419124168247007376547634      
   44856218064.9413102046520832308430171      
   44856180693.7342737437560190343970674      
   44856138837.4462019801675271806917007      
   44856092060.8588559552943177600704325      
   44856039899.2069273126034330768107857      
   44855981856.1207522306754676861796228      
   44855917400.6481944742022434316875512      
   44855845964.3322573771444844416627675      
   44855766937.7245069246359548208910091      
   44855679666.4416943653948547261292103      
   44855583447.1200875052097845391330057      
   44855477522.5769313465944864969526042      
   44855361076.7220213574482087771150618      
   44855233228.9957031723062054622124698      
   44855093028.2612936643608766252172251      
   44854939446.1948561322937981834731064      
   44854771370.1133155019197435037001257      
   44854587595.3577206696938340213220992      
   44854386816.7783863606255697366522653      
   44854167619.9984629200895250975430054      
   44853928471.6650819477878101003374155      
   44853667709.3547950067561077850096982      
   44853383530.6108305495092073258916310      
   44853073981.4868367327999156381590364      
   44852736944.3121963602604668181959420      
   44852370125.4547765775848689778642578      
   44851971041.6703582749788589837214554      
   44851537006.9946458408901253246089501      
   44851065121.4939903007936166110043744      
   44850552248.4378247938617057042314473      
   44849995014.2225104280892480157839789      
   44849389786.9457826803428799535803616      
   44848732666.4176383043738012478256880      
   44848019472.9291902904163049915099236      
   44847245737.6600200794929396516995770      
   44846406694.2915538894751305917868273      
   44845497269.3119535551294275582567687      
   44844512091.6520458097200087530647757      
   44843445468.0797551753162945892565468      
   44842291397.4217274212212792565920782      
   44841043568.0561995228958987981059944      
   44839695360.7447799708864757223870091      
   44838239852.9102700028715058877895451      
   44836669824.0736120130904006250073834      
   44834977756.3191615163141691829452196      
   44833155861.3120606800331526831028160      
   44831196059.8395956156894415665514468      
   44829090004.7057627707269072665745167      
   44826829083.3963309642762050046541203      
   44824404423.7517781170977661365847469      
   44821806898.9167139243711441443284849      
   44819027131.3992333076299498531683482      
   44816055496.1922259023699922196745454      
   44812882123.1113987236894929406400556      
   44809496898.0606377754218371249186281      
   44805889463.5150509222107641193336307      
   44802049218.1315132507335489774619235      
   44797965315.8993572464587278275082296      
   44793626663.7914459314847223774751728      
   44789021920.1624626708899012877579603      
   44784139491.9127258415073223673014353      
   44778967530.3248734302770519910480455      
   44773493929.4950014894189596889561417      
   44767706321.4970948454067925640111165      
   44761592072.6208690910858993416697142      
   44755138280.3460865505991013144470588      
   44748331770.0167150120544227247247454      
   44741159091.4764899526318656361937883      
   44733606518.1727674693929069913027733      
   44725660044.7751193474910651927567253      
   44717305388.8059868525934825135530400      
   44708527991.8850035183027724771096222      
   44699313027.0935888693230978676659235      
   44689645406.2103943295361838693804753      
   44679509793.1154265613752159071230187      
   44668890621.0549692433852227609276840      
   44657772115.2599407232132142173598359      
   44646138321.6283929337032289075445477      
   44633973138.5149792164328166601506264      
   44621260353.5414346474234833978785319      
   44607983682.4439428542990946619086703      
   44594126807.2849118033929421411662279      
   44579673411.6737281229356598213826007      
   44564607211.0495036839002496947811304      
   44548911975.2322838336386756356197386      
   44532571542.2709160954370843852847692      
   44515569822.5290278600612353792520371      
   44497890793.7307046101640657209418854      
   44479518487.5823276755897195095760536      
   44460436969.7579194485491198737024430      
   44440630330.7881513679342716469564415      
   44420082591.1979051278502943094799015      
   44398777777.9528737601524699601981159      
   44376699821.7281197388113526172020170      
   44353832548.4419104290099293186701896      
   44330159653.9435032708216885171401438      
   44305664680.6833514285795629143793486      
   44280330997.3714868887716016185545041      
   44254141781.2996300661469750813975988      
   44227080003.2522339115122210590447328      
   44199128414.8514447481033754487974604      
   44170269538.2686072050384081481815309      
   44140485657.7734797060655366240209083      
   44109758813.1265697480327439758693763      
   44078070794.8709293245291488097275768      
   44045403140.2481547318942127331468728      
   44011737130.4932325688125147936076406      
   43977053789.9894024761580174086239569      
   43941333884.6843866148964056137770458      
   43904557922.2173322179112219083532725      
   43866706152.4858793486127735165743636      
   43827758568.0814129175072686172685385      
   43787694905.8516639983896035866358182      
   43746494647.9726664675248015343491673      
   43704137023.8112659204660282911521594      
   43660601011.6387988024517942045548257      
   43615865340.4356613985500642041534391      
   43569908491.7594098107396473991213031      
   43522708701.9396622614816184705967223      
   43474243963.8781826939956431353532599      
   43424492059.6847604716775610172651370      
   43373430439.3531724830485653930840775      
   43321036408.3277182871037534415171675      
   43267287005.5556866313446934634150187      
   43212159035.6707644532050499469831744      
   43155629071.3122897623369517489434672      
   43097673454.3610295476677008559418326      
   43038268298.4286854717194171197024612      
   42977389489.1096949065975583449299925      
   42915012687.3927134590203289839793351      
   42851113329.0773533483512487740967609      
   42785666627.3403562356898809620779914      
   42718647574.7379964274589197792444483      
   42650030943.4968133868899728715607850      
   42579791284.6798125092554464871576626      
   42507902934.0418711698165157551404639      
   42434340009.3157900328548405819424005      
   42359076413.8114038565253996983364230      
   42282085834.9695101081986653190596395      
   42203341747.6963608262991208221434839      
   42122817415.4440433147447213122644915      
   42040485888.0195566717846188274864830      
   41956320006.3587919371633831975052355      
   41870292399.7649438652880019961902948      
   41782375490.1302682723240424042692618      
   41692541491.2870785198225882411540257      
   41600762406.8242803962115364863230335      
   41507010037.1994952050609400343327262      
   41411255973.4890700011102052705480864      
   41313471604.2810629546911753379054894      
   41213628110.5174996290863100696980788      
   41111696470.8120608686446165256345765      
   41007647460.0044135351658677434049723      
   40901451649.1903556986694569179689975      
   40793079405.7569449259783412145695208      
   40682500897.5271459570450868926232313      
   40569686088.3873631706310643667680699      
   40454604742.6725743404627641699154980      
   40337226424.4065160507959998115096793      
   40217520494.9944559593104805508371468      
   40095456118.0014004265983451372816040      
   39971002258.6804385687954064276626420      
   39844127680.5430203197566130195293952      
   39714800949.8206104961794946206409209      
   39582990432.4807696699875130230177260      
   39448664300.2232865612996469093589886      
   39311790523.2766764050056090420612407      
   39172336877.9041158383606363445904994      
   39030270939.5120295612299943279988622      
   38885560084.1752362695314358829706428      
   38738171502.1772485070876308501345190      
   38588072178.6559155781508762754311782      
   38435228907.6798341228976535118896308      
   38279608281.2873304532692305847312120      
   38121176691.8883484751075931727391803      
   37959900356.0296608660455034174349632      
   37795745279.6420339010573241564661778      
   37628677275.1100279173844983584278155      
   37458661961.4501145672404246809660554      
   37285664767.5139455289037090184883943      
   37109650915.7141133861310467626554495      
   36930585446.2175518270654303881894757      
   36748433200.7969888104470607040327742      
   36563158827.4847775823174686691324531      
   36374726779.9693634821841282396003491      
   36183101311.2215252585532862977202255      
   35988246497.3400366981571635102588884      
   35790126207.5867673365536723972501569      
   35588704121.3578937713739441308796465      
   35383943731.7567047936162293986238255      
   35175808316.7913442587750183309286936      
   34964260985.9170263016620781984605162      
   34749264646.1167919459229521723985147      
   34530782011.9601394087512032689273850      
   34308775607.2864859316561710750176754      
   34083207753.1439788556059326738189036      
   33854040596.2745271623060319048641505      
   33621236077.0920364171000059807738476      
   33384755947.7267200407575823997979156      
   33144561767.9145384945325092708721966      
   32900614901.6225113514287026715851406      
   32652876530.8278870913310317490261124      
   32401307636.0104778017271281532782817      
   32145869007.2396903014346562663797179      
   31886521245.5172348351509530295861079      
   31623224758.7682878289934475943530640      
   31355939762.9739250598277118311833676      
   31084626282.3901568419515735003960739      
   30809244149.6712225450968734853953894      
   30529753005.8910491100878518176197237      
   30246112299.0538703150321690103146422      
   29958281288.6744738688160256146007124      
   29666219040.9210719292549660210527863      
   29369884432.7020161870171442306524385      
   29069236148.7791615893607256127245015      
   28764232682.0941340085128092065506494      
   28454832333.0796270893581456199433789      
   28140993213.3144770640944316720709116      
   27822673242.5647291268843976861038446      
   27499830149.0051089893475306596576482      
   27172421471.1128014345429426133467718      
   26840404552.2615752872249309440126051      
   26503736550.8297146541105848667004794      
   26162374433.8502463216213067378374374      
   25816274973.2932097316853410220602192      
   25465394751.0059908310892871141732803      
   25109690161.0808452532860931425467858      
   24749117406.4802513828756472330745624      
   24383632499.8229057783934210996307593      
   24013191261.7044840583565118203755624      
   23637749320.2513933774990213502774155      
