   44856507528.4541271049719593863569917      
   44856505816.5492259525103558782369545      
   44856503817.0572831453452201868737600      
   44856501519.2838854103940123387275958      
   44856498915.7054799134174402241111853      
   44856496000.5952295373372687382895770      
   44856492768.1074333085025361865604065      
   44856489210.2429584528407110806226634      
   44856485314.5113691192707311158344865      
   44856481061.4366289959060971814050281      
   44856476422.1483228773501181348709466      
   44856471356.3082084622419193770747761      
   44856465810.1232829168403273919077507      
   44856459714.5714387328459989264969257      
   44856452983.9868042380224573149625851      
   44856445514.9711707501743289332912943      
   44856437185.5526662851101092093173513      
   44856427854.5274655965650839282367297      
   44856417361.0932393178600562275171350      
   44856405524.6279218551387905635088716      
   44856392144.5066239278522721629180233      
   44856377000.0000431487108945092724844      
   44856359850.1009430240944660308486643      
   44856340433.4809053796485096941195101      
   44856318468.1463223695844887033125609      
   44856293650.9538336625400307490426919      
   44856265657.0675705326222197327097010      
   44856234139.1838953005504233041606841      
   44856198726.3295350692470657797260374      
   44856159022.7354970897623597021859276      
   44856114606.1830565527143553924020496      
   44856065025.9932005795395484207128574      
   44856009800.8953870351817829238110655      
   44855948416.5507472071451421113237139      
   44855880322.4107558659824590801740438      
   44855804928.7183483560092495834469333      
   44855721602.6368103537687592183827646      
   44855629664.2561054384783668670586760      
   44855528382.2334460458507867654340293      
   44855416968.7255092437917993118854554      
   44855294574.0804805894513377875387751      
   44855160281.0083350837619616440555801      
   44855013098.1863694143518461100244394      
   44854851953.3499050929138567246779568      
   44854675685.9405436747023121341335070      
   44854483038.8976134701793103248851696      
   44854272650.1672929210140723143435414      
   44854043043.3346862895699999496094993      
   44853792617.7557150405054176601471747      
   44853519637.8915667179680255769692569      
   44853222222.2476637538044455668069308      
   44852898331.3004195747276520628395007      
   44852545755.5602263132126693917685923      
   44852162102.1032922265856314271418684      
   44851744781.5918521225524708694808976      
   44851290996.9664146965004942298460065      
   44850797721.1888864026368266139223393      
   44850261696.0837371866612842281183225      
   44849679411.3117078159422378570843955      
   44849047093.7689418394599095448766976      
   44848360695.8978830640881606737327936      
   44847615885.4309323919033690034270150      
   44846808036.2920617241093671312937860      
   44845932221.2730189787716958474501251      
   44844983203.4990967316547271745249154      
   44843955446.4781943823740880361894204      
   44842843091.3039364733780972702602081      
   44841639971.4459396425276808233088886      
   44840339606.7620644830238957565204241      
   44838935229.6050303700731533832473318      
   44837419744.7966191481651478222263679      
   44835785780.3208656886925929154668694      
   44834025664.7717048678187410247017154      
   44832131463.1276757411605291455201195      
   44830094949.9389080154113902999726566      
   44827907636.1959790376344725321402880      
   44825560770.6251599061130444301488419      
   44823045345.1378988378171940035229285      
   44820352099.0472967222566336374299853      
   44817471523.0428685217207239521535454      
   44814393861.4356984914472813923999348      
   44811109114.2537428416146050837132194      
   44807607038.0481188278891688540725224      
   44803877145.6453398891777444239978366      
   44799908705.8026976252769016195200664      
   44795690741.3135206826189771420536806      
   44791212027.6311262492981999327225115      
   44786461089.1533938315591251679021910      
   44781426197.8584439189461176004931534      
   44776095368.3779595416122911761242886      
   44770456356.2041450214960325330858890      
   44764496652.1059182026238670191799842      
   44758203480.5472687799299929897363972      
   44751563793.7889149305623787380459421      
   44744564271.8099931954163158031530233      
   44737191317.2593929395567728420672300      
   44729431055.4780483078440505235375466      
   44721269333.6672091408502121567423066      
   44712691721.8108246456294059714432574      
   44703683518.7034010902399627255640731      
   44694229756.0614988003525535342604459      
   44684315212.6404477132193677053586580      
   44673924427.0010519682521025786535419      
   44663041718.7172958503286087770964965      
   44651651213.6042938803131620714505995      
   44639736875.2052529467245040577526878      
   44627282537.8737212651589882903462343      
   44614271946.3047362289546009219282373      
   44600688793.6822179839071546485405274      
   44586516758.7748174591084255290930304      
   44571739538.7808927877291322983743524      
   44556340875.7694394188550764901181424      
   44540304574.7478835341845797249621398      
   44523614512.3173573260075483754482025      
   44506254635.7551266276544270382012295      
   44488208953.7432219361417637698522423      
   44469461518.7925126009579464262766816      
   44449996422.3003384963165293633166202      
   44429797693.8985827323592042674017484      
   44408849388.3596454625090654044542399      
   44387135475.9543129289839235498031178      
   44364639835.0145714027510226488760496      
   44341346225.2930696080645576632023825      
   44317238263.7775439733643537541033743      
   44292299402.8971382654244626426440614      
   44266512911.6697300636660946930597944      
   44239861859.2166907037998792713621710      
   44212329101.2944234372010943305812610      
   44183897268.5533906552529834116496215      
   44154548757.6814288710860459694625799      
   44124265723.5958787900970906789527526      
   44093030074.2113259960423910628296181      
   44060823465.5183154141180198568132125      
   44027627299.1219939072975160052997379      
   43993422719.7616098403349148803515072      
   43958190614.4235782349733693971489274      
   43921911611.6527826630232594628195647      
   43884566082.0370255372962204308309005      
   43846134138.4344436926384416542439342      
   43806595637.3835375278082271104654688      
   43765930180.0300134166440272436270707      
   43724117113.9992073709781622620197942      
   43681135534.9239005045059969346715354      
   43636964288.2242354428035289762621978      
   43591581971.1128375768447036555098598      
   43544966934.4693193750392763000465352      
   43497097284.9605028783028643848160909      
   43447950918.0770618528729126564064498      
   43397505394.4364886417653129807942715      
   43345738131.3071041034037087925769731      
   43292626277.7426111676534334777038925      
   43238146747.6655337361736747743903651      
   43182276222.2220341959617005235895145      
   43124991151.0577322799390189651501709      
   43066267754.5353835012473859945027778      
   43006082024.8890152960159439918995142      
   42944409727.6857179137535648534601623      
   42881226404.3785040613969580692782043      
   42816507372.1657821985804194679105132      
   42750227726.7923694338890551976832998      
   42682362343.6129357059241213591622017      
   42612885877.1050213364971643998468497      
   42541772763.0280166492893377927214490      
   42468997221.3630445856797372379343629      
   42394533256.5674331538219417958169171      
   42318354655.4285974538274403619659776      
   42240434993.9265044128456676673080643      
   42160747633.0431757176692619884124376      
   42079265725.6517216248488881171745806      
   41995962204.9102455697006969771536823      
   41910809804.3114831375709441636514707      
   41823781038.5028197547332336269168214      
   41734848221.8441356617705160623620166      
   41643983454.6649716589694183145549427      
   41551158633.5919356478613307101240500      
   41456345446.2531714157969380011714068      
   41359515377.4372703763144639988730210      
   41260639703.5734089622073102322531405      
   41159689499.8272538189729866150052710      
   41056635635.0879149910530555888900439      
   40951448776.2475658797371328412430222      
   40844099386.1433832170537616466918604      
   40734557726.0839357575237439896192303      
   40622793853.8426916303011930617578974      
   40508777629.4312388391207424965851016      
   40392478709.2463111777558988709657409      
   40273866549.4762091228725584856196039      
   40152910408.2271587100681483221912977      
   40029579339.9191532745169635796184310      
   39903842205.4269947559690156708933511      
   39775667663.9138160308365840961002727      
   39645024170.3655879540843678922791057      
   39511879993.4087546111788024340171866      
   39376203193.9712187190092944426042339      
   39237961639.3098504738195090227541162      
   39097123000.5408316031195500347027437      
   38953654744.7159834857482942003786610      
   38807524152.7311814126748050416277036      
   38658698301.9816816986827787577614791      
   38507144078.9348311508768596950331781      
   38352828165.5104607317363075416818727      
   38195717051.1423186666785056354027052      
   38035777037.3002703262203988206895150      
   37872974223.8115163113719248225851662      
   37707274515.6427535762816234036941506      
   37538643622.1650513011107624162521485      
   37367047062.5655862662762334829964179      
   37192450150.5966888019847873826878515      
   37014818017.8404798824613421794491705      
   36834115596.6917833407304398866522880      
   36650307625.9091036465549621541670759      
   36463358650.5947587811036495798520361      
   36273233012.2065164820194793623752762      
   36079894884.1827315197774572655618071      
   35883308218.5846859702566700607350194      
   35683436788.2877729566186272860875552      
   35480244177.9776799583752151183680469      
   35273693753.2282216265381649801768975      
   35063748715.7279380465606481073282288      
   34850372062.6756074499999761521554885      
   34633526598.8433832000877027162141481      
   34413174938.2865700964520564043319215      
   34189279492.2218306730741345604360702      
   33961802497.3890321255846368570928149      
   33730705984.4780111592887069521030253      
   33495951795.5272649902614402156015754      
   33257501580.3536253194738770706403973      
   33015316796.2382114541316201319686202      
   32769358705.4651342470060753665567343      
   32519588387.7253151697653423440187885      
   32265966720.7340505474349472970798431      
   32008454393.7484973513575505215482490      
   31747011905.3706754703273756627571550      
   31481599561.3432162443140247972779657      
   31212177475.7123658656233028970474876      
   30938705570.8343237255988261253335772      
   30661143577.5838937737273510725377431      
   30379451034.0429189863319330176051260      
   30093587288.6740495316574334340225082      
   29803511497.2534171798181797931768199      
   29509182625.5645360176648675523303149      
   29210559448.8772625772166928374770951      
   28907600549.6158007910250569663293715      
   28600264318.4504627537028837305441362      
   28288508955.0534581346590236191653846      
   27972292469.3176084402787994520590992      
   27651572679.0279276771463490275122191      
   27326307211.5718082741041294458360179      
   26996453502.3933066146381764005559597      
   26661968793.8666416081924817325391326      
   26322810145.5089464540391633307052981      
   25978934420.5705714339861094794784180      
   25630298287.2644411317848818392254413      
   25276858229.9217039153403305087247951      
   24918570539.9634107155497759338975808      
   24555391319.9085268354084112067526274      
   24187276479.8587699450155637633283800      
   23814181738.6615660671111070730778905      
   23436062622.1073275320533618225833057      
   23052874470.2593440688530648071409608      
   22664572433.4625348559920050606265710      
   22271111470.1589868479789601044168050      
   21872446347.9498963146847207614037831      
   21468531640.0612857470819564369930407      
   21059321734.8771977662296714196987797      
   20644770830.5800545455881037042381720      
   20224832932.8896716682128370797764235      
   19799461855.9056959507615853677778532      
   19368611226.8501709345419529294618077      
   18932234484.4336403766770168526260004      
   18490284874.1999815625474556205164197      
   18042715452.8546739795408755675982370      
   17589479086.3667754838739887699917640      
   17130528448.5414348236542439017398140      
   16665816020.9555146025550305865924945      
   16195294108.0381774164502432335352356      
   15718914813.6037824926843298060152793      
   15236630055.8227295381491549300376449      
   14748391562.0010116054948988397407352      
   14254150866.8112469966397076121893105      
