   44683923612.7187281076161778673092207      
   44683923612.7187281076161778690505881      
   44683923612.7187281076161783094711063      
   44683923612.7187281075855142195888594      
   44683923612.7187280682249721466246766      
   44683923612.7187231397409857986708962      
   44683923612.7185529087475265184655384      
   44683923612.7160201265839735164435070      
   44683923612.6949859689622567055485049      
   44683923612.5798707787389985509585595      
   44683923612.1162298263116908462711452      
   44683923610.6342131035459290115880990      
   44683923606.6701391161150300088919954      
   44683923597.4534139131325967945955684      
   44683923578.2978194194462387137779988      
   44683923541.9299827492697362534671794      
   44683923477.9399327525162249530434557      
   44683923372.1880422658532545538942971      
   44683923206.5060174890134835190888674      
   44683922958.6127834341372953261728442      
   44683922602.3323585739887434871992465      
   44683922108.2583957706332499082978980      
   44683921444.7137122506762861787175337      
   44683920579.1002842697149298245953908      
   44683919479.2543487103268683708282226      
   44683918115.3976317386230206241481347      
   44683916461.0644014324977769014978576      
   44683914494.6085806008402723838546215      
   44683912199.5844753366353728438535916      
   44683909564.7968755302133956335377251      
   44683906583.7283098450134655976634665      
   44683903253.3922769216230544172082462      
   44683899572.6335633787703397724898468      
   44683895539.9890210414529319700732024      
   44683891151.2433721431845875193188571      
   44683886397.1258696488298284902956004      
   44683881260.6292643490726877296865896      
   44683875714.7353276634445381419528428      
   44683869720.2315446651582857539524590      
   44683863223.9624892213291142160034226      
   44683856157.2973736146746886384560737      
   44683848434.9630448338866447344498225      
   44683839954.4433024051150719385953030      
   44683830595.4162005609647961135430030      
   44683820219.7037438772837895292585029      
   44683808671.4289253382661964115563126      
   44683795777.2945029867952611728313934      
   44683781347.3294503637960867163077984      
   44683765175.1994849161428395234352124      
   44683747039.1020746957627987312363283      
   44683726702.3793016113505068058853355      
   44683703914.1853298572788663528213297      
   44683678409.9946197906073612823973279      
   44683649912.0882523368901634695246189      
   44683618129.8270353413244949140323895      
   44683582759.9603986103748436254008862      
   44683543486.4536095237518978780424620      
   44683499980.3602767287414293678095318      
   44683451899.3608392745358793809381990      
   44683398887.2862529264472297997745513      
   44683340573.1127770476067445439374304      
   44683276570.0739210007888387463425177      
   44683206474.3217424831583931743757133      
   44683129863.4357743081074442679703697      
   44683046294.7367188112828849221094958      
   44682955303.3213562324722641611339349      
   44682856399.9697349682996094335558196      
   44682749068.2197336112186435531032540      
   44682632762.4932460074955184983341655      
   44682506904.5275386403280561411142305      
   44682370880.4670206993517282015058843      
   44682224037.1259992706376449345323910      
   44682065678.4188545182279877948728523      
   44681895061.0848517453730988845384248      
   44681711390.2923780131050007229655254      
   44681513814.7450483618216369010396418      
   44681301421.3734777913328442717688839      
   44681073229.5855682824105780511206184      
   44680828184.9238984653294104408776085      
   44680565152.0922387165461016405650417      
   44680282907.1967086162919700842379979      
   44679980129.1183813712471649152916649      
   44679655389.5978820795177180427877657      
   44679307142.2037077686951130714718816      
   44678933709.2480411396174772133402129      
   44678533266.9322881492312303210486835      
   44678103827.5995460106934776961676055      
   44677643219.1239028772676730269156354      
   44677149060.3071324450140863029666291      
   44676618732.3146259743754965058644927      
   44676049345.4131931412206914284645037      
   44675437701.2045733407062792187986170      
   44674780251.1597320666144546093932980      
   44674073052.6394048369197367953824379      
   44673311725.9010735353741479439795563      
   44672491414.7991650927836335134858450      
   44671606756.8695105207044175784210251      
   44670651867.0076096721523763910226557      
   44669620338.6579604594414278391250033      
   44668505264.5794068485393673443564748      
   44667299275.9875609584972717216142488      
   44665994596.1833993940950542488275669      
   44664583102.7984090319346468404938939      
   44663056391.5731496587398424233175652      
   44661405835.3804076000367773137014278      
   44659622633.8307305985699649970529671      
   44657697851.0378454053568434553417629      
   44655622440.8106844336539423904012143      
   44653387260.7175764082895087014684904      
   44650983071.7879487229013955248656542      
   44648400554.9193585336977324655516805      
   44645630275.9133093168041118512578143      
   44642662692.9920950184746409043681637      
   44639488140.5349940711872320554344537      
   44636096816.6819316650339141974741503      
   44632478771.3343260889980205227177228      
   44628623894.5953000259296822554704808      
   44624521907.9829637465348299819774324      
   44620162348.6688666616591810869798343      
   44615534570.4382633985408265649994724      
   44610627730.0669281601122448649665577      
   44605430782.3531326393972356693339241      
   44599932482.8838218516136587650174990      
   44594121349.6881514731572125211839480      
   44587985708.6989061060570658259235396      
   44581513657.0422499973821156331816884      
   44574693067.8302866912297153404314731      
   44567511587.4232717560428868767553310      
   44559956632.7865083039104399078899944      
   44552015389.3403981554510288530040614      
   44543674808.9377521300561076870684254      
   44534921608.1386293413087279773230848      
   44525742266.5741020015253499459357037      
   44516123025.5889763563951297133786923      
   44506049887.1202076369026076520355717      
   44495508612.3463961561547700285194108      
   44484484720.9998088063475244115361739      
   44472963490.1439905230268682580277966      
   44460929953.7362466434165219466289444      
   44448368901.7718866159235893350523315      
   44435264879.8319816907860299955838245      
   44421602188.7359204101056176876831792      
   44407364884.0563638904905732381707282      
   44392536776.2578929883228006889475619      
   44377101430.7978687599852208656189414      
   44361042168.0349524913589561190182903      
   44344342064.3096280369285402306322700      
   44326983952.3254357505219247736358457      
   44308950422.5791711518264401709381655      
   44290223824.6690098292352266764952870      
   44270786269.7810960261257450639738249      
   44250619632.9111489635973670318179702      
   44229705556.3134631480211509368416129      
   44208025453.1161377213225119411569260      
   44185560512.4699750757156830898246381      
   44162291704.9381879566702301438969258      
   44138199788.7060175132768578338758321      
   44113265317.8180255326241542893081581      
   44087468650.2084181550974649517642549      
   44060789957.3241804376087968307050428      
   44033209234.7029940125660292695998267      
   44004706313.3810962490381114312219667      
   43975260871.6251625212473827384904391      
   43944852448.2260621879954655321463050      
   43913460454.4007510342755740482774531      
   43881064187.2415739318562633818076234      
   43847642841.8368675411978582695444323      
   43813175522.8920396859048996187893668      
   43777641255.8831912531035522494262837      
   43741018996.2688471342443754128043046      
   43703287637.7221585371722378396233029      
   43664426018.8415253821282866866626957      
   43624412927.1185817084750606261483420      
   43583227102.6103342558309954549176976      
   43540847238.5863629177080015642456170      
   43497251980.3913634435726379117475350      
   43452419923.0517022597140560079724738      
   43406329606.5308396111502154570854737      
   43358959509.7947044178105773355774287      
   43310288046.3849688649721076518790341      
   43260293542.0712848409952283784641064      
   43208954245.1415060113455248027235667      
   43156248301.6861514335537958072304277      
   43102153747.7949538955906987670640966      
   43046648497.7856739830150982561552422      
   42989710332.1750364695067560196021620      
   42931316886.3795663753830324604624166      
   42871445639.4202505169948666928812787      
   42810073903.9495479928960579778097088      
   42747178816.1691714699181228088034354      
   42682737321.4419915925102761966448998      
   42616726189.6928201421134849508473647      
   42549121974.4809480025339574371040759      
   42479901030.4684889319515110872866029      
   42409039501.7971731327774916884137135      
   42336513319.7654667688843817143728562      
   42262298239.4261244946094151908129086      
   42186369672.1110480891997903209047197      
   42108702936.5619036657541487990049194      
   42029273088.1826462555049433987878451      
   41948054958.7044463753369315129418844      
   41865023157.9436362565160786441221678      
   41780152074.5224025735581360997780563      
   41693415875.2767562580473320695541393      
   41604788506.4842961271373078259639876      
   41514243695.2737572551895048557480884      
   41421754950.2552243418888211252867906      
   41327295561.8488697364488701839820908      
   41230838603.8752156460759130980178337      
   41132356935.8325216319154403038189708      
   41031823203.0783946212328836060281557      
   40929209836.9905656533075768461780664      
   40824489061.8745285898550531544004693      
   40717632887.8379805806524899290264277      
   40608613116.4469783076711165526195999      
   40497401342.0420382643975257846943582      
   40383968952.8929440533192487456869134      
   40268287131.1763953774824875299628507      
   40150326855.4748390794458662513898009      
   40030058900.9377689936007173251736845      
   39907453838.9768976068047683327698395      
   39782482034.7797630708000096750538542      
   39655113662.5521079471652752943557588      
   39525318688.5839718326386114377755093      
   39393066882.6793179363440420582254690      
   39258327816.4533340066031852848935143      
   39121070863.0982797202063008861715637      
   38981265198.8296664264540999446488340      
   38838879804.4150799886509806330223599      
   38693883460.5814053095612770103913378      
   38546244756.9280614941897251565686982      
   38395932086.2199079313221315906612528      
   38242913647.5078707772324434694587651      
   38087157445.2611847810558815339771069      
   37928631290.6394832649369127796679462      
   37767302801.9091828075846172337540776      
   37603139405.2755084292579932530710131      
   37436108332.7304009767611440936549318      
   37266176624.3503607891150704027642110      
   37093311129.0880118992792111957721761      
   36917478503.8613098055389117633821945      
   36738645215.1416238524066888991937722      
   36556777537.8512141782421149908698021      
   36371841556.8814303393593863413847891      
   36183803165.5699530471321327247025758      
   35992628067.6280467297230732165011845      
   35798281776.2810287155128161050997928      
   35600729615.1622703741379669428356141      
   35399936718.1707156569131985829053570      
   35195868029.2684086004609160413803714      
   34988488302.0578675665459178417272101      
   34777762102.0985111649714539659454517      
   34563653805.5444891437955756384538438      
   34346127599.0527320984119689312316910      
   34125147478.7301391416475203527678590      
   33900677254.6021372329313045350720695      
   33672680546.8314702868977690466542752      
   33441120785.8708144619339612399922039      
   33205961213.2932529030588169184235457      
   32967164883.2992208672154404306884735      
   32724694659.8812273253740390232903642      
   32478513220.3861899155538553978226401      
   32228583051.8983256084819197833692410      
   31974866452.6101301628668030534774145      
   31717325533.7411875163245602706793171      
   31455922217.4481381208127599640573751      
   31190618237.3363478392118065701503111      
   30921375137.6527112168934900198377072      
   30648154275.2709177480534164704001453      
   30370916818.3104553705988511872464361      
   30089623747.1270974359635227874535658      
   29804235853.4257231369499541827964494      
   29514713739.2926793335994760705783127      
   29221017819.7819335179623180986744593      
   28923108320.2619688239062657120219585      
   28620945279.2380457371728226605928918      
   28314488546.3609174948624987853616301      
   28003697781.4673857793630555234553712      
   27688532457.2668143923433351945529307      
   27368951857.7172844866786758076304121      
