   44856513694.8129263850519348258483991      
   44856513694.8129263813416074611309610      
   44856513694.8129255754706508405904520      
   44856513694.8128861700865768771990989      
   44856513694.8121144230017411683061502      
   44856513694.8041627413529743933535274      
   44856513694.7528451637046789531788544      
   44856513694.5184942353174122461682565      
   44856513693.6933036056091739833155679      
   44856513691.3124121314394458642468550      
   44856513685.4322447553433021343465320      
   44856513672.6757292561579853048956144      
   44856513647.3217882092868816792802352      
   44856513601.1807415630478987281338738      
   44856513522.7487885503241068457975487      
   44856513396.9114492068171747803515487      
   44856513204.7938986274588537306605335      
   44856512923.9277847115604060385122804      
   44856512528.7739279785236944729933959      
   44856511991.5699033958356108022570336      
   44856511283.5312100376554915525715781      
   44856510376.4052941287785916178973986      
   44856509243.5730200937530429607882100      
   44856507861.3124329131454695067846985      
   44856506209.9222556579076033813239391      
   44856504273.7653063501490835263118961      
   44856502041.7794874210612905511139600      
   44856499506.0681639680527463759148735      
   44856496661.1454760651709299099835020      
   44856493502.0188185212180123113320971      
   44856490022.4235090704696614894870834      
   44856486212.5173404346430440755827082      
   44856482056.5631346531170045260388097      
   44856477530.6288596751850761204273054      
   44856472600.6540160103001364363893838      
   44856467220.4854518113605694428561485      
   44856461330.4118664378993416812299507      
   44856454855.7596916525629631535814845      
   44856447706.0113189011718320997575783      
   44856439774.1984719424082110645366352      
   44856430936.4192430703456063083854748      
   44856421051.7892877064919829809432551      
   44856409962.5429903972465143008624090      
   44856397494.2232116503384784218129247      
   44856383455.9771632607719725248114522      
   44856367641.0023728253560825697944177      
   44856349826.9679678070093123240133755      
   44856329776.3868608565935249346933151      
   44856307236.8893412109500856472786290      
   44856281941.5102838713887049422952425      
   44856253608.8809376577346465089141110      
   44856221943.0864432924252736572081710      
   44856186633.7629713870818540987709600      
   44856147355.5175634019567770849501439      
   44856103767.7604142154193321191060140      
   44856055513.8415389970138879843373838      
   44856002220.3159452988062162179319947      
   44855943495.9098561323272297169438893      
   44855878930.3095412267837591368145384      
   44855808092.7359225898121039568698324      
   44855730530.2996250099769667169790831      
   44855645766.1844974532427524594654652      
   44855553297.6232334323710746213800212      
   44855452593.4244586984210960575307955      
   44855343091.7007243280129829396405012      
   44855224196.8450230396229401263477656      
   44855095276.5878338791474254919428236      
   44854955658.6481726117049701549170169      
   44854804627.0784301655705111086525384      
   44854641418.4144219753955268202103244      
   44854465217.3333606433606121002470898      
   44854275152.0700654228777788074744854      
   44854070289.4681606691747759459255493      
   44853849629.7183353928168909847139376      
   44853612100.4390485982850759444892461      
   44853356550.5497167165206286252761065      
   44853081743.9143634913191419356835046      
   44852786351.7356590034054123064858751      
   44852468945.2804254667003546501675491      
   44852127987.5923671923842889917278786      
   44851761824.7941657910628973533692707      
   44851368676.7822850118910234623610112      
   44850946627.2063333075686492938649410      
   44850493612.9270444842889363175253771      
   44850007412.5986974820929724939554416      
   44849485634.6430555775777137046369646      
   44848925704.5745519918125431482349266      
   44848324851.0088030648588515914447246      
   44847680091.4159035464943681777859844      
   44846988221.4743267926994654665452390      
   44846245780.4013493529488212849539151      
   44845449059.8755494297357819680627280      
   44844594069.0972577865413139364542158      
   44843676519.5461305416439734728825340      
   44842691804.5922798205000253888977214      
   44841634978.3127278922897299872051532      
   44840500733.1094228093084220835887080      
   44839283376.4513772206263387177663528      
   44837976806.7611733609114400624311022      
   44836574488.3821300623150096408989161      
   44835069426.1018743620918969339698446      
   44833454138.7835741564024957834348957      
   44831720633.3129576871518717010764177      
   44829860377.9337342946245117701646663      
   44827864276.3287582887041310469482207      
   44825722642.2790121669932815406924563      
   44823425175.0705968374025226782783745      
   44820960936.9935351032455448854862710      
   44818318332.2317098624061007582746851      
   44815485088.2232766488164250711765136      
   44812448240.1699168140743326338225937      
   44809194117.7704208199206548351463610      
   44805708336.7534586626324960826995803      
   44801975791.5990456100390147967938690      
   44797980653.2348735459427668644030210      
   44793706369.0819441429325436224119867      
   44789135665.4617178898544746471878232      
   44784250552.7523659555559079548489524      
   44779032330.3185880887340655273583989      
   44773461580.5323563798872564488357512      
   44767518239.0925101271730561083885240      
   44761181460.0101979394504549019076044      
   44754429772.4716715853970063163664307      
   44747240993.4610926043067366578203696      
   44739592269.2904512645093286747126062      
   44731460101.0785109523810050310767488      
   44722820400.2748796063178301167247331      
   44713648587.5953637260994722947611259      
   44703919749.1392508801492287599868648      
   44693608823.6715033910873171276974206      
   44682690853.4517166672617255482040568      
   44671141239.3037990387170930522305798      
   44658935986.5834390822623779118206706      
   44646051911.8869837265235117099065790      
   44632466778.4411346667252350843967083      
   44618159344.4258085318664953420319196      
   44603109322.9749479259277596270113535      
   44587297268.5735189680833321464394168      
   44570704415.0170788609848263380976949      
   44553312490.0548032592546543223571398      
   44535103527.9810601362921774517549703      
   44516059718.8495309402302470029533827      
   44496163241.6079256215313484700825834      
   44475396168.4555077252877586279495230      
   44453740399.1447892753849810602503476      
   44431177499.0553154056526066685402415      
   44407688816.8516103823342395691346148      
   44383255345.6127825725006145159208944      
   44357857738.1902798554618495215397902      
   44331476300.6958360522033711745774919      
   44304090992.1278712273221653187107188      
   44275681427.7079090990913699230957022      
   44246226884.7673012134154835388942735      
   44215706310.1324539004030554345282620      
   44184098328.2815284604167840074634817      
   44151381249.9196624354224952129166826      
   44117533080.4180081624324690051453541      
   44082531528.1206123227313629014480693      
   44046354012.1929110246230123646060661      
   44008977670.2599001659542997349497873      
   43970379365.1695407470607197871900668      
   43930535691.7020400909269720935362920      
   43889422982.7057005505232824336814241      
   43847017314.3054228911639118335820195      
   43803294511.9471380483264853410680760      
   43758230154.1248598290308132798926656      
   43711799578.0432807608693415999408225      
   43663977882.0250203494583487379460948      
   43614739930.1456469793220654153223867      
   43564060356.1547849672589905148229613      
   43511913566.1909726534866376647410583      
   43458273742.4188440669131448099608661      
   43403114844.9383671406033611238381748      
   43346410614.3979651215564951382019250      
   43288134575.6923945105521064097189111      
   43228260037.6648055937743207556259429      
   43166760097.3592670815163905611242640      
   43103607641.8161125979222893322891949      
   43038775348.0052706160083188872472959      
   42972235686.6426983581756214773134756      
   42903960922.5558069224787997096554655      
   42833923116.3038542992222623776079030      
   42762094125.6781720970055404962149790      
   42688445639.0118900733205337781625627      
   42612949046.0782082783067461416763585      
   42535575637.4367210135239097006244571      
   42456296470.2158912002567327635441878      
   42375082405.7744035031306275808577754      
   42291904108.6060124567524608512313201      
   42206732047.6965688118163337694564973      
   42119536494.8421672750428739335303825      
   42030287532.1390108055653369692629588      
   41938955045.2036254798618013783334509      
   41845508724.8721705763805216836240422      
   41749918075.2008415546610751674029968      
   41652152403.4923737219178243024952447      
   41552180829.0317953670022598250018391      
   41449972280.2871501054900606601609099      
   41345495492.4830605259952599771091712      
   41238719014.1889003557607915661187890      
   41129611204.2336367113189309952201297      
   41018140229.7491673063680333021234207      
   40904274070.6958811322731999319249975      
   40787980519.4565080780022566481435189      
   40669227180.0028463155881531692784899      
   40547981466.1171620349106294892659511      
   40424210605.3885962652661227854950170      
   40297881639.1118548325151560042220722      
   40168961420.0978651210412199003826710      
   40037416614.2176300948577756067469369      
   39903213694.5596324502054922580500427      
   39766318959.1617747051618207550756654      
   39626698509.8484250222511996002656340      
   39484318266.2882341009168467262862800      
   39339143960.2933318475165237554509580      
   39191141135.2421667540559199691293816      
   39040275147.1660481280483759707628060      
   38886511173.3800446916697765178820903      
   38729814198.8959016471317278054393397      
   38570149023.9361332135920037229060871      
   38407480261.8842695145257577818206980      
   38241772339.3355962090263902095150773      
   38072989499.7397015680383308092010503      
   37901095796.0504529266657023572449751      
   37726055099.1550914857609423339074516      
   37547831085.8062596122856377118027000      
   37366387262.5107693575131417195683253      
   37181686936.5210386937178384055273494      
   36993693232.9087263682558909630374973      
   36802369090.0613964483247917890859132      
   36607677260.7450188094090252483657552      
   36409580305.0758309605636509401980724      
   36208040607.3134487427054623256091689      
   36003020360.7920866275693494099060487      
   35794481572.4473620031760627005911625      
   35582386062.2426746125032564542472315      
   35366695464.6776067797278350717910072      
   35147371222.0149948631723027526325530      
   34924374603.0030145923008597331759948      
   34697666687.6153906123237117804381054      
   34467208346.3759818822363892131984828      
   34232960289.2903804349278830771029225      
   33994883030.4178136880473410881399126      
   33752936897.5311316407268805983445442      
   33507082031.3654928954749430780051237      
   33257278385.6958074898704706544265018      
   33003485727.1367529441996871500305401      
   32745663636.0848935090201197661094741      
   32483771504.7060893142775717677825444      
   32217768545.4104705355510052307161020      
   31947613763.3557696654343740620939111      
   31673265996.6433245105880937459039423      
   31394683889.0023613888124955773759510      
   31111825888.0894626849843165856087013      
   30824650281.8532344000507403215297119      
   30533115142.5444671579960634062221600      
   30237178364.8634917091885603064708819      
   29936797655.6506510070360715440898306      
   29631930534.7201721046386793127370131      
   29322534331.0536821868630773585940330      
   29008566191.3365915175851386260872959      
   28689983072.2979556024887435352705939      
   28366741742.8216460152451925985263296      
   28038798782.5258575097068395553605695      
   27706110585.9017937032035045551046236      
   27368633358.6952781866844078591298246      
   27026323118.5180061417327391032522237      
   26679135693.5378581104469864948130862      
   26327026725.6003619342761638842333451      
   25969951670.0242099711968711827572497      
   25607865788.5918873239123592995183069      
   25240724162.8196304266959033658121301      
   24868481683.9989809312140899079489316      
   24491093052.6007156886059581221621239      
   24108512782.3929239707738673830641053      
   23720695197.0648770509565551615072041      
   23327594434.5896668075429990494482548      
   22929164445.4592703851517850166026298      
   22525358989.5296841337971142613404139      
   22116131641.2886687009589490550751197      
