   44856469207.1184740913263932597617843      
   44856463507.8960468661954055016354768      
   44856457252.6624666648882350066250006      
   44856450356.7113077238004464897986358      
   44856442719.0110582450427560948273603      
   44856434221.7828895110241606810590075      
   44856424730.2292334734914474331715481      
   44856414092.6295828283300247495922037      
   44856402140.4970369093617319144091655      
   44856388688.7974529749036088581249120      
   44856373536.4249348579092334642696168      
   44856356466.5469844824363098236133859      
   44856337247.1230450608025679776504652      
   44856315631.0619121148450987116674782      
   44856291356.6274325879117687696937883      
   44856264147.6290013121322231822251038      
   44856233713.3278024822100783445177322      
   44856199748.5657716786317951474053214      
   44856161933.5220929617606706705403567      
   44856119932.9987551335988724897501163      
   44856073396.2284639213230970262546177      
   44856021955.9083083292657823561745823      
   44855965227.2866463939327227783984496      
   44855902807.0460818249493763124185888      
   44855834271.9235384315827084436982181      
   44855759177.1829793390085820179824562      
   44855677054.7985856832538497594250939      
   44855587411.6013891937553025282433527      
   44855489726.8406057918707410811076332      
   44855383450.0040811003053037720382031      
   44855267997.9080444486639470501575131      
   44855142751.7857219870216055592554218      
   44855007054.1637385066099908575747869      
   44854860205.1851416383279868851248218      
   44854701458.9107418031388617903192973      
   44854530019.1456721103166158748195942      
   44854345034.9617421286199106281252211      
   44854145595.8069169760545186287958534      
   44853930726.4549557462617926688739816      
   44853699381.2505894216978008934908509      
   44853450438.0997743502454871555237446      
   44853182692.2557772443432648692583239      
   44852894848.9630492396116113008825209      
   44852585516.2962272400961443067102950      
   44852253197.1206826635297224283802310      
   44851896280.5792232521485485567074900      
   44851513032.9888262906923590594050850      
   44851101588.1036551627993055852303246      
   44850659936.7407969849890587462593810      
   44850185915.6892941037596437516334333      
   44849677195.9760066601347832666186137      
   44849131270.1543080104693841635336291      
   44848545439.3115026322373125599556503      
   44847916798.3627076246001333206949851      
   44847242225.8495944716602101073054073      
   44846518350.7415021788036650403309287      
   44845741559.9232625090626682749648139      
   44844907964.7106896181188773219409412      
   44844013385.7367865589923450361824622      
   44843053332.9914780437247050382598394      
   44842022984.8571106384458412305822488      
   44840917166.1922291911843649909193097      
   44839730325.3914614419655677491636313      
   44838456510.5483892972505778578976859      
   44837089344.7503401932420627818516351      
   44835622000.7652830544423636250641219      
   44834047174.8355794027368578504764696      
   44832357060.7675265689292227068777865      
   44830543323.1994811674774983367882763      
   44828597071.3883807252070289122619075      
   44826508833.7819587815116260373643573      
   44824268532.9487655156844274735085767      
   44821865462.3788492189230033995177888      
   44819288264.7658220340753608625615828      
   44816524912.5322976014724348863792712      
   44813562690.9110531412667910379851049      
   44810388184.0729827252181422919372604      
   44806987265.1217271964241270376682841      
   44803345087.8094237303958807895969219      
   44799446082.9508117431568530444442256      
   44795273957.4901566101569016981871562      
   44790811696.3990500902065692611066248      
   44786041566.1414337089328977921311974      
   44780945120.8311313278901963813055633      
   44775503207.5768394580145289830940307      
   44769695969.4411050887164265966875244      
   44763502878.0061189781992685259007265      
   44756902638.9776543021758759449190083      
   44749873363.4050926928086879492996167      
   44742392423.1865438645827293357110114      
   44734436546.2797174033588901868816177      
   44725981846.5873324952963037418023230      
   44717003906.6601234644880326983981957      
   44707477911.8207531914877783440784953      
   44697378828.6129427135684396232689228      
   44686681632.0255195831849284509519321      
   44675361565.2092026575397027616468581      
   44663394389.4431240399608764960792453      
   44650756610.7878185169293783096439705      
   44637425641.8765654491113678818804113      
   44623379884.2180750697423696697183631      
   44608598717.8266378714338424729652625      
   44593062411.6309493945807017844719734      
   44576751976.5189449625347758054152133      
   44559648984.1789986583438477018061934      
   44541735377.9965857823627362519781494      
   44522993314.3965463913098405719518580      
   44503404986.0642226111934828864858796      
   44482952516.3362174897416285671571455      
   44461617885.7290889015744002321609892      
   44439382753.2557685221812902780866353      
   44416228581.3613578045843903467016321      
   44392136482.2216279927179629711134195      
   44367087231.9158600307579401902041255      
   44341061261.3482099457620409944322336      
   44314038653.8650105652924383107531876      
   44285999147.5801512207531745471559126      
   44256922140.3229753822850402677380803      
   44226786696.6341925428803136875111157      
   44195571555.7550558100538592925699615      
   44163255140.0290109709666327314000014      
   44129815563.4892986513521370478226829      
   44095230640.1642081596785193221749627      
   44059477892.1439722657239025029640893      
   44022534557.3108351240237821732134475      
   43984377596.3299759826170725310395519      
   43944983699.6203339163227362174730049      
   43904329293.1907357305359890288822341      
   43862390544.7717890053393905301490777      
   43819143369.3594551694894791546314032      
   43774563433.4800318684917552827405507      
   43728626160.4192240294744916118771516      
   43681306734.0107359001503769642384566      
   43632580101.7682422451396651175748045      
   43582420979.5784929017814687257768121      
   43530803855.6699901731167240839855004      
   43477702991.4040699250582219409125207      
   43423092426.6347756489487409424000680      
   43366945980.7730363235309435215830457      
   43309237255.5584715399011682649626476      
   43249939637.1878514370245309179580450      
   43189026298.6388104066068331508123456      
   43126470202.1333006802380254253260667      
   43062244099.8813240592501499502748095      
   42996320536.2046128735427643358292107      
   42928671849.9385635777951946821941766      
   42859270174.7709330014801681754547101      
   42788087441.0773045620438467742739144      
   42715095410.6215502431510335218768764      
   42640265542.9940325169837986010978371      
   42563569199.8827985515118157193246190      
   42484977511.3337579035410473998812582      
   42404461409.4654083027883444419713016      
   42321991627.6642885563513112878054501      
   42237538705.2853191179926798160498491      
   42151072986.2949328712988177574314945      
   42062564619.0809618065641515054150949      
   41971983561.4211947294964515229082629      
   41879299571.5362850230152979876038406      
   41784482222.6064435969247755532201768      
   41687500892.0195246485886039914085864      
   41588324766.0812735241546647630314958      
   41486922841.9055752908666470634682073      
   41383263924.5703129690738789262059270      
   41277316628.6948834831194442397426198      
   41169049381.3839073644231608638958397      
   41058430419.2975110048150362759436914      
   40945427788.8667369435881527068704985      
   40830009349.9372411594200272534535000      
   40712142773.7383559193327559802304266      
   40591795543.1571858402889445101628864      
   40468934951.8798172022817298036309536      
   40343528108.4303740837268748856721838      
   40215541932.5926758005336959713388967      
   40084943158.7711850292158365623139034      
   39951698327.1274491871147653214067908      
   39815773800.4379989591844739819265045      
   39677135749.7753803842916354829871282      
   39535750161.3581977689172103137093323      
   39391582833.5524978467151534068218936      
   39244599377.0281148727881285844374008      
   39094765214.9266108595027051702803743      
   38942045590.4100836281610586736779539      
   38786405556.3942082869085439911431341      
   38627809978.8635005361247764792986956      
   38466223539.3360575985468348147444732      
   38301610731.0795931677138623567492875      
   38133935863.4981818220787337284147530      
   37963163056.5545406519580018510834671      
   37789256248.1002266506476639020890182      
   37612179183.0786519558411741550315789      
   37431895432.3904927911194430016902216      
   37248368371.4115369278141036420992431      
   37061561191.6146708407752191800588947      
   36871436898.5130434235881636216244100      
   36677958313.1359624880305528132219525      
   36481088060.1970397782112041051630015      
   36280788591.4607756598642626838099208      
   36077022167.3860995184762233093723039      
   35869750861.8405323868650579377022348      
   35658936561.9895794866191880851460176      
   35444540968.5955249497407068931261566      
   35226525592.4323995620186586032413821      
   35004851767.1231061470076061533490748      
   34779480640.8222166669170053202929453      
   34550373150.5760521428444414251465571      
   34317490073.6487251054308883919959261      
   34080791991.2530635193609212856450744      
   33840239297.9928307177419669132066626      
   33595792201.8079338364788584804963163      
   33347410723.5753215433884950309333263      
   33095054697.1030496069340302390529829      
   32838683769.8550294366912415609748241      
   32578257400.7624823794152081432293814      
   32313734864.1435363282139694394141856      
   32045075250.1690144940019406742004153      
   31772237445.8237226396604615201357477      
   31495180168.2306467085416384456301209      
   31213861932.1528486030195487156453947      
   30928241093.1573987568663997380369446      
   30638275790.5978829537848010333840550      
   30343923986.3257961316370478398963209      
   30045143454.8145166941152511698033909      
   29741891781.5434039544217116991143117      
   29434126367.6236543733119037889653171      
   29121804421.7314751460822308690243226      
   28804882969.9982223079588345728598218      
   28483318848.7009985734279109419817564      
   28157068705.5103023752415844839642717      
   27826089001.0748272785608308560120903      
   27490336009.1945899956764163449684036      
   27149765814.9286630740327741632653968      
   26804334315.0378654823189760063155641      
   26453997216.4988991399678581252243818      
   26098710043.4517731778820213116029006      
   25738428127.8277684785063082453093648      
   25373106611.4167868023773496295680054      
   25002700458.5847017603487775597134588      
   24627164436.6196951891404361377315990      
   24246453126.7250300345991735651077990      
   23860520919.4031342544592961928143064      
   23469322021.0885763207614499103778877      
   23072810448.4576500439805425148576846      
   22670940030.6049846562818790282198458      
   22263664407.2766824314929314044624582      
   21850937033.3681010342193176319513836      
   21432711173.1899691721304671230053029      
   21008939901.6059047835657830166632239      
   20579576108.1797330838124699033106792      
   20144572490.0901461550091348726635314      
   19703881559.2029879107003936099038035      
   19257455642.4699027872109363487560276      
   18805246871.0047678366019032888175005      
   18347207193.9226608807231179507716449      
   17883288371.8182208579620215828618244      
   17413441974.9463161822664648886929691      
   16937619384.8223619442005378335285360      
   16455771797.2628360697849643901231432      
   15967850215.5624832744617668003624967      
   15473805459.6228871531206718057345734      
   14973588159.1432304160112389210862457      
   14467148757.5267698824752878531538125      
   13954437508.8520078852405698210529394      
   13435404477.3144364137820051531436260      
   12909999541.6749014137651586593380624      
   12378172393.0773783357824990729317472      
   11839872532.9418717891326808767825803      
   11295049276.0336872439385348618898698      
   10743651745.4088450661218261754477874      
   10185628881.4634718022159087647706546      
   9620929434.42046631952155068243852934      
   9049501965.06376477475932776233056461      
   8471294848.07262683395034039864929529      
   7886256271.30692519033335298629926214      
   7294334232.96098552076325518974610691      
   6695476543.97330715985520691665568444      
   6089630826.54748024867128965876602990      
   5476744519.03753386459063193246094245      
   4856764868.46292383321155494288281101      
   4229638935.46044251690092168535118325      
