   1.58034394971701295066811569738031556      
   2.32640766328401776827727861797418034      
   2.53176523882561549296272964734907303      
   1.81040865448936353810075883911311627      
  0.309796637425405407635784628488572569      
  -1.14282496637676992985135087166821396      
  -1.55624737102771203455689965275517695      
 -0.539221190355982905446784441187416491      
   1.44652667523025840625129917199153663      
   3.50052174682425224403131792018702815      
   4.90592544844911442087437678335111071      
   5.31369758121476018264752399450982792      
   5.03384941392567200611189029770590894      
   4.20445062202672892271042808771556594      
   2.95791014436964577203200330710552059      
   2.12989017365847447327836118457731663      
   1.60672421375223696980493425695041583      
  0.627301964226846586370502729600387826      
  0.325806099812581034234170380337064197      
  0.587297081844619969566861469788440997      
  -3.59821830487681737989864738632621603E-0002
  0.125854887782862577902085348434217120      
  0.754083291221948365962971552542993053      
   1.05188038651981606683340344411315575      
   1.07465629299641246414760789119152056      
   2.04195164527182825145283815438960068      
   2.20070277693327260567867781085714043      
   3.21585837113373680113960928470595827      
 -0.340407696465274842969442685322629437      
   1.79312815860366882771899871350772580      
   4.99056206742113581145179657358699783      
   5.05337246476051492435246528626908825      
 -0.513233510627048752826900970585580830      
   5.86209019247145651448735962125704949      
   13.4697936478680203525989262857806150      
   2.30213662157382327130397578920486515      
   4.33169972355757599222336159556628232      
   8.37211082917767890646942017208414421      
   10.2137433838235858129923639256268772      
   5.52504486904438669323430196911736773      
   13.0778980946971759679988764316040764      
   10.9299169932852799588810880348680396      
   13.7184096776326855080181961350353210      
   18.0220056527359430303930910100890301      
   14.1235345477900312810101443751894239      
   15.3855669262491282254692351790128302      
   29.9976428229928341433403320152090421      
   8.66368602424117730960007344995263267      
  -6.62527069669844092461597155896604443      
  -23.6450195393167811441477411410798831      
  -111.149139273694438784246442118633115      
  -254.055052490567966834987575499512940      
  -452.385386501121350587421508890295204      
  -641.107088799137433849004161771556256      
  -454.604957906319632362485013030972959      
   399.165681580750509858410781094791042      
   1506.35396261649377678251107184448345      
   1759.74575909681003468990562388455365      
   717.725194228114747865525026864853020      
  -656.509845684810364847908957795913048      
  -1215.00562559315511360492345768357648      
  -925.947952349111147882783390558260366      
  -400.106729023479594759747708777789263      
  -51.1789833143847079207757599254108969      
   99.7807595298073213190796380839762898      
   134.591372912913121637904162460500752      
   116.895082723117726523191922216466946      
   91.5717256549345084236940172371851544      
   65.0532780788205832315859068448268950      
   44.8430468756895619367732063413663497      
   37.9668994356481201607106885710069402      
   14.8642811860059006938455462013809379      
   11.4024411839874623283401481656559259      
   20.5143526220797344004758552722041937      
 -0.673620912806403149323311445025779824      
  -6.09575362076562122810493818497732083      
   11.2251853158158432368648312148558713      
  0.832960178367669262169318770983251079      
  -5.60603266039534755084947343221771582      
   3.21708208243220284144705126406591670      
   1.51385452719493892131314130826690243      
  -1.70368683038412326470192814631973069      
 -0.661292069307566816115648375500983750      
  -2.93679540901162731633387602574547264      
   6.60386408811345141105288950160792050      
   2.23080079541601799132750646590130792      
  -11.7763646962970847932890013381663069      
   8.14492109453296815910317961722967376      
   16.9968817165774762021072774308741222      
  -28.3665770758956597354764575053549588      
   2.25939232060029480213127987101808414      
   34.7973227061255941668664739892733033      
  -12.9326461578975042963879075114169157      
  -17.2771913056225046283240281380619794      
   42.4329469667997411768161563948070769      
   3.78951960183148635190713975019275754      
  -51.5737020983886505975580684230215032      
  -4.19595150468863536125278789564803208      
   29.0292366110484711237335046189335104      
  -8.23691139951101526834903207628554015      
  -11.5903829206135292303809671201661277      
   32.7866232221206887293311159064745068      
  -14.6341260454685354762086494602933837      
  0.351079607112050194988037480809475375      
   5.96455613006087619166281531676971825      
   2.28725762411038622424116907170147886      
  -6.78670498817983925990997945787241860      
   7.12843728411063175618211692837759612      
   3.62547724530091616136318255530654913      
  -4.31111306397445000792695486695985804      
 -0.540344641102921432043594680161079311      
   15.4723238184026535521613369680564314      
  -25.8984284443473568368914768986096292      
  -22.4448965702520037154771093329731303      
   47.8300680877624840268179952905605916      
  -17.0875939970966202904869205592091577      
  -28.6554947227343157343469622681799055      
   26.8605608816155538117936932988208494      
  -5.94634517371240745832917563439127230      
  -1.69095121432149731157785426718311203      
   1.98102650788877821218365791292498537      
   3.09852517286953280381687262864634195      
   10.5408592573687409634365234588049945      
  -5.21888494156148363761540032856233845      
  -12.4631021106274705126668727657013636      
