   8088153109145688.20071608946301397382      
   8088153109141087.77921654605119726467      
   8088153109133042.28773997047915889427      
   8088153109120081.12074974987954993026      
   8088153109100517.12690725687163908596      
   8088153109072437.95000590690404269813      
   8088153109033635.06408034663877983528      
   8088153108981476.85324147413002215164      
   8088153108912749.48727484703794710259      
   8088153108823492.92433488127898413757      
   8088153108708854.94354727168258399877      
   8088153108562966.52422018708333930227      
   8088153108378865.20183198761053327674      
   8088153108148423.81726109195276234066      
   8088153107862314.51733850868883806459      
   8088153107509990.24953432815221474918      
   8088153107079668.47134670983892900352      
   8088153106558305.70296806721611536286      
   8088153105931605.55888054388194692828      
   8088153105184002.93727431902777505988      
   8088153104298620.07453053999577907360      
   8088153103257262.53485441831577233175      
   8088153102040364.05635018472325549130      
   8088153100626940.79424299335951115044      
   8088153098994534.96702086175981694701      
   8088153097119136.05027439191606806242      
   8088153094975101.78582923501757395279      
   8088153092535150.48814120648738826107      
   8088153089770012.71145501223006140778      
   8088153086648560.10341332403981792504      
   8088153083137594.74589694779359336143      
   8088153079201742.55942519462411540408      
   8088153074803020.63939194491602837668      
   8088153069901033.07413154627440948774      
   8088153064452478.67066082522949662867      
   8088153058411141.18936670420560731704      
   8088153051727509.29882721001619500130      
   8088153044348378.37712639964483102642      
   8088153036216652.85031464529341710054      
   8088153027270893.39941024620519311253      
   8088153017444810.03200520755603618751      
   8088153006666807.51451085840254518356      
   8088152994859369.21746508928525206273      
   8088152981938664.29632003339946081950      
   8088152967813547.06944485634613303034      
   8088152952385921.94265850065279778100      
   8088152935551022.00522737272440723395      
   8088152917199396.48060236760275106688      
   8088152897222483.25827627000845172853      
   8088152875523041.13623603808265680008      
   8088152852030838.99304976169044762487      
   8088152826720015.85836066038871074776      
   8088152799612797.83525523675178788442      
   8088152770754412.89368316913544978714      
   8088152740163207.54117399730648790748      
   8088152707787746.02149779925649647396      
   8088152673501772.20002511294741378862      
   8088152637130819.10645199869789512964      
   8088152598485833.59278375395768203790      
   8088152557385266.44377589251466265444      
   8088152513664045.87366998501985530367      
   8088152467174050.99920361380302353486      
   8088152417780878.83989185527925331372      
   8088152365359839.88170255905741889285      
   8088152309792630.43699355786819484623      
   8088152250964607.81483899773744696698      
   8088152188763057.89111335159907998499      
   8088152123075638.30237605672629453996      
   8088152053789460.30635166594598521161      
   8088151980790730.74432372485542546391      
   8088151903964464.38552459183458707981      
   8088151823193677.20948438468368833863      
   8088151738359774.39792070037374887952      
   8088151649342469.13985013973437534704      
   8088151556019217.85830153439877772490      
   8088151458265574.64074257611096891839      
   8088151355955433.75936668436958434849      
   8088151248960397.82707608677514843527      
   8088151137150405.26076619406095137305      
   8088151020393255.89531129957728035427      
   8088150898555103.58995173657159273670      
   8088150771500130.83482622224002401429      
   8088150639090528.39239034960476523641      
   8088150501186735.64023447407893977010      
   8088150357647406.26081630472174464029      
   8088150208329461.44367634743778492767      
   8088150053087650.65854131608722233683      
   8088149891775218.94015433328482726945      
   8088149724244344.80496648767016153528      
   8088149550343709.91978679320179322805      
   8088149369921305.60291928266267485418      
   8088149182823853.42478098187026143342      
   8088148988895580.93594381211483803316      
   8088148787978287.94375801201237860712      
   8088148579913657.94823224050354770493      
   8088148364540530.77218187895861454140      
   8088148141696097.67045965602610967972      
   8088147911216034.06807276063701617631      
   8088147672934183.86717585784688951730      
   8088147426682390.47233084197633067817      
   8088147172291145.60217371150306890464      
   8088146909588916.39760601757255960471      
   8088146638402447.62149498429134927922      
   8088146358556686.92260591422273912493      
   8088146069874896.70020898576225330551      
   8088145772178688.87078773954429878907      
   8088145465287466.70691937871476740254      
   8088145149019305.44136294461679393113      
   8088144823190413.89013835798388099736      
   8088144487614478.18577237251737950541      
   8088144142105061.76519747016712404142      
   8088143786472694.31489013530397919668      
   8088143420526451.65709470780182485487      
   8088143044073139.38969372350983848621      
   8088142656918658.11819799049135534027      
   8088142258866313.59352961890077954830      
   8088141849717993.73114102611387661763      
   8088141429273730.19445135443731032063      
   8088140997331720.10170568460567342307      
   8088140553688600.97437878904473088776      
   8088140098138632.79513717386379902108      
   8088139630474779.59412680026733820458      
   8088139150487985.23735790311795524048      
   8088138657967568.57102830490682956934      
   8088138152700943.17189440577099549239      
