   44856507528.4977635775008788205672239      
   44856505816.7091246399791432095334321      
   44856503817.5037454471303301110724740      
   44856501520.3602881343651936510588076      
   44856498918.0548259644756464277528672      
   44856496005.3505605884029023082171270      
   44856492777.1668114130798386608539260      
   44856489226.6500558632469255314917278      
   44856485342.9669341914120009455104096      
   44856481108.9642571176885389085988851      
   44856476498.9432616566366850601701955      
   44856471476.7905323950882571797672292      
   44856465994.2277642982712870706554903      
   44856459989.2978541362700051254586977      
   44856453385.2410799506337112108009701      
   44856446089.7254342863300541224155053      
   44856437994.3621810225484591462240328      
   44856428974.4293412346729999607329119      
   44856418888.9393754246117731856016438      
   44856407580.8860870025373636375097444      
   44856394877.5797312735099440844497926      
   44856380591.1008200117558912356056692      
   44856364518.8604922192344980461742348      
   44856346444.1265037444196272658786680      
   44856326136.5560614535792746516871585      
   44856303352.5484134392381802388607648      
   44856277835.6747258707799280258787648      
   44856249316.9338451160543076017670029      
   44856217514.7925390351550224569803348      
   44856182135.2577316807307995670763857      
   44856142871.6681197375966232236970833      
   44856099404.2996003570810079672634210      
   44856051399.9627081384012896950610137      
   44855998510.9381203233714588764951154      
   44855940374.5925636578399818869354159      
   44855876612.0109492043795873425830613      
   44855806826.7589154182823295518309213      
   44855730603.4489028608421998993050849      
   44855647506.0820126053800354768481270      
   44855557076.1576697801343233912754415      
   44855458830.6052497722628700340553246      
   44855352259.4128487211765146704013562      
   44855236823.1855513366156196474736734      
   44855111950.3664640357522675941932490      
   44854977034.0407835230255058068954875      
   44854831428.8678604226844147082114896      
   44854674447.3895662526229778963750574      
   44854505356.1613198817759345589286711      
   44854323371.5635390775386637431063579      
   44854127655.3898557821728666915514923      
   44853917309.9145658123010355265235832      
   44853691372.7002714829144758534068943      
   44853448810.9421618640102800122310906      
   44853188515.7568725686906148501526543      
   44852909295.2408400597335221976763217      
   44852609867.9511175194155049696987097      
   44852288855.3603221780174956620473591      
   44851944773.9855906266817693575244730      
   44851576026.9778056228727271883994574      
   44851180895.0511073502656318447376358      
   44850757526.8710496538328564860881039      
   44850303928.8091488040983653508857126      
   44849817953.8501006897526345754556866      
   44849297290.3433822911195947208084433      
   44848739448.9812319370416665952234626      
   44848141749.9628996231416641982837088      
   44847501308.7614552419554805064807665      
   44846815021.2782705259388309716951481      
   44846079547.8217358247323117030552098      
   44845291301.3612404465450976949242839      
   44844446410.4930608519170916203206161      
   44843540727.7108215899260048496065214      
   44842569792.1071081966261374970071958      
   44841528812.2454134426139571643895993      
   44840412644.0591443281594455578533266      
   44839215767.2793674124624408774162529      
   44837932261.0611414071392410148105886      
   44836555778.4591207827660045548314963      
   44835079520.0241680216885822121091797      
   44833496206.4641076784565469863925979      
   44831798050.9172252723580393227649006      
   44829976730.6775382589370657415835602      
   44828023358.9956241061897791781941336      
   44825928456.9601006267485266696766402      
   44823681926.4217563901691968908615480      
   44821273023.8756431247165630874184594      
   44818690336.4608422860545023127677198      
   44815921759.7407918926951091485437677      
   44812954479.1466261353193089366140712      
   44809774954.1517245124985183706187640      
   44806368906.8825647604792637051566224      
   44802721314.9115489590748058025741498      
   44798816408.8576950460472841714370219      
   44794637674.4057463937574260029135916      
   44790167859.7253117622590805390781345      
   44785388985.7099725993111893804001857      
   44780282361.4419167116480327171375918      
   44774828602.3159165251004190954691741      
   44769007639.5353042936343270006416474      
   44762798818.0594216236013547054538458      
   44756180732.0073688029983057368341266      
   44749131460.9594195109057564120907372      
   44741628524.7552711303460957440772886      
   44733648849.2205660813040141973965290      
   44725168863.0218206348601402908169961      
   44716164527.5385289260881186075416861      
   44706611396.4110634888047500042263016      
   44696484693.6274109707899318080389112      
   44685759424.3081319936223373853452278      
   44674410501.5874335134114123336606630      
   44662412901.1675627399422844395743889      
   44649741831.4961568303462617812732453      
   44636372896.9293173592304391348037545      
   44622282242.0686759405498945500987633      
   44607446660.8339444963970964795994973      
   44591843655.9158346350482871295491882      
   44575451445.9210166865939081709065901      
   44558248916.0440952559703460019826350      
   44540215552.3803737353295537892912013      
   44521331303.9103298504182141660404528      
   44501576476.7790862517850407896834904      
   44480931606.8314239629646110380452276      
   44459377343.7594822785698733462609526      
   44436894350.7448909252229685942799233      
   44413463246.7158195387552935305540218      
   44389064426.5538387791866068742593807      
   44363678185.1717544779770139084315692      
   44337284553.2144183829660788461677202      
   44309863302.3596714154572912863111073      
   44281393925.6521603523978419101155532      
   44251855624.8444621982337436864825657      
   44221227303.0941593038244257105170993      
   44189487561.6896367221118129811695054      
   44156614699.4585807078317660528439252      
   44122586714.7267122933479125725174474      
   44087381308.1466515352887469868759415      
   44050975887.2235872716274022402540583      
   44013347570.8184411188397742589016657      
   43974473194.4345837058571683510458180      
   43934329315.5382983823921687935426382      
   43892892218.8665658925479082677549319      
   43850137921.7168910373198982976520386      
   43806042179.0519175699256767484192569      
   43760580488.4573881192083204102546543      
   43713728094.7593808186886257703078254      
   43665459994.7041668861299346404846272      
   43615750940.8996944154520724208086297      
   43564575446.0468878909286668021311706      
   43511907786.8768486138095222052851854      
   43457722006.4816124008248992418645698      
   43401991918.9608819831316969252811726      
   43344691111.7444485185129489829209502      
   43285792948.9411013466301315724505966      
   43225270573.9254951085853100954933283      
   43163096911.0622835513671462098150467      
   43099244668.8480966710100602183360462      
   43033686342.8228298701438487526489070      
   42966394214.7694203552643557167041697      
   42897340358.9424891867721471155160731      
   42826496638.9402341119286028138755208      
   42753834713.4945162291210296327107655      
   42679326035.6186058410479477462802041      
   42602941888.6585606828021629673543260      
   42524653250.8971525232927688265059398      
   42444431003.9897697916663162747048289      
   42362245795.0828294960812514828373369      
   42278068071.3198584520114749733072581      
   42191868084.2235709024389438530593356      
   42103615887.1376902062992095313802490      
   42013281334.9192808904339084786994166      
   41920834092.9594742916197603888063225      
   41826243627.9250462025208200183126193      
   41729479214.6961939669242681912238176      
   41630509937.2711533194960555348773367      
   41529304682.6629863310964272243971252      
   41425832150.8484155434315563074018744      
   41320060846.9047546460122328464562993      
   41211959088.4061646804923622277491732      
   41101495000.4083259553714653751174168      
   40988636519.6054324437957076606532637      
   40873351392.6534533792142222021958890      
   40755607177.9681281184489762014111130      
   40635371245.3198937290036376934867441      
   40512610774.1334840693579065637566038      
   40387292757.5902920872213891631801467      
   40259384001.6179579882214591761669007      
   40128851121.3296010268330043066639231      
   39995660548.1240227623873873819678095      
   39859778526.9508195480852758537015576      
   39721171114.1241934886160212641570177      
   39579804174.9194410811421293080835383      
   39435643394.2560913517114187218909100      
   39288654267.7095667036448701343643416      
   39138802104.3232182518612254941739366      
   38986052027.7879657195165864271901718      
   38830368976.3436831143643908553445016      
   38671717695.8214366582725266447561228      
   38510062754.3937882749340093023520984      
   38345368531.2912165431228535907487430      
   38177599220.4438378352927432994161882      
   38006718826.0044500443551023139293029      
   37832691165.9807696591037224906773850      
   37655479878.0877402142419241113249275      
   37475048411.5143428083992673885374711      
   37291360021.3787124283361642574499929      
   37104377794.7844009693221408837705104      
   36914064618.4670243787826561299876279      
   36720383197.2876079876433794073803743      
   36523296050.5336814219283434775640967      
   36322765514.7577462826749068447493694      
   36118753725.4948346978548324073845265      
   35911222649.5963177426584220967020411      
   35700134061.6281164679550297547576770      
   35485449552.8073787379035490686507802      
   35267130518.9879532202944659520959272      
   35045138175.8815925428609356170854748      
   34819433557.4841530875041610554374954      
   34589977504.0414705537484942213830863      
   34356730671.5569929692537085068340878      
   34119653531.1169088697465140464561426      
   33878706366.1792120134186337161628252      
   33633849273.5412734313414353613336151      
   33385042163.4117223936069671103107332      
   33132244759.9388572453716935748517140      
   32875416597.7877555936094579726249929      
   32614517030.7568785012408645980381398      
   32349505217.8662193710746102028162685      
   32080340136.6031887586959962754095808      
   31806980576.1578740154272743381583881      
   31529385131.7925764605792781159121528      
   31247512231.9749634777972198628512471      
   30961320097.7618068218942015366368382      
   30670766770.0981905924054940988176353      
   30375810102.1643808369475656593897787      
   30076407759.6315559074447073150065939      
   29772517221.7782518046253433436058173      
   29464095777.9869473410715691629101145      
   29151100533.9000192780040263774855262      
   28833488405.9440529546024635692334839      
   28511216122.0993327526946316824009909      
   28184240224.6878692497288356281915237      
   27852517067.2424802283442759801825364      
   27516002815.2959289092039880297929793      
   27174653444.1164502488053442916917522      
   26828424747.5050997369481273127594588      
   26477272328.1320412884179177023208560      
   26121151596.1471245571388397312043869      
   25760017782.8903113560111378671323603      
   25393825927.7198330592210583023335653      
   25022530881.8832771812319182248591985      
   24646087305.5010115491332397970860924      
   24264449675.4105173719251979644312082      
   23877572280.8543208474047615332183078      
   23485409220.6810218540721009907135342      
   23087914401.0935286508292640525440141      
   22685041545.3855007686622295420807398      
   22276744193.7909354455340192025299082      
   21862975692.0283256079192663712655297      
   21443689199.0472344849308238337164842      
   21018837681.3459911637959360809553679      
   20588373926.3320615394373954060757795      
   20152250529.5618954357117340819852882      
   19710419894.3271023154653432506687367      
   19262834237.4978311965067819593702238      
   18809445588.9812117991650075695417117      
   18350205793.4175405784162202285728197      
   17885066503.4642389939155594815586764      
   17413979186.6133020599904700927912664      
   16936895122.2762187492639186258240875      
   16453765391.2508372210330356407950823      
   15964540905.1177679916723552398570673      
   15469172369.5066765663026575570699798      
   14967610311.6581856353535417627151369      
   14459805069.4774609508888277315947305      
   13945706792.5073076287840611235730829      
   13425265440.7547835961379196198523665      
   12898430788.5351520737040366722964176      
   12365152418.5345270482055665361461275      
   11825379731.0349855431075693727167732      
   11279061931.7717175332537194307103573      
