   45.701713911335723        62.931284081219168     
   45.701713911335723        62.931284081219168     
   45.701713911335723        62.931284081219168     
   45.701713911335723        62.931284081219168     
   45.701713911335581        62.931284081219097     
   45.701713911314918        62.931284081208780     
   45.701713910583656        62.931284080843518     
   45.701713899984910        62.931284075549463     
   45.701713815955593        62.931284033575380     
   45.701713380608012        62.931283816095117     
   45.701711726638301        62.931282989730164     
   45.701706746205176        62.931280500825373     
   45.701694198283093        62.931274228160490     
   45.701666701847905        62.931260476968092     
   45.701612785504523        62.931233498861111     
   45.701516146981071        62.931185113867350     
   45.701355222247578        62.931104484036844     
   45.701103094101313        62.930978052040878     
   45.700727710432268        62.930789626529140     
   45.700192339409078        62.930520572424449     
   45.699456176594481        62.930150057748904     
   45.698475015100719        62.929655307883998     
   45.697201913332812        62.929011833995446     
   45.695587838501510        62.928193631636894     
   45.693582227452524        62.927173326777925     
   45.691133541857262        62.925922329480052     
   45.688189767406726        62.924410979733338     
   45.684698919239324        62.922608736553158     
   45.680609557408431        62.920484421498934     
   45.675871320836237        62.918006528414146     
   45.670435479367448        62.915143600420095     
   45.664255479213253        62.911864656333272     
   45.657287484609171        62.908139660115125     
   45.649490865654847        62.903939995053854     
   45.640828651131741        62.899238943716597     
   45.631267887407930        62.894012124929283     
   45.620779900119942        62.888237876248297     
   45.609340460938725        62.881897574568697     
   45.596929835573903        62.874975869756206     
   45.583532731788523        62.867460838476404     
   45.569138126174025        62.859344040481979     
   45.553739007814919        62.850620496389780     
   45.537332023528542        62.841288577221036     
   45.519917053456574        62.831349822864468     
   45.501496727318795        62.820808698079972     
   45.482075886548685        62.809672285903090     
   45.461661014436984        62.797949942036610     
   45.440259650643775        62.785652915258275     
   45.417879785330385        62.772793937689130     
   45.394529255991088        62.759386802689278     
   45.370215155110735        62.745445933370284     
   45.344943212975274        62.730985932984012     
   45.318717351364946        62.716021202994604     
   45.291538983904012        62.700565453979870     
   45.263406604418975        62.684631336586776     
   45.234315275031690        62.668230033262503     
   45.204256174440538        62.651370881708175     
   45.173216165149086        62.634061008331507     
   45.141177392932640        62.616304983681850     
   45.108116915498400        62.598104496268839     
   45.074006346145474        62.579458042901848     
   45.038811525887922        62.560360627946636     
   45.002492218409643        62.540803492948477     
   44.965001811563404        62.520773845912764     
   44.926287043167953        62.500254611624761     
   44.886287724513735        62.479224183109778     
   44.844936488211076        62.457656194491527     
   44.802158516515263        62.435519279554924     
   44.757871299206606        62.412776860163838     
   44.711984373263846        62.389386920974516     
   44.664399058546159        62.365301787062975     
   44.615008179827569        62.340467895117349     
   44.563695802767725        62.314825577134030     
   44.510336923795840        62.288308817896045     
   44.454797170544985        62.260845021966617     
   44.396932458650369        62.232354751398752     
   44.336588650378452        62.202751472426776     
   44.273601169840987        62.171941273084833     
   44.207794591423635        62.139822562683300     
   44.138982215485200        62.106285770424471     
   44.066965570440253        62.071212989413191     
   43.991533929518582        62.034477639459112     
   43.912463733459255        61.995944060799125     
   43.829518010355812        61.955467111733022     
   43.742445719180864        61.912891712397908     
   43.650981054858264        61.868052368184749     
   43.554842703279718        61.820772648432069     
   43.453732266365982        61.770864231932926     
   43.347336241981317        61.718127788669108     
   43.235321009278472        61.662350213656815     
   43.117334402173348        61.603305270274376     
   42.993004013268759        61.540752525123523     
   42.861935962910430        61.474436501608245     
   42.723713707160172        61.404085854902860     
   42.577896628793930        61.329412403209375     
   42.424018615176983        61.250110148058056     
   42.261586485646916        61.165854192706902     
   42.090078312227924        61.076299601273348     
   41.908941646713608        60.981080185773934     
   41.717591598166123        60.879807212569482     
   41.515408787272172        60.772068034986624     
   41.301737181547075        60.657424668017242     
   41.075881734701099        60.535412254865058     
   40.837105939994707        60.405537511871898     
   40.584629180961109        60.267277097019829     
   40.317624033032828        60.120075979638827     
   40.035213390460179        59.963345796982367     
   39.736467581408718        59.796463281240555     
   39.420401529039239        59.618768833148664     
   39.085972067874998        59.429565329696416     
   38.732075773948701        59.228117416806320     
   38.357547529061939        59.013651438226518     
   37.961160593597334        58.785356529198722     
   37.541628922629997        58.542387291449913     
   37.097613158932795        58.283868952722898     
   36.627732394358297        58.008906233916747     
   36.130584474036738        57.716597507316024     
   35.604779159335820        57.406056692839016     
   35.048989284610485        57.076445738275680     
   34.462026595365316        56.727021315125931     
   33.842949604326613        56.357199709891042     
   33.191197657028859        55.966635905099153     
   32.506772501419640        55.555329686845603     
   31.790406237126103        55.123722094141932     
   31.043724847670415        54.672789158630174     
   30.269345583641186        54.204096777143910     
   29.470886595737426        53.719804525854883     
   28.652879117576340        53.222611689494144     
   27.820592620484735        52.715650422045684     
   26.979786978989555        52.202333649528256     
   26.136414115584099        51.686172294101453     
   25.296303000919323        51.170584182456821     
   24.464871482578797        50.658722269702068     
   23.646903683310033        50.153345617464886     
   22.846415080299689        49.656745300853828     
   22.066604932665950        49.170723430314730     
   21.309880829644726        48.696614712196592     
   20.577931830402438        48.235335571666276     
   19.871827357654599        47.787446865351477     
   19.192123805164581        47.353219497586515     
   18.538966571424183        46.932695905208469     
   17.912180948738417        46.525743876516749     
   17.311346873697154        46.132099859367734     
   16.735872367144548        45.751412041197426     
   16.185028186067026        45.383258078400431     
   15.657999642386669        45.027175080892448     
   15.153914858432037        44.682674488568672     
   14.671869080504951        44.349254924994455     
   14.210943352277567        44.026411832329103     
   13.770218706259524        43.713644599013243     
   13.348786815206443        43.410461753036543     
   12.945757859323162        43.116384674409041     
   12.560266279815904        42.830950231907984     
   12.191474460422839        42.553712226376405     
   11.838575798792272        42.284242840867982     
   11.500796028159163        42.022132928651594     
   11.177394108983364        41.766992266310254     
   10.867662453731011        41.518449469511083     
   10.570926673388772        41.276151690784637     
   10.286545014993365        41.039764192256058     
   10.013907526083086        40.808969792301006     
   9.7524350630640857        40.583468261080974     
   9.5015781854945303        40.362975662712820     
   9.2608159587468499        40.147223672332800     
   9.0296547167555232        39.935958879316836     
   8.8076268175407968        39.728942090952003     
   8.5942893922198316        39.525947643294799     
   8.3892231243828892        39.326762730684841     
   8.1920310447499851        39.131186747260344     
   8.0023373590783695        38.939030646395587     
   7.8197863245468726        38.750116329374805     
   7.6440411719682722        38.564276059931956     
   7.4747830677476212        38.381351898686766     
   7.3117101275112084        38.201195166690951     
   7.1545364704987131        38.023665927653560     
   7.0029913432668796        37.848632516940363     
   6.8568182514215437        37.675971058624228     
   6.7157741736393417        37.505565045925948     
   6.5796287843140444        37.337304898719339     
   6.4481637601116928        37.171087601314262     
   6.3211720957021020        37.006816316680244     
   6.1984574582417933        36.844400030075590     
   6.0798335886181638        36.683753216512052     
   5.9651231514829544        36.524794703526453     
   5.8541595968524884        36.367450748836283     
   5.7467829865827333        36.211649612358848     
   5.6428420081178237        36.057324766570865     
   5.5421929071072595        35.904413779440873     
   5.4446990506707946        35.752858059752143     
   5.3502305583836467        35.602602661720532     
   5.2586639013474077        35.453596049882307     
   5.1698815606232937        35.305789897687937     
   5.0837717143440635        35.159138931666028     
   5.0002279043560351        35.013600720484831     
   4.9191487545081571        34.869135524900919     
   4.8404376996387937        34.725706138493450     
   4.7640027163462433        34.583277733356702     
   4.6897560923996666        34.441817729517254     
   4.6176141867044640        34.301295654345331     
   4.5474972137919023        34.161683014490642     
   4.4793290475551739        34.022953188668865     
   4.4130370277123072        33.885081310038075     
   4.3485517667986384        33.748044152624360     
   4.2858069951983504        33.611820043540106     
   4.2247393870256955        33.476388746270196     
   4.1652884354796207        33.341731443206378     
   4.1073962732617133        33.207830542574911     
   4.0510075576481839        33.074669674396439     
   3.9960693385882848        32.942233586352749     
   3.9425309424777693        32.810508084485001     
   3.8903438581822760        32.679479966952272     
   3.8394616339062799        32.549136962072168     
   3.7898397592880220        32.419467647854141     
   3.7414355852278147        32.290461415497433     
   3.6942082295079581        32.162108409363682     
   3.6481184947771741        32.034399484763647     
   3.6031287789279074        31.907326144705074     
   3.5592030059823956        31.780880504939972     
   3.5163065535590929        31.655055253742034     
   3.4744061775670692        31.529843601924497     
   3.4334699565408018        31.405239255736291     
   3.3934672230015916        31.281236370015833     
   3.3543685134084407        31.157829531832633     
   3.3161455041486971        31.035013711022820     
   3.2787709640853135        30.912784235617288     
   3.2422187032515613        30.791136767195319     
   3.2064635259661411        30.670067268931053     
   3.1714811891255033        30.549571989329880     
   3.1372483571097498        30.429647432072297     
   3.1037425651475674        30.310290339046766     
   3.0709421711286402        30.191497657609471     
   3.0388263326569573        30.073266537283033     
   3.0073749650282791        29.955594302438882     
   2.9765687099215596        29.838478437016487     
   2.9463889048023115        29.721916568044673     
   2.9168175524988329        29.605906451731254     
   2.8878372937861942        29.490445959156446     
   2.8594313809017380        29.375533064643793     
   2.8315836490341106        29.261165826488089     
   2.8042785024024703        29.147342399793292     
   2.7775008751980064        29.034060988940528     
   2.7512362233453205        28.921319873394840     
   2.7254704900231053        28.809117352236832     
   2.7001900934281307        28.697451762175206     
   2.6753819280302245        28.586321557882041     
   2.6510333047284456        28.475725129635919     
   2.6271319615530468        28.365660916079232     
   2.6036660407394083        28.256127369801835     
   2.5806240728786478        28.147122951780137     
   2.5579949617487308        28.038646126100687     
