   44.009449715867760        61.509789395842347     
   44.009449715867760        61.509789395842347     
   44.009449715867760        61.509789395842347     
   44.009449715867760        61.509789395842347     
   44.009449715867675        61.509789395842304     
   44.009449715853997        61.509789395835469     
   44.009449715338263        61.509789395577933     
   44.009449707500572        61.509789391663851     
   44.009449643039630        61.509789359470723     
   44.009449299227875        61.509789187745859     
   44.009447962033548        61.509788519731245     
   44.009443857307843        61.509786468574930     
   44.009433348751585        61.509781215220109     
   44.009410006375560        61.509769539310263     
   44.009363693669250        61.509746355386810     
   44.009279806274805        61.509704317472327     
   44.009138744534987        61.509633530460668     
   44.008915631624632        61.509521371833927     
   44.008580230672855        61.509352401544980     
   44.008096974682665        61.509108322482938     
   44.007425007842990        61.508767950781412     
   44.006518142676022        61.508307160995109     
   44.005324658668009        61.507698782024320     
   44.003786897892986        61.506912432180044     
   44.001840639900273        61.505914290320320     
   43.999414289707332        61.504666821924530     
   43.996427878038901        61.503128450985244     
   43.992791959905226        61.501253213088319     
   43.988406449183877        61.498990391712830     
   43.983159446534096        61.496284149010698     
   43.976926113519845        61.493073158399326     
   43.969567634345744        61.489290240748353     
   43.960930310222970        61.484862010397684     
   43.950844834480101        61.479708540769295     
   43.939125726039705        61.473743027165071     
   43.925571033918402        61.466871499545945     
   43.909962268975953        61.458992559482596     
   43.892064626296317        61.449997177855693     
   43.871627512247180        61.439768566792765     
   43.848385411354464        61.428182156947479     
   43.822059082714496        61.415105687163674     
   43.792357130253023        61.400399452926933     
   43.758977798524256        61.383916660644488     
   43.721611549216867        61.365504156142300     
   43.679943055912688        61.345002961571716     
   43.633654140772180        61.322249289370440     
   43.582426405214392        61.297075511582008     
   43.525943843268223        61.269311222222825     
   43.463895186541947        61.238784272996263     
   43.395975853955626        61.205321732088144     
   43.321889313761119        61.168750655650399     
   43.241347762772556        61.128898609880231     
   43.154072189470803        61.085593948827828     
   43.059790692172562        61.038665310894487     
   42.958238694530237        60.987941923430618     
   42.849154395158664        60.933251728466686     
   42.732277361716115        60.874420831075511     
   42.607344639638143        60.811271738612739     
   42.474087088579061        60.743621604958335     
   42.332225389773761        60.671280222769596     
   42.181465836772830        60.594047818234742     
   42.021495961838696        60.511712674911685     
   41.851980001537392        60.424048598857077     
   41.672554742179273        60.330812494451344     
   41.482822211076986        60.231740308886998     
   41.282347617054143        60.126545517435574     
   41.070651446446384        60.014914652880293     
   40.847203537270403        59.896503762686038     
   40.611415958124745        59.770934225373367     
   40.362634783211966        59.637787949311630     
   40.100130808429775        59.496602014046296     
   39.823088673789556        59.346862454267736     
   39.530594194071789        59.187997099129944     
   39.221619172076942        59.019367093764856     
   38.895003395282103        58.840256963763146     
   38.549433048072991        58.649862830803478     
   38.183414231481798        58.447278128705150     
   37.795241155473718        58.231476626669242     
   37.382956913738404        58.001291711833574     
   36.944305927222693        57.755391544855129     
   36.476677549365036        57.492249993380781     
   35.977041605939917        57.210113970555163     
   35.441883911018934        56.906971937001337     
   34.867164604782083        56.580536484788276     
   34.248359975066897        56.228274679862352     
   33.580730468911689        55.847564446990830     
   32.860094832270235        55.436128558769475     
   32.084464111146147        54.992932862017120     
   31.256329687131494        54.519420433552760     
   30.383690062791409        54.020026150883105     
   29.477715830697456        53.500867249072506     
   28.549477773467757        52.967994688401838     
   27.609440199646748        52.427184484338241     
   26.668387750030679        51.884462934953198     
   25.737404717991691        51.346066124462155     
   24.826891964185197        50.817861529481554     
   23.945505833823663        50.304736895136088     
   23.099551695013314        49.810253758363274     
   22.292929857525518        49.336617785162957     
   21.527412885230834        48.884836543592563     
   20.803132575350528        48.454996600429553     
   20.119058256991305        48.046533912668785     
   19.473414939254386        47.658469314412443     
   18.864007889409269        47.289590462462115     
   18.288453567755173        46.938580527587639     
   17.744345344928114        46.604110845477813     
   17.229337214853071        46.284885969814880     
   16.741211971889619        45.979681957255245     
   16.277906810800047        45.687360039418145     
   15.837523801578037        45.406872249519353     
   15.418329121156058        45.137260921593665     
   15.018745713203197        44.877654657408790     
   14.637342578535790        44.627262485635669     
   14.272822624499563        44.385367265880951     
   13.924010283532841        44.151318979139212     
   13.589839535378504        43.924528232366740     
   13.269341462422505        43.704459262602057     
   12.961639345115263        43.490628275146356     
   12.665930830761109        43.282592119027839     
   12.381485700884214        43.079948157076785     
   12.107636844162529        42.882329027485710     
   11.843773552583746        42.689398922330192     
   11.589335719589730        42.500850366874509     
   11.343808502866858        42.316401236926254     
   11.106717877679138        42.135792329438722     
   10.877626316428211        41.958784869571851     
   10.656129295841554        41.785158605268499     
   10.441852038832678        41.614709969961488     
   10.234446651992354        41.447250479784373     
   10.033589593000629        41.282605315895481     
   9.8389793985832394        41.120612056092760     
   9.6503347111463604        40.961119570273993     
   9.4673924441331234        40.803987003125563     
   9.2899061963881255        40.649082888886092     
   9.1176448738844158        40.496284392703373     
   8.9503913449016395        40.345476562771246     
   8.7879413275910956        40.196551716166816     
   8.6301023561098784        40.049408871955414     
   8.4766928409946392        39.903953235544584     
   8.3275412190026419        39.760095727328540     
   8.1824852660170766        39.617752618440051     
   8.0413713321265732        39.476845098323629     
   7.9040537523043550        39.337298963218387     
   7.7703942644926718        39.199044291598007     
   7.6402615493602086        39.062015200182771     
   7.5135306950840981        38.926149546547784     
   7.3900827841946901        38.791388698395600     
   7.2698045522647208        38.657677361208712     
   7.1525879639288767        38.524963333029554     
   7.0383299036201556        38.393197336645400     
   6.9269319064638317        38.262332876365733     
   6.8182998222208839        38.132326045317107     
   6.7123436037217994        38.003135411931083     
   6.6089770491554400        37.874721875057922     
   6.5081175734503214        37.747048532018660     
   6.4096860388073633        37.620080590710423     
   6.3136065178646570        37.493785223493731     
   6.2198061713392834        37.368131510118651     
   6.1282150288124706        37.243090296197096     
   6.0387658971163427        37.118634156185934     
   5.9513941619219013        36.994737263239166     
   5.8660377058417410        36.871375364328976     
   5.7826367233259264        36.748525593759624     
   5.7011336743926204        36.626166558690940     
   5.6214731463679657        36.504278182316838     
   5.5436017374014215        36.382841642527190     
   5.4674679812505991        36.261839330861619     
   5.3930222605394915        36.141254800994012     
   5.3202167029807468        36.021072688926076     
   5.2490051135165467        35.901278680745200     
   5.1793429163628648        35.781859475062852     
   5.1111870509616146        35.662802703394647     
   5.0444959359242327        35.544096917279241     
   4.9792293814247861        35.425731516809527     
   4.9153485616243913        35.307696746885256     
   4.8528159256720205        35.189983619139007     
   4.7915951584861336        35.072583889917041     
   4.7316511420536429        34.955490039692876     
   4.6729498856583147        34.838695210134837     
   4.6154584974897723        34.722193191350385     
   4.5591451327385411        34.605978378117989     
   4.5039789535620729        34.490045745463611     
   4.4499300969173197        34.374390819626875     
   4.3969696269381977        34.259009640998073     
   4.3450695091206502        34.143898742277898     
   4.2942025710193628        34.029055122551156     
   4.2443424702559094        33.914476217162793     
   4.1954636692940426        33.800159881941980     
   4.1475413987985945        33.686104358333132     
   4.1005516377985272        33.572308261561211     
   4.0544710786931901        33.458770548328602     
   4.0092771048716536        33.345490497797549     
   3.9649477724181210        33.232467703027645     
   3.9214617755728796        33.119702031789785     
   3.8787984318487334        33.007193619735929     
   3.8369376583782895        32.894942849418392     
   3.7958599515993603        32.782950332288735     
   3.7555463686025332        32.671216893930698     
   3.7159785047647187        32.559743551670273     
   3.6771384812120242        32.448531509519100     
   3.6390089222748125        32.337582133386718     
   3.6015729409325568        32.226896940877644     
   3.5648141228925794        32.116477588108047     
   3.5287165103108378        32.006325854430287     
   3.4932645880638389        31.896443632718409     
   3.4584432679580206        31.786832913797543     
   3.4242378765227834        31.677495779787385     
   3.3906341402633009        31.568434385413898     
   3.3576181733713635        31.459650953156800     
   3.3251764687768475        31.351147767797276     
   3.2932958792797424        31.242927154695131     
   3.2619636132380729        31.134991482171916     
   3.2311672176588120        31.027343141563772     
   3.2008945756503766        30.919984558532772     
   3.1711338876914943        30.812918164011464     
   3.1418736620972529        30.706146384200380     
   3.1131027216567144        30.599671687825513     
   3.0848101674888913        30.493496490714339     
   3.0569853910942442        30.387623217460686     
   3.0296180581584271        30.282054271704997     
   3.0026981014292873        30.176792033795866     
   2.9762157127852036        30.071838856044007     
   2.9501613355631573        29.967197058250967     
   2.9245256571413942        29.862868922943878     
   2.8992996018233841        29.758856691512264     
   2.8744743245293685        29.655162562614340     
   2.8500412039214158        29.551788688398197     
   2.8259918287160950        29.448737147537884     
   2.8023180112569910        29.346010006446818     
   2.7790117615409642        29.243609250616398     
   2.7560652834100390        29.141536798309673     
   2.7334709857340278        29.039794535801821     
   2.7112214489017377        28.938384237164531     
   2.6893094511699864        28.837307664857164     
   2.6677279390958586        28.736566481691440     
   2.6464700359391249        28.636162304553224     
   2.6255290305432220        28.536096669465028     
   2.6048983732046680        28.436371041862099     
   2.5845716784516677        28.336986832697274     
   2.5645427085361967        28.237945365720062     
   2.5448053778179069        28.139247899987346     
   2.5253537464710045        28.040895623723440     
   2.5061820164442463        27.942889653947752     
   2.4872845276593800        27.845231036610127     
   2.4686557542911642        27.747920746717224     
   2.4502903011177719        27.650959688366513     
   2.4321829001026547        27.554348695428317     
   2.4143284034320214        27.458088512571823     
   2.3967217943703747        27.362179872744008     
   2.3793581628507234        27.266623382350968     
   2.3622327175093707        27.171419603193961     
   2.3453407754566062        27.076569017814624     
   2.3286777645175047        26.982072052813056     
   2.3122392172738739        26.887929066107645     
   2.2960207689512839        26.794140350607094     
   2.2800181549733138        26.700706136149631     
   2.2642272080788759        26.607626589273980     
   2.2486438559335320        26.514901814587152     
   2.2332641193207650        26.422531859133404     
   2.2180841088629490        26.330516709152597     
   2.2031000230721336        26.238856292889171     
   2.1883081462306269        26.147550483091937     
   2.1737048460278730        26.056599095733919     
   2.1592865714107043        25.966001891568830     
   2.1450498503433990        25.875758577901202     
   2.1309912942730169        25.785868843525254     
   2.1171075761843485        25.696332244351566     
   2.1033954548715617        25.607148363353136     
   2.0898517566380694        25.518316709382443     
   2.0764733783945961        25.429836748146311     
   2.0632572856795632        25.341707902844746     
   2.0502005107881192        25.253929553605015     
   2.0373001480966475        25.166501022219784     
   2.0245533587838285        25.079421608189062     
   2.0119573650750175        24.992690566588401     
   1.9995094489803662        24.906307111650445     
   1.9872069522304483        24.820270424648164     
   1.9750472736775717        24.734579649402253     
   1.9630278682995688        24.649233895310275     
   1.9511462460979159        24.564232240084714     
   1.9393999699543483        24.479573726076545     
   1.9277866557353223        24.395257369500317     
   1.9163039700178497        24.311282155749904     
   1.9049496294442991        24.227647043445870     
   1.8937213987417332        24.144350961248264     
   1.8826170902270221        24.061392812576866     
   1.8716345630677038        23.978771479198755     
   1.8607717214036135        23.896485817785528     
   1.8500265138234993        23.814534663809372     
   1.8393969320800412        23.732916831256986     
   1.8288810101936308        23.651631114199336     
   1.8184768234739037        23.570676288165046     
   1.8081824874446333        23.490051109260847     
   1.7979961569982472        23.409754317533533     
   1.7879160259353957        23.329784639123229     
   1.7779403252724899        23.250140782335333     
   1.7680673229049988        23.170821443033702     
   1.7582953225940485        23.091825303037542     
   1.7486226632600379        23.013151032318543     
   1.7390477186488313        22.934797293980026     
