   47.323722953635858        64.313228568460715     
   47.322646279248893        64.312686071382075     
   47.321254931507468        64.311983619390233     
   47.319497726115962        64.311094275177354     
   47.317322315521920        64.309989987791070     
   47.314675732862106        64.308641742135251     
   47.311504932647601        64.307019727657988     
   47.307757260973389        64.305093496972376     
   47.303380944921052        64.302832180056910     
   47.298325571553661        64.300204740236865     
   47.292542588868109        64.297180296209149     
   47.285985803018271        64.293728493058268     
   47.278611885916931        64.289819923104872     
   47.270380853932302        64.285426568320872     
   47.261256512613109        64.280522249633222     
   47.251206839347937        64.275083055937017     
   47.240204302233927        64.269087741695301     
   47.228226084801314        64.262518065378032     
   47.215254225397963        64.255359065221455     
   47.201275657073509        64.247599256737814     
   47.186282152434110        64.239230750879059     
   47.170270173656597        64.230249289057355     
   47.153240647227669        64.220654204380722     
   47.135198653539106        64.210448304224386     
   47.116153067302875        64.199637694788152     
   47.096116133115736        64.188231542292840     
   47.075103008025735        64.176241789516837     
   47.053131276608326        64.163682837646775     
   47.030220440125603        64.150571190816777     
   47.006391403556684        64.136925087585283     
   46.981665965840392        64.122764123475150     
   46.956066302549637        64.108108856848460     
   46.929614474510480        64.092980426432533     
   46.902331947863964        64.077400170801454     
   46.874239131852022        64.061389256394676     
   46.845354948076270        64.044968324338626     
   46.815696415998410        64.028157147775914     
   46.785278268123562        64.010974309498707     
   46.754112591897488        63.993436898423269     
   46.722208495437506        63.975560224443576     
   46.689571799868283        63.957357553228476     
   46.656204754536589        63.938839859670786     
   46.622105748209187        63.920015587840211     
   46.587269169098903        63.900890483219634     
   46.551685042799562        63.881467340258915     
   46.515338912617963        63.861745854362475     
   46.478211630531753        63.841722450889634     
   46.440279184033095        63.821390131632256     
   46.401512528643288        63.800738329293644     
   46.361877425214672        63.779752773369623     
   46.321334301052005        63.758415363008105     
   46.279838102797989        63.736704050345111     
   46.237338146081171        63.714592714260249     
   46.193777980031101        63.692051053577650     
   46.149095253241981        63.669044478120462     
   46.103221559385183        63.645533992192398     
   46.056082301701444        63.621476089375051     
   46.007596535632665        63.596822635233572     
   45.957676820389125        63.571520759751493     
   45.906229051605528        63.545512729723761     
   45.853152305982668        63.518735844414344     
   45.798338675599474        63.491122311372990     
   45.741673086518972        63.462599114541547     
   45.683033141203978        63.433087904512583     
   45.622288950977058        63.402504872723931     
   45.559302976967032        63.370760634578509     
   45.493929894197422        63.337760123020054     
   45.426016480188167        63.303402498406435     
   45.355401532141968        63.267581072559835     
   45.281915802862258        63.230183235665898     
   45.205382066936451        63.191090475640529     
   45.125615198421237        63.150178390983790     
   45.042422347246116        63.107316761682561     
   44.955603287567506        63.062369733267047     
   44.864950804704790        63.015196013092186     
   44.770251352826492        62.965649242922659     
   44.671285765363670        62.913578397567036     
   44.567830267422217        62.858828378528656     
   44.459657589425213        62.801240671579947     
   44.346538331345549        62.740654166095403     
   44.228242515817996        62.676906104894513     
   44.104541249716476        62.609833116839567     
   43.975208565525804        62.539272367279317     
   43.840022668821774        62.465062396993211     
   43.698770121148101        62.387045669710446     
   43.551244118161527        62.305067739932511     
   43.397248951581915        62.218979995112910     
   43.236597925367143        62.128638630920605     
   43.069118309041301        62.033907700447379     
   42.894649000038363        61.934657945564744     
   42.713041128009536        61.830767316035868     
   42.524157478765922        61.722120789998996     
   42.327871466376301        61.608609913136242     
   42.124065207621626        61.490131775963249     
   41.912630551407467        61.366589744593014     
   41.693461682640425        61.237889116101464     
   41.466458618049991        61.103939277361924     
   41.231522488380911        60.964650917568306     
   40.988555482614522        60.819936025811259     
   40.737454226768222        60.669703887814322     
   40.478115181072290        60.513864366806537     
   40.210429075911797        60.352324521582382     
   39.934280928749359        60.184988607415725     
   39.649549324005754        60.011757631515025     
   39.356105977549973        59.832529082113368     
   39.053815547494153        59.647196817846158     
   38.742535694919042        59.455651118447307     
   38.422117407585674        59.257778907247349     
   38.092405524540773        59.053464115830771     
   37.753239540619873        58.842588229575036     
   37.404454624250846        58.625030987145813     
   37.045882889528890        58.400671254897574     
   36.677355001380000        58.169388113848726     
   36.298702006327844        57.931062115695724     
   35.909757559699052        57.685576793115573     
   35.510360481612004        57.432820385517488     
   35.100357750670284        57.172687849890899     
   34.679607937149264        56.905083142638901     
   34.247985120723328        56.629921804794151     
   33.805383322525564        56.347133853761790     
   33.351721470579356        56.056666985134683     
   32.886948914715610        55.758490082466871     
   32.411051525653029        55.452597063126497     
   31.924057832981145        55.139010569633051     
   31.426046391610392        54.817786563027120     
   30.917152533972896        54.489018205866486     
   30.397575598915260        54.152840027028461     
   29.867585933118335        53.809431778147953     
   29.327531450301397        53.459021856074529     
   28.777843530470143        53.101890153597658     
   28.219041854190493        52.738370082911260     
   27.651738031166097        52.368849705096721     
   27.076637643826913        51.993771761407309     
   26.494540544556724        51.613632559409524     
   25.906339259057063        51.228979684369030     
   25.313015348603560        50.840408526387513     
   24.715633710502409        50.448557705554748     
   24.115331536986950        50.054101356632891     
   23.513321886070088        49.657751239434099     
   22.910861539214796        49.260236259550496     
   22.309251255870752        48.862303381590053     
   21.709817205640753        48.464706873523951     
   21.113894503014716        48.068199375366817     
   20.522809854595863        47.673522773379247     
   19.937863761203115        47.281399078576705     
   19.360312795635210        46.892521523490345     
   18.791352601258829        46.507546161882964     
   18.232102189010266        46.127084226785094     
   17.683590112667055        45.751695496496048     
   17.146743022230787        45.381882896676224     
   16.622376934631713        45.018088489738766     
   16.111191441464356        44.660690946826108     
   15.613766882570392        44.310004518239488     
   15.130564385603101        43.966279435131398     
   14.661928515433798        43.629703624056589     
   14.208092184557868        43.300405553454503     
   13.769183427756769        42.978458006855583     
   13.345233563711776        42.663882549528338     
   12.936186343705300        42.356654477323524     
   12.541907655953302        42.056708029521815     
   12.162195415924213        41.763941681586168     
   11.796789365718180        41.478223371310222     
   11.445380480270030        41.199395498540731     
   11.107619873435684        40.927279659982155     
   10.783126990028524        40.661680987771028     
   10.471497098555044        40.402392124200958     
   10.172307951365706        40.149196740013259     
   9.8851256861702623        39.901872656959043     
   9.6095099427670085        39.660194547644835     
   9.3450182550949421        39.423936251822035     
   9.0912097368489242        39.192872700917313     
   8.8476482801617546        38.966781666543561     
   8.6139033964308336        38.745443552262550     
   8.3895586516151166        38.528648123427217     
   8.1742035481987649        38.316186812627400     
   7.9674413673959164        38.107859130514420     
   7.7688884098353554        37.903471694457380     
   7.5781745875726703        37.702838517670884     
   7.3949438134509498        37.505781205043810     
   7.2188541986108481        37.312129049137617     
   7.0495781004205584        37.121719048331620     
   6.8868019909394267        36.934395815798304     
   6.7302262815148053        36.750011483188722     
   6.5795650388621381        36.568425546516671     
   6.4345456277926676        36.389504660689525     
   6.2949083187099895        36.213122426015943     
   6.1604058521035912        36.039159148280540     
   6.0308029824010205        35.867501588275459     
   5.9058759981969686        35.698042697453829     
   5.7854122451486001        35.530681357427731     
   5.6692096523219231        35.365322123716552     
   5.5570762343282869        35.201874949505395     
   5.4488296421412334        35.040254947849171     
   5.3442966860384304        34.880382124409898     
   5.2433128909467372        34.722181137817948     
   5.1457220569645967        34.565581054954514     
   5.0513758457149995        34.410515128247553     
   4.9601333702239119        34.256920570517501     
   4.8718608091966180        34.104738341601980     
   4.7864310406433237        33.953912948755111     
   4.7037232799258648        33.804392244964568     
   4.6236227514491350        33.656127249407454     
   4.5460203664747398        33.509071971590714     
   4.4708124138357839        33.363183236460053     
   4.3979002810204788        33.218420534094307     
   4.3271901744574848        33.074745864627310     
   4.2585928543590645        32.932123580259628     
   4.1920233974189376        32.790520262504799     
   4.1274009685628350        32.649904596816704     
   4.0646485963635177        32.510247241540398     
   4.0036929656762750        32.371520715604504     
   3.9444642282266589        32.233699288792543     
   3.8868958118905783        32.096758877100200     
   3.8309242491305731        31.960676944277537     
   3.7764890140024030        31.825432408569835     
   3.7235323611000970        31.691005549776929     
   3.6719991871604547        31.557377936823510     
   3.6218368820806344        31.424532317714228     
   3.5729952297721663        31.292452649053473     
   3.5254262386600659        31.161123872891952     
   3.4790840577709425        31.030531951559933     
   3.4339248593529179        30.900663781634872     
   3.3899067349384584        30.771507131847201     
   3.3469895956123330        30.643050585040974     
   3.3051350876608350        30.515283497722258     
   3.2643064987736650        30.388195936488295     
   3.2244686781236775        30.261778637022807     
   3.1855879592691196        30.136022959195682     
   3.1476320868022252        30.010920844959486     
   3.1105701472669787        29.886464778789342     
   3.0743725027289024        29.762647746825920     
   3.0390107398841351        29.639463242221851     
   3.0044575770039139        29.516905097132405     
   2.9706868596704941        29.394967647201085     
   2.9376734675168819        29.273645564523449     
   2.9053932875459143        29.152933874600411     
   2.8738231554921332        29.032827921284557     
   2.8429408155263718        28.913323349255833     
   2.8127248788640653        28.794416074018020     
   2.7831547827879408        28.676102263326051     
   2.7542107532117002        28.558378315641729     
   2.7258737689121211        28.441240840793345     
   2.6981255255535830        28.324686637766575     
   2.6709484127898881        28.208712694213020     
   2.6443254663831373        28.093316139977048     
   2.6182403572747504        27.978494264281991     
   2.5926773534651160        27.864244482528068     
   2.5676212968431709        27.750564328012928     
   2.5430575781117670        27.637451438984879     
   2.5189721134041676        27.524903548422856     
   2.4953513190133552        27.412918461466294     
   2.4721821044109724        27.301494101505199     
   2.4494518209559386        27.190628383227065     
   2.4271482743932027        27.080319322061424     
   2.4052596959105768        26.970564985357509     
   2.3837747173531492        26.861363462434603     
   2.3626823615200463        26.752712880030948     
   2.3419720249195177        26.644611391664014     
   2.3216334622928860        26.537057169346763     
   2.3016567728746580        26.430048403429257     
   2.2820323860588352        26.323583292884720     
   2.2627510483844659        26.217660042074385     
   2.2438038113796197        26.112276857599699     
   2.2251820185872826        26.007431939825768     
   2.2068772958275762        25.903123487538881     
   2.1888815391170873        25.799349688562319     
   2.1711869049970596        25.696108720437920     
   2.1537857999152363        25.593398746583976     
   2.1366708706534570        25.491217912248256     
   2.1198349961740330        25.389564345058886     
   2.1032712781530369        25.288436151838251     
   2.0869730331933840        25.187831420486155     
   2.0709337850317726        25.087748217702771     
   2.0551472555388153        24.988184578965669     
   2.0396073554652792        24.889138500385208     
   2.0243081899744761        24.790608002781514     
   2.0092440343580100        24.692591038695976     
   1.9944093382786379        24.595085547015302     
   1.9797987167088220        24.498089437260425     
   1.9654069443189488        24.401600592424145     
