   47.264980154400781        64.282527909941209     
   47.255298555596511        64.277302381836918     
   47.244673096204245        64.271528224279052     
   47.233078433561893        64.265185709217761     
   47.220493807668490        64.258258197192234     
   47.206903053458632        64.250732340287911     
   47.192294508713154        64.242598200624457     
   47.176660823873299        64.233849286064086     
   47.159998668414239        64.224482497872870     
   47.142308350182532        64.214497997496238     
   47.123593363745748        64.203899002886160     
   47.103859870547339        64.192691517084810     
   47.083116122019547        64.180883997177062     
   47.061371859518232        64.168486987242360     
   47.038637662265337        64.155512696286024     
   47.014924305700951        64.141974567912072     
   46.990242102000863        64.127886821277770     
   46.964600241975369        64.113263981669220     
   46.938006134897286        64.098120402763684     
   46.910464864823297        64.082469828456652     
   46.881978471865949        64.066324886600825     
   46.852545460715312        64.049696672662336     
   46.822160236845981        64.032594307342805     
   46.790812598780320        64.015024521945890     
   46.758487266166391        63.996991264494596     
   46.725163441442582        63.978495326738241     
   46.690814407566855        63.959533993180337     
   46.655407159769688        63.940100712916234     
   46.618902072188348        63.920184793726541     
   46.581252596983980        63.899771118598480     
   46.542404996802439        63.878839886448539     
   46.502298106152800        63.857366367112910     
   46.460863110793696        63.835320682431181     
   46.418023385728155        63.812667610926709     
   46.373694328857695        63.789366403976246     
   46.327783229755212        63.765370621596801     
   46.280189180946422        63.740628000390601     
   46.230802983021221        63.715080312952381     
   46.179507109683968        63.688663276555310     
   46.126175690393858        63.661306468057248     
   46.070674509352841        63.632933254546678     
   46.012861069358472        63.603460763934599     
   45.952584671528626        63.572799867370911     
   45.889686540169095        63.540855192745759     
   45.824000020923968        63.507525183622661     
   45.755350804265824        63.472702174834417     
   45.683557244762220        63.436272530215398     
   45.608430730320556        63.398116812709333     
   45.529776146380883        63.358110014229069     
   45.447392408563864        63.316121832368310     
   45.361073108407943        63.272017019169617     
   45.270607231800334        63.225655781895995     
   45.175779972310018        63.176894246120497     
   45.076373641378204        63.125584990546400     
   44.972168630938690        63.071577621309153     
   44.862943942953976        63.014719135285247     
   44.748480190351970        62.954855618608597     
   44.628557808470092        62.891831408167732     
   44.502959915288471        62.825490743698140     
   44.371472798000823        62.755678171351015     
   44.233886716855935        62.682239120758425     
   44.089996579882651        62.605020427622229     
   43.939602997791539        62.523871064257889     
   43.782509978555865        62.438641012388914     
   43.618528799404160        62.349183560836877     
   43.447475134400349        62.255353850185401     
   43.269169178997565        62.157009071974137     
   43.083435436851552        62.054008469617067     
   42.890099229428372        61.946211462686229     
   42.688990710416718        61.833480028627157     
   42.479938581535677        61.715675195837939     
   42.262772368207649        61.592658415873842     
   42.037316881347799        61.464288408441959     
   41.803396133008540        61.330423482449504     
   41.560828985260294        61.190919040474228     
   41.309428772506251        61.045627389794561     
   41.049002336246531        60.894397199322306     
   40.779349196773317        60.737073046600202     
   40.500260910909965        60.573495066228340     
   40.211520598520586        60.403498711627648     
   39.912902707832671        60.226914662928394     
   39.604172967412346        60.043568863229801     
   39.285088620868798        59.853282737074629     
   38.955398931260305        59.655873590412099     
   38.614846005703626        59.451155224095650     
   38.263165990495963        59.238938791580942     
   37.900090660188965        59.019033926968845     
   37.525349556743116        58.791250213570834     
   37.138672664049402        58.555399017141525     
   36.739793739331922        58.311295730848144     
   36.328454438014575        58.058762518023606     
   35.904409325434472        57.797631612664937     
   35.467431850738166        57.527749200339272     
   35.017321444003450        57.248979982412159     
   34.553911765253346        56.961212413473511     
   34.077080161295704        56.664364652039673     
   33.586758301142964        56.358391157681154     
   33.082943837019677        56.043289850453860     
   32.565712875346428        55.719109656037261     
   32.035232801550016        55.385958155497612     
   31.491774984281683        55.044009000246341     
   30.935726615418126        54.693508636053984     
   30.367600912830824        54.334781828957404     
   29.788044834670579        53.968235468203503     
   29.197843527144538        53.594360157490812     
   28.597920829594287        53.213729213635027     
   27.989335461895632        52.826994863027338     
   27.373272681236511        52.434881587313029     
   26.751031586778360        52.038176852714741     
   26.124008762964642        51.637719755059138     
   25.493678188948511        51.234387555816497     
   24.861570121560472        50.829082226423019     
   24.229247539324941        50.422715773345878     
   23.598282814411782        50.016196372568707     
   22.970234742610192        49.610415240884798     
   22.346623705048088        49.206232758132650     
   21.728924077878119        48.804476084268167     
   21.118526829198824        48.405917689073647     
   20.516737251459237        48.011276641990314     
   19.924758551537792        47.621210664641367     
   19.343681555009240        47.236311904633560     
   18.774477239512517        46.857104204737624     
   18.217992044595917        46.484041763686356     
   17.674945880848306        46.117509099867135     
   17.145932665824855        45.757822196338019     
   16.631423183877061        45.405230722659823     
   16.131769943599565        45.059921154045689     
   15.647213710789989        44.722020641788269     
   15.177891366937891        44.391601468933239     
   14.723844684561598        44.068685890227570     
   14.285029721188234        43.753251234080984     
   13.861326468600840        43.445235076642895     
   13.452548498714807        43.144540379484475     
   13.058452359800880        42.851040466734368     
   12.678746555295715        42.564583767276595     
   12.313099951459980        42.284998242599755     
   11.961149540766975        42.012095472259787     
   11.622507490564221        41.745674357372287     
   11.296767467220043        41.485524443065508     
   10.983510234522809        41.231428857869147     
   10.682308543324929        40.983166880865973     
   10.392731369939845        40.740516169700541     
   10.114347510431118        40.503254633426856     
   9.8467286445971567        40.271162050132396     
   9.5894518418126591        40.044021379097472     
   9.3421016460208328        39.821619847474111     
   9.1042717362635432        39.603749821198988     
   8.8755649093223425        39.390208277483936     
   8.6555995239281813        39.180802255477680     
   8.4440018678349666        38.975341687084040     
   8.2404123620136573        38.773644770948351     
   8.0444844663736248        38.575536866883979     
   7.8558848019317722        38.380850538732872     
   7.6742931823383085        38.189425564187488     
   7.4994025304327652        38.001108879231786     
   7.3309187025320650        37.815754477196506     
   7.1685602464498883        37.633223269651687     
   7.0120581057108167        37.453382919548773     
   6.8611552679669918        37.276107647843524     
   6.7156063849326264        37.101278004431400     
   6.5751774305426123        36.928780741555350     
   6.4396452003853248        36.758508444956767     
   6.3087969535711617        36.590359396442651     
   6.1824299784223244        36.424237326459036     
   6.0603511453432430        36.260051147785234     
   5.9423765222695941        36.097714761210511     
   5.8283309400433385        35.937146812788860     
   5.7180476012708112        35.778270473191434     
   5.6113676771555774        35.621013216800733     
   5.5081399469312942        35.465306624219714     
   5.4082204124445887        35.311086166683459     
   5.3114719487314952        35.158291002012213     
   5.2177639739927910        35.006863810706328     
   5.1269721205666707        34.856750600380209     
   5.0389779141115545        34.707900524857806     
   4.9536684908630173        34.560265735610571     
   4.8709363109681290        34.413801212559271     
   4.7906788821661177        34.268464615730814     
   4.7127985053366030        34.124216136335143     
   4.6372020350905014        33.981018367642328     
   4.5638006424661652        33.838836165313445     
   4.4925095982373140        33.697636532785168     
   4.4232480609157196        33.557388490572478     
   4.3559388806007249        33.418062974488450     
   4.2905084138822946        33.279632723894231     
   4.2268863378675432        33.142072174857404     
   4.1650054872411291        33.005357371041185     
   4.1048016969499086        32.869465873146780     
   4.0462136471684111        32.734376672732310     
   3.9891827267872246        32.600070106828078     
   3.9336528889534561        32.466527777868428     
   3.8795705243058629        32.333732477837756     
   3.8268843455952939        32.201668125384067     
   3.7755452715462794        32.070319689276950     
   3.7255063118096512        31.939673140387995     
   3.6767224747393397        31.809715384198562     
   3.6291506602723222        31.680434191822552     
   3.5827495772289684        31.551818173355962     
   3.5374796468599126        31.423856692918527     
   3.4933029255223573        31.296539856467231     
   3.4501830258287991        31.169858439044408     
   3.4080850435438319        31.043803856269641     
   3.3669754827588010        30.918368100752410     
   3.3268221970033736        30.793543745769600     
   3.2875943211883434        30.669323864888792     
   3.2492622062236372        30.545702000095641     
   3.2117973886550959        30.422672213294486     
   3.1751724986878758        30.300228915994179     
   3.1393612327190459        30.178366923805534     
   3.1043383050278970        30.057081435820638     
   3.0700793939761697        29.936367966932647     
   3.0365611037381690        29.816222353681230     
   3.0037609196559476        29.696640717670679     
   2.9716571739453395        29.577619449379561     
   2.9402290038763961        29.459155182673737     
   2.9094563186275590        29.341244776174001     
   2.8793197649727196        29.223885295689435     
   2.8498006952658641        29.107073995575302     
   2.8208811374989322        28.990808303240865     
   2.7925437738809769        28.875085836279371     
   2.7647718832640895        28.759904256267749     
   2.7375493599869021        28.645261452575376     
   2.7108606590366122        28.531155398520607     
   2.6846907797334723        28.417584170514285     
   2.6590252434726143        28.304545938334964     
   2.6338500721041762        28.192038954137580     
   2.6091517674683269        28.080061542583412     
   2.5849172919587429        27.968612092120502     
   2.5611340497292647        27.857689045086424     
   2.5377898691643690        27.747290890727825     
   2.5148729855812166        27.637416156497586     
   2.4923720258948538        27.528063404096223     
   2.4702759922597011        27.419231220187338     
   2.4485742489560414        27.310918213892972     
   2.4272565064296550        27.203123007398357     
   2.4063128079030940        27.095844228185165     
   2.3857335186040864        26.989080514560662     
   2.3655093117465649        26.882830503378166     
   2.3456311572216464        26.777092827336510     
   2.3260903110105460        26.671866113888967     
   2.3068783038305245        26.567148980168504     
   2.2879869306303697        26.462940027953248     
   2.2694082412127807        26.359237843878411     
   2.2511345326078431        26.256041003762757     
   2.2331583363178855        26.153348055271795     
   2.2154724127905552        26.051157528230810     
   2.1980697424292051        25.949467929415135     
   2.1809435170493745        25.848277739408559     
   2.1640871327734366        25.747585412912034     
   2.1474941827720708        25.647389377616889     
   2.1311584501554792        25.547688032753694     
   2.1150739023891791        25.448479753803909     
   2.0992346829418289        25.349762882047223     
   2.0836351054005360        25.251535724975451     
   2.0682696510589342        25.153796575006844     
   2.0531329575512380        25.056543678356650     
   2.0382198190157861        24.959775265424149     
   2.0235251776192738        24.863489533071554     
   2.0090441181107788        24.767684642570355     
   1.9947718654023083        24.672358732539372     
   1.9807037783980415        24.577509912337902     
   1.9668353459178769        24.483136262242962     
   1.9531621821489789        24.389235833822539     
   1.9396800226263162        24.295806650927233     
   1.9263847190315393        24.202846701715519     
   1.9132722406977747        24.110353974389408     
   1.9003386639713411        24.018326410975327     
   1.8875801726537782        23.926761936217567     
   1.8749930535974610        23.835658450845326     
   1.8625736932531594        23.745013831031088     
   1.8503185748243585        23.654825930869194     
   1.8382242753597151        23.565092584728799     
   1.8262874617360265        23.475811602601048     
   1.8145048905709678        23.386980784320990     
   1.8028734029866242        23.298597908046940     
   1.7913899225818422        23.210660733893189     
   1.7800514528952041        23.123167004580942     
   1.7688550752813723        23.036114448968235     
   1.7577979463437585        22.949500780979925     
   1.7468772960089580        22.863323703932274     
