   44856461665.0737372661915741224781760      
   44856455216.3444842647819611042111885      
   44856448096.8949153238304974234164281      
   44856440201.1921629385900997153214323      
   44856431407.0434247124011720902863954      
   44856421575.5965442591128367023149780      
   44856410551.4500585031147206119096033      
   44856398162.9060288982137209489568150      
   44856384222.2288207430033955334794426      
   44856368526.1348511619548453738330065      
   44856350856.0679750255675329227483163      
   44856330978.6907709429806054213755919      
   44856308645.8892760309621882883925125      
   44856283595.0032944579759630855004856      
   44856255548.8143683554549311593358814      
   44856224215.2308333094214127430098387      
   44856189286.8484898235906376009469292      
   44856150440.5124814876666851897177588      
   44856107336.2602738074203319533467778      
   44856059616.2591914687600340078856424      
   44856006903.4797717492545140140474671      
   44855948800.0650097688937191169469946      
   44855884885.4951607822377142281266880      
   44855814714.3977113678361639253981076      
   44855737814.1598013622423058496099047      
   44855653682.1998457997597261936294139      
   44855561783.0170687027239720451044846      
   44855461544.8593465395223870331694148      
   44855352356.0571569139854045180360292      
   44855233561.2016195717904473467483126      
   44855104456.8032870958055864752870329      
   44854964286.6236020489377734259748885      
   44854812236.7243149039524539351079970      
   44854647430.0494352621601001179642456      
   44854468920.5501074821562155275951674      
   44854275686.9131167765646332817458635      
   44854066625.8723824452988284199044055      
   44853840544.8225303548319281541231323      
   44853596154.1044870079774869446484041      
   44853332058.4215509037911142536368783      
   44853046748.2136938964697898392847163      
   44852738589.3542993842856493984669451      
   44852405813.1202987154504138367305422      
   44852046504.8959854572691273580446250      
   44851658592.1445465855891925558454195      
   44851239831.7034098223546178968058811      
   44850787796.0486320581323436371769829      
   44850299858.8672646557237648681771851      
   44849773179.8550429425805852133522997      
   44849204688.6679913431774862826760553      
   44848591068.2888397916130632492259139      
   44847928738.3888368927928442221005690      
   44847213837.5080612970264464134532889      
   44846442209.5193939167167152129892107      
   44845609374.1201564808350132314508285      
   44844710529.2799429243000257254784379      
   44843740524.5151316256132847940529128      
   44842693850.9383787464184895150479202      
   44841564630.1939790963963063898039359      
   44840346606.0866227283138813708375417      
   44839033134.8596587735886693079095342      
   44837617199.9556533283440414746948667      
   44836091386.4565050049898208612331504      
   44834447902.3107557113660060105489013      
   44832678580.4936539305063251636181040      
   44830774887.0452761900909758532704409      
   44828727937.0251093471200496096110600      
   44826528496.8965682758777166783422796      
   44824167007.8436659654327707987998880      
   44821633587.1343340225796621889299209      
   44818918069.1777202264350342739482580      
   44816009981.1783237135514171943275735      
   44812898577.5141676908919305021986569      
   44809572844.6879551558499622202899573      
   44806021510.1422273041603156341109768      
   44802233049.7113572659297982111166131      
   44798195693.1613700430031220509294152      
   44793897428.6039335529434586809227749      
   44789326005.2640439425866194066667685      
   44784468935.3688538061639348286031808      
   44779313494.4537273893737543018207816      
   44773846721.5447731825084175754588779      
   44768055417.8751852738278150545800225      
   44761926145.2860527604611708353076634      
   44755445224.3947187207760362536258838      
   44748598732.5530987876482873250544504      
   44741372501.1501220048878333599655832      
   44733752113.6791008623564853692453573      
   44725722903.0283005999108168143414174      
   44717269950.1976840178853988182623804      
   44708378082.8871318826268710386544222      
   44699031874.7232231642212189626434002      
   44689215644.3385772564962788171061891      
   44678913457.3876597576265902672960520      
   44668109128.6079635302130580914878110      
   44656786225.3678975799335868781825761      
   44644928072.3531906084327062786286324      
   44632517759.2876627719772328521072760      
   44619538150.5239766240788059490616829      
   44605971896.1684078135496312061718244      
   44591801447.1703434473403704212561806      
   44577009070.5856428100160837034925868      
   44561576869.5535240514871217271689782      
   44545486802.6621269620288266005564356      
   44528720701.8943719954379491882321768      
   44511260312.6553303640153953337333096      
   44493087286.9996280933974039979899456      
   44474183222.5109263696291105141053466      
   44454529674.8867528752040381952494550      
   44434108171.6998047973180312170959662      
   44412900222.6354900087666579850295549      
   44390887325.0928856486636776909450223      
   44368050988.2001451250955894921472146      
   44344372637.8031792193967911855802424      
   44319833752.1855713042365517231521742      
   44294415755.5068373778605041013568460      
   44268100030.4957091926594289741111256      
   44240867904.2173716282616335709732596      
   44212700632.9000407730903810693544022      
   44183579385.3243940820606747769207301      
   44153485226.2259305966307909046438912      
   44122399099.7784283208053644914740864      
   44090301813.1932950797949517828905401      
   44057174021.1259558518624033484221298      
   44022996211.2544727816882000294911897      
   43987748690.5437933229649817073946373      
   43951411573.0822179072955283680070899      
   43913964769.1495241342355173028007672      
   43875387975.3113895378398072375423704      
   43835660666.6916115528392808819057639      
   43794762089.5729094541766750522567642      
   43752671255.9560946291916395477098163      
   43709366938.9025314612769484416520003      
   43664827669.0775799929703956841728953      
   43619031732.2675024036848346681769659      
   43571957168.1729583591177263852900683      
   43523581768.1843918256057709411926588      
   43473883075.4752488681371871212774325      
   43422838385.9774138721953428991346314      
   43370424748.2608338415176073939894036      
   43316618964.4330251921855535760717391      
   43261397591.7367663761638592965469779      
   43204736943.5077127632401112216292390      
   43146613090.7172011598231939618164496      
   43087001864.5023006518249674028329095      
   43025878888.1169993281945604582535004      
   42963219451.6969715643521377310101813      
   42898998708.2514696201021945773913069      
   42833191545.4852016876661283036486954      
   42765772618.0120002918462130216077988      
   42696716351.6810969873914211862688558      
   42625996943.5659562427540664151668250      
   42553588365.1612374630864604199098070      
   42479464364.2867579520261185214057948      
   42403598461.2792418473783255680825655      
   42325963959.7395719232645583540841667      
   42246533941.2988475782708947370956238      
   42165281269.0196416281676058075949446      
   42082178588.6817774622977552895650578      
   41997198330.1223739470613565984269918      
   41910312708.8658169704015706402701496      
   41821493725.5040268864917209533501725      
   41730713168.4532992627924767469191540      
   41637942615.2149387944890085459252817      
   41543153432.8469202724520349487030321      
   41446316779.5767558031023535472333912      
   41347403603.5641694339548743935326615      
   41246384646.6657988501210352564583842      
   41143230443.0126825841353911695776289      
   41037911322.0263067871890448856674822      
   40930397406.6571675046009160217812487      
   40820658616.0815187243891330829930227      
   40708664666.3866158826958571922911554      
   40594385068.7709660476443336727837069      
   40477789134.7686563099838996079478829      
   40358845970.0152604687056735656628229      
   40237524482.7984128218823442424372489      
   40113793379.7705287233020916182739182      
   39987621167.2171220379370929599646126      
   39858976150.9986279788236480601343271      
   39727826438.9723004157275036889789816      
   39594139939.6066106108915263908522049      
   39457884360.1607140056930020447292858      
   39319027213.7025115992611533601795111      
   39177535816.3410910444133716226833185      
   39033377283.2086116600594898581183685      
   38886518537.8624688782525744023630509      
   38736926304.9960745988952127804762337      
   38584567112.7525571563901145612814786      
   38429407287.9346855977534828446045754      
   38271412970.4231095100802920786504400      
   38110550104.7369962411103703677990280      
   37946784433.5917094515808029729048438      
   37780081501.8505594954739160374873568      
   37610406674.9747843942575869145318135      
   37437725114.2195735811024648529103839      
   37262001787.5042918382043473018196972      
   37083201472.6966472000056827416899191      
   36901288742.6895452653918130412598019      
   36716227992.9042564498304387725746312      
   36527983413.4253482896460673899072794      
   36336518999.1967870597034534539931531      
   36141798574.4221216996242623677651501      
   35943785728.7034695585580601980980253      
   35742443900.5535372160592737249791423      
   35537736318.0664803212425177743774185      
   35329626018.5080224862464864362147190      
   35118075843.2529487407722509326618799      
   34903048448.5908335254703959898180503      
   34684506290.0768989261525286888131422      
   34462411640.0369859299034537271350474      
   34236726576.2515430421411197787881894      
   34007412973.4508550451847994731971747      
   33774432526.4007538009049966807673339      
   33537746738.3067196286173203390695617      
   33297316917.9629503274822024179788322      
   33053104183.8241264744547431386566447      
   32805069461.8610313923744377193805319      
   32553173486.7351555656057823211714515      
   32297376801.8327508676584629574357357      
   32037639758.7226223985673496447213131      
   31773922518.2695855209907031842249550      
   31506185049.7681593083377040596391713      
   31234387131.3742832196113698042470258      
   30958488351.9936608402406744067941301      
   30678448108.1682186688481762570509629      
   30394225604.4167624660179879405828037      
   30105779857.7065088833082536462610251      
   29813069689.2567921153179643181766130      
   29516053731.3198838953486566256942904      
   29214690429.7430206101887969577794487      
   28908938036.5604846354637475436290843      
   28598754613.2121651580230148098419205      
   28284098031.2260438814991928327034452      
   27964925964.6313647110275133068548122      
   27641195904.0763417862724536924351936      
   27312865146.9451195891663182057360376      
   26979890803.6306442378903073036311280      
   26642229791.0924909043208264307751033      
   26299838838.0823536729749966782221296      
   25952674481.8699110708454360058393689      
   25600693070.1618400188936990417303329      
   25243850758.8467369061622385803455410      
   24882103513.5066563124558435158056480      
   24515407109.4470500444316787388106979      
   24143717131.7717024117507831193396677      
   23766988979.0534907403247845380017509      
   23385177844.7651371304953205062999002      
   22998238753.1019461207152756904298608      
   22606126525.4256975033544299798013852      
   22208795799.8456940590630563392156269      
   21806201023.3400671396292526934893484      
   21398296444.6734101660868555216411298      
   20985036132.3749710503645812565906573      
   20566373961.0099724152181138454074190      
   20142263614.6759233637696012934390837      
   19712658588.6313268027763319187049726      
   19277512187.8114367053965530296994394      
   18836777527.8495029428840620403446650      
   18390407526.6125200879677314633831763      
   17938354926.0214555033957363149449065      
   17480572271.5799351221317864051196666      
   17017011919.9878259128642464171058698      
   16547626036.5008015168834070241086599      
   16072366597.2162686316885667080821708      
   15591185390.5430447775001297364588342      
   15104034011.8283898625048523078808908      
   14610863862.6979917281044878952143589      
   14111626167.5302294436120625386272730      
   13606271955.3082318435561666480399705      
   13094752064.4576820141255986865760743      
   12577017143.4557267938507619287176136      
   12053017652.7134738548723418376109631      
   11522703862.9953701870170159118289949      
   10986025854.8840086273670546569936197      
   10442933514.3960382959342291433391584      
   9893376544.30693346476402303521474163      
   9337304462.39112990051304956263625603      
   8774666591.49774416455964758322785292      
   8205412069.60963838159134748612414596      
