   44574692921.1142199674465181755062543      
   44574680541.1590636033174956418556374      
   44574666831.1977168645126026660077265      
   44574651661.6885567454324585888331577      
   44574634889.7994159610989485787053281      
   44574616359.7538700596511460053388441      
   44574595900.9987413164783430054589018      
   44574573328.4639774005791685914275777      
   44574548441.6573310213915569772097486      
   44574521023.7877002245006544118339069      
   44574490841.2206257353805094282755080      
   44574457642.5147189308819927362788598      
   44574421158.0752714727008105879060346      
   44574381098.8341267883117890795773532      
   44574337155.4220445792672626103705203      
   44574288997.6445131437591699235341440      
   44574236272.5859408410935750605482646      
   44574178604.4413359016972744208064384      
   44574115592.8912433430117896743512816      
   44574046812.0001100829671636318931154      
   44573971809.0357273184952094174853790      
   44573890102.8826182498563634982181598      
   44573801182.9119782620231422229931606      
   44573704507.2874784516984078309185043      
   44573599501.4852046882738205006257032      
   44573485556.5218579980539279579695047      
   44573362027.2474921791839401502726329      
   44573228230.3435170688902617459748619      
   44573083442.3980445250437471110267833      
   44572926897.6700616197210940733398733      
   44572757785.7034796467605274299169359      
   44572575249.0256213388768169732835681      
   44572378380.3151353745751283050523113      
   44572166219.6525145304899915814630381      
   44571937751.3954787498113816105200813      
   44571691900.9804351841310504501169122      
   44571427531.3913658841608429051304927      
   44571143439.4014009876276318526970203      
   44570838351.5041519499841354217682777      
   44570510919.7462884249271091266412261      
   44570159716.9537032210071570900473565      
   44569783231.9977651310162334817823432      
   44569379864.4137703043846764405383810      
   44568947918.8771750737004259598409107      
   44568485599.2731654651294442008756842      
   44567991002.2870402139073331916321952      
   44567462110.7715982431774281770184230      
   44566896784.6478108746824607718673606      
   44566292760.8122840083472716857242767      
   44565647633.9598354742257443858211714      
   44564958855.4482776812001226309866432      
   44564223722.5011334352906827120515265      
   44563439368.6780488867561753486564014      
   44562602753.8294781573471631523899495      
   44561710659.9284778487683882608507213      
   44560759655.5243454446760916354616585      
   44559746118.7970654051230242539209825      
   44558666203.0836279330097223808001961      
   44557515828.9448621666709906020439652      
   44556290670.7686988080034318320237426      
   44554986142.3937558076347388286410257      
   44553597381.9403998258263096541760133      
   44552119235.8949934062306689360056017      
   44550546243.1535742980265372544439148      
   44548872617.2338668526089674630993545      
   44547092228.4852071652799444338171957      
   44545198585.4365286226982194681853657      
   44543184815.4984151746975216634590048      
   44541043644.7578757411882186297549476      
   44538767377.6546170071872073637296184      
   44536347876.1143925419911389159704568      
   44533776537.8566949033060780250391972      
   44531044275.9585279410142167033937736      
   44528141498.2044288506490392753326289      
   44525058105.4870169436814623541409025      
   44521783409.6186373738775210101197840      
   44518306202.1869980392181849119217379      
   44514614674.7357364761327752350125382      
   44510696378.2488556591277345069849576      
   44506538094.9185539428473619705251460      
   44502125494.9427199136755624901228051      
   44497442333.3148792249485246203726318      
   44492469033.8673200613753177537395969      
   44487181570.0669695536993120959204651      
   44481552654.9283537547982556153355845      
   44475554229.4014958990277022152035296      
   44469158005.3720209039792555403349266      
   44462334858.0567555005449855025574035      
   44455055472.1137215110884446336500073      
   44447292000.2696361980728819064925617      
   44439019423.3645210474879659572138435      
   44430216138.5089143031914422462618240      
   44420863678.5907759132450386295757742      
   44410945858.8653265936018035679182139      
   44400447813.1009991524962979752801335      
   44389355136.1892003334780070394825369      
   44377653253.9097405156318319902553856      
   44365327042.4241603919721748879813824      
   44352360507.4054934233158744193585281      
   44338736843.3386532167113416667586982      
   44324438295.4073815920130251856822079      
   44309446217.1884921867635318787248302      
   44293741118.3710812102627649787967443      
   44277302723.4300778648117250009629111      
   44260110030.5027981104234069881789402      
   44242141370.5592034083758163729221530      
   44223374462.7554050580169194977257722      
   44203786464.4183484024709263620261678      
   44183354018.8220229654820792061910510      
   44162053297.3175506816368922666448215      
   44139860037.4329354419800639697685171      
   44116749580.1676476202167584787965351      
   44092696901.2859845684837164422690914      
   44067676641.2491978248309686671551181      
   44041663131.9361293709999208973110326      
   44014630421.3262379452883373013980890      
   43986552295.5025761902778952968457986      
   43957402298.6110033752768877732095475      
   43927153751.5317531013640397430726084      
   43895779767.2758568812991356250162614      
   43863253266.0394875268028232950148488      
   43829546987.4190501222780645559995332      
   43794633502.4004077409682214095043211      
   43758485223.7936618828342192946282919      
   43721074413.1917017549120354325584852      
   43682373192.9081877165888710035914881      
   43642353545.3925432211227914166562330      
   43600987324.1808128364021877646526007      
   43558246257.3961893454565817480104436      
   43514101950.3598514389208687341755951      
   43468525891.7149761891087796950556550      
   43421489449.8623083993580168986850917      
   43372963881.0853111712762711034437691      
   43322920325.5672733605133320776075738      
   43271329814.4737810310582968952655629      
   43218163263.1307180382964439805186610      
   43163391474.5266056492111947438503415      
   43106985142.2001860853006805487512601      
   43048914840.6024506204470453928680903      
   42989151036.6981767543864956619165064      
   42927664075.9554857266933003353887655      
   42864424191.7745665381429683658401340      
   42799401498.4719224185567305811043201      
   42732565989.0177885351669767606820492      
   42663887539.6489913967620785757892952      
   42593335900.8791258722031129150685809      
   42520880699.5441889533615829006613818      
   42446491438.5454697586764044791067933      
   42370137494.1103597918711135616715686      
   42291788109.2328428796870492174931599      
   42211412401.3993146860067276540021462      
   42128979351.0300088822921145078916632      
   42044457805.3485382061368154030326836      
   41957816478.9860024469251364587462329      
   41869023944.8331331909960228701172206      
   41778048637.9201752644559651148888441      
   41684858856.3725367135367389927780863      
   41589422781.3252837282953376612010969      
   41491708356.4378734238590365157703103      
   41391683478.6507759649492178818748240      
   41289315862.9669450847293028407061485      
   41184573078.1792854904227489608512512      
   41077422542.2280635015008146220709689      
   40967831522.8541345888207760706805778      
   40855767135.0559659658975006908455821      
   40741196340.8646237823793377132768734      
   40624085947.1634219418635243655121947      
   40504402605.1602206268105934610502638      
   40382112809.0471968075347456248255321      
   40257182894.6562808404658892561107250      
   40129579038.8525883413247234102450067      
   39999267258.7947744224969613468610575      
   39866213408.6036756249218044901133874      
   39730383182.2728524682905660726614114      
   39591742109.0664866776613733832974069      
   39450255555.5230408849460803798839428      
   39305888721.2235842086804421556321070      
   39158606642.7164354300445333309456998      
   39008374189.4675236964321145570746162      
   38855156059.5763501510439953461865217      
   38698916787.9773369676396147537904631      
   38539620738.9758285553529107745055253      
   38377232104.8150088602023654068682728      
   38211714914.4638357704464870809659566      
   38043033014.5652582815492344801800240      
   37871150090.1917824237687109771912705      
   37696029650.3606575939437211267526478      
   37517635031.3121232215314685338635625      
   37335929398.1839102424128332588061200      
   37150875734.5611971898779585292203253      
   36962436857.2892930525724256485587158      
   36770575417.4094160412744471238298211      
   36575253854.9838225466161009661310058      
   36376434466.2171913877374771171613809      
   36174079363.1973425288486971694137203      
   35968150478.3635746823296233092079800      
   35758609561.3843553543989027752782031      
   35545418204.3548528629896942528540376      
   35328537799.1158088378489636627337662      
   35107929565.0510959397917859358793247      
   34883554544.5290937344752264716922974      
   34655373598.9434727820676936506882707      
   34423347409.3730613986704874301794845      
   34187436477.1171005380871259898118369      
   33947601122.3845364206405202279377690      
   33703801484.0279790342458651238056684      
   33455997520.0876090307562353987031615      
   33204149006.4874915686039294844765720      
   32948215537.0471968990252904166866561      
   32688156523.2170470990347521064940186      
   32423931193.8526874491118522864290516      
   32155498594.8647108833398534533253685      
   31882817588.8802480628684790438228738      
   31605846864.4375116161117870634653614      
   31324544899.3163672348280397764536080      
   31038870013.6151945371077539877169231      
   30748780333.9007025326224968479154834      
   30454233802.2101291030852928763446696      
   30155188177.8727934242685128366504237      
   29851601034.0978488628664940850287564      
   29543429757.8835718151807336214668436      
   29230631549.9519804118286657716083981      
   28913163433.1289594081626315245469109      
   28590982235.7159171874675124451398288      
   28264044603.7439632029286455940588917      
   27932306997.3240352167048134795454175      
   27595725687.2523782822442950124107976      
   27254256761.5774837454118480903121785      
   26907856122.0313289434564140808088472      
   26556479480.7181537952128503370638605      
   26200082365.8047073886239346147211114      
   25838620117.1285349780378046107658585      
   25472047885.2927402400567406889359136      
   25100320638.0290626105976148452060457      
   24723393153.4570801347973950818275752      
   24341220022.1273358377682143937135210      
   23953755645.5578278209938421110837491      
   23560954239.3341727010483247183968419      
   23162769831.4146282114546422401459815      
   22759156260.8011146715121716657181003      
   22350067177.9385785267072749536144509      
   21935456047.8281173691488145533623006      
   21515276144.2531487606789329674795308      
   21089480555.1842145094988750390206658      
   20658022177.8283681341394689226183590      
   20220853723.0305133270148477517772631      
   19777927710.7721881508119507885294842      
   19329196475.7267263599684830837950528      
   18874612162.0191041564238684540823394      
   18414126725.1013011677618785716342226      
   17947691931.7997272867285988761199052      
   17475259360.2295875795763462361383431      
   16996780399.9332200965591844317377844      
   16512206249.2542840169876770149278157      
   16021487919.6152564743810880390693553      
   15524576235.1256584772583463334623742      
   15021421827.2821073618521026881566747      
   14511975142.0028576307252472812372537      
   13996186435.1299387887061350582339428      
   13474005773.1273776888724615001375357      
   12945383032.6694718603261595602316673      
   12410267899.7438796593730692795439909      
   11868609873.8446111148351300907344016      
   11320358262.0310246557120771124147815      
   10765462189.5151982824036810937519816      
   10203870587.1597479643627838100417562      
   9635532198.96103528918215781724716655      
   9060395576.33472502409040942206912762      
   8478409079.17795703104252515532260662      
   7889520884.51212184920773612044811447      
   7293678983.52573998877484856279149630      
   6690831172.53728836605332224916063006      
   6080925059.23171231053581511208980953      
   5463908061.67924603019852979143537783      
   4839727407.38635434572270961189940505      
   4208330134.62252337703977684978473962      
   3569663101.56624412123842055142162011      
   2923672970.47236568804217608804549349      
   2270306215.03423426429103889762910395      
   1609509116.64424737731366081590352032      
