   44856513694.7469423212799736239161110      
   44856513694.4945606079915244319623160      
   44856513693.6166121457260388336344866      
   44856513691.1072157486678183111037370      
   44856513684.9554723095423789842884013      
   44856513671.6856776020171936729268369      
   44856513645.4456548115338210288695201      
   44856513597.8829072548998531339385679      
   44856513517.3064611732995201706736495      
   44856513388.3995085607351858190031431      
   44856513192.0853916822381038384561114      
   44856512905.7126485820216377272290271      
   44856512503.5973181014497612927553707      
   44856511957.8806821583070319213493703      
   44856511239.7769680119240383898767290      
   44856510321.0756408245649023026461241      
   44856509175.2768397032229452866003075      
   44856507778.8403612361942422631890857      
   44856506112.2589495279657531266511095      
   44856504160.0921624488868415180200535      
   44856501911.4503708422757564790911016      
   44856499358.5405960183698144245101247      
   44856496495.9017620079996825425193992      
   44856493318.5013307020933700071875297      
   44856489819.9443036089673299998451885      
   44856485990.2448803935373737837976710      
   44856481813.5429950217357017117198649      
   44856477265.9082870406038759216090601      
   44856472313.5154432319612002988082790      
   44856466910.8560198125519876484781506      
   44856460999.4332561489671929381002906      
   44856454506.6004426923773131947505223      
   44856447344.9367365777906446079450905      
   44856439411.9352249667209119161900032      
   44856430589.8543574975851797961795001      
   44856420746.0432569868899730368704219      
   44856409733.4567031533199681542357727      
   44856397391.2781210265652665673385637      
   44856383545.6486472673683249284988446      
   44856368010.7946287046630751469898224      
   44856350589.7285238213355225492131723      
   44856331075.4643941394414023097241189      
   44856309251.7363477238254756357258085      
   44856284893.9989899988417298579187412      
   44856257770.2859390196428710205137981      
   44856227641.8318370602483070677460280      
   44856194263.8542034605117958293205047      
   44856157385.9251198278049098904927769      
   44856116752.4046086453764120711507842      
   44856072102.7102429987029276347036509      
   44856023171.4221059412373740800889448      
   44855969688.2538310946490102653133803      
   44855911377.9791314320309289607321472      
   44855847960.0870997659197477336621895      
   44855779148.3729994268812463633099583      
   44855704650.5357807565952208621437581      
   44855624167.3532155413909316469591593      
   44855537392.0056047726635766694639732      
   44855444009.0966211815602108136871482      
   44855343693.7066131146404711384751910      
   44855236110.1798154921412591763986348      
   44855120910.8106700172015556441500919      
   44854997734.4924904578414233970286668      
   44854866205.1694185359443020088586933      
   44854725930.0893021600387944789454157      
   44854576498.0988719852144607057658041      
   44854417477.6430463641314298078257291      
   44854248414.5972248433541350722583175      
   44854068830.1661551157991321925481966      
   44853878218.2947027134367900278130225      
   44853676043.4682530428194206689889314      
   44853461737.5034228426889100124010026      
   44853234696.9747713469505223729555212      
   44852994280.0070020592312650623360339      
   44852739803.0866842446082593809755512      
   44852470537.5275268504630027123825704      
   44852185705.8431119855037219498644606      
   44851884478.8468151531758972108798996      
   44851565967.7162624681373619908626970      
   44851229225.0706201560109865403544417      
   44850873237.2249492970996226072116444      
   44850496919.5858212160971909424970790      
   44850099112.0456343738917521133260000      
   44849678573.3509759738736424910713456      
   44849233975.4657165306627195487329774      
   44848763897.4932831485358003751909421      
   44848266819.3836532525514978941437967      
   44847741115.1354210789345534951833496      
   44847185045.7761975994782625505726589      
   44846596751.7486188159502585200610940      
   44845974245.0692762982008230141171310      
   44845315400.7822265784508898149115349      
   44844617948.0956468858696252647424485      
   44843879460.9092838977917568459450675      
   44843097347.7063791904119670152121683      
   44842268840.8376420605313856794725746      
   44841390985.1471153658952658142880375      
   44840460625.7174129890449916206270138      
   44839474394.8792636041923972200387401      
   44838428698.2464518285068833052666983      
   44837319699.7044401306420241662128964      
   44836143305.3830696461320225199296402      
   44834895146.2546203956763045705251175      
   44833570559.4296696660412922571383963      
   44832164567.8920975485036209060317941      
   44830671858.3443780200917592685552852      
   44829086757.6018538407715229215206104      
   44827403206.3171826248263630320289237      
   44825614730.5977727435618105807206404      
   44823714410.9515311730086915873349912      
   44821694848.2078612169025076608347086      
   44819548126.3201766446576803781381009      
   44817265771.4546768812388253945726696      
   44814838707.4437603842935038780961731      
   44812257206.8945486363565513947920651      
   44809510847.5060038350809968450550289      
   44806588419.8594443365695007605198568      
   44803477916.0211924482291149573134427      
   44800166432.7932888446684101762925052      
   44796640111.6551430576884965450130259      
   44792884069.8881300445233886958941873      
   44788882332.1852701687177277478313672      
   44784617765.9469463832094495298433144      
   44780072023.0202454482105419444614492      
   44775225492.3954197876757306840847596      
   44770057268.0049326591776274335884789      
   44764545136.1590125504724475857368279      
   44758665586.6144303109716485521639741      
   44752393850.1510278866540159014688529      
   44745703964.3845451789952475646584634      
   44738568866.8488799765923182210734615      
   44730960512.7390957912294664374114297      
   44722850007.1887705391000408005193030      
   44714207765.0761412956431052386596131      
   44705003683.5620340252474838960453477      
   44695207233.3583228846131872682579181      
   44684787656.4534313286599826664460559      
   44673714052.5948517902009157786375640      
   44661955574.6056186660072737994932194      
   44649481396.4088937290870177036415595      
   44636260847.4819238975597232540005927      
   44622263441.8764488699067290941447008      
   44607458905.0460102639587785559418734      
   44591817185.3701971574840316832815971      
   44575308454.5708079323224563501682429      
   44557903099.2957097821549931574780185      
   44539571707.4623243532320703923521630      
   44520285052.1823449461018063481712343      
   44500014073.6027002051243533905950533      
   44478729864.1179595191966051462303505      
   44456403653.2918429970747254182958604      
   44433006798.2936411174260575554387088      
   44408510776.3986096068394783088425595      
   44382887181.6949388685246082193114649      
   44356107726.1940385885320350047406606      
   44328144243.1633897860579184325269927      
   44298968692.6678121631172691446759668      
   44268553169.0585578648657631181722327      
   44236869909.0218518716681431206860443      
   44203891298.5834029240006230227939099      
   44169589878.5283486735590040173988331      
   44133938348.5750307537833919791459194      
   44096909566.6155579141495762639483894      
   44058476546.5778986188489405214249004      
   44018612450.7014857535961585955029033      
   43977290608.3820040892586012240444155      
   43934484378.9004942879038694428734829      
   43890167320.9574956114104534349117740      
   43844313040.3728528566199085523058528      
   43796895197.2638324754948551070351603      
   43747887477.5095557569383338803429981      
   43697263562.3811439782822987405631462      
   43644997097.0393006813712630653534567      
   43591061659.7150926589298700409883536      
   43535430730.8476815643741018994806211      
   43478077664.4390151299482027336778284      
   43418975661.9362082542076603211543949      
   43358097748.3518350798246909527257575      
   43295416752.7068937320123348818339514      
   43230905289.4724267419410930269931429      
   43164535747.6590026781238778495589937      
   43096280272.0703169210651656177575722      
   43026110765.5663774195904606144240895      
   42953998876.1590200868022048163345318      
   42879915995.7005226066676708621774504      
   42803833257.0117731436316790311166345      
   42725721533.8641610779950291386432701      
   42645551441.7932878448705479515144329      
   42563293339.1969229309624166464720170      
   42478917330.1817834734705549622889432      
   42392393266.8260552200916809050929481      
   42303690753.0958440305848695447424770      
   42212779146.0073180168418193449182631      
   42119627561.1143349420730951775753704      
   42024204874.8799628693156393681591095      
   41926479729.2401126535657600518617023      
   41826420533.7119836688765956054148057      
   41723995510.7704252149772434611693281      
   41619172528.0432841291211170498407399      
   41511919363.9974842402809197291002628      
   41402203530.3099212551046938228598556      
   41289992322.2462838667218572417440900      
   41175252818.5149990782866823611845642      
   41057951889.3743416460723809168191130      
   40938056191.5094520151764076445642016      
   40815532172.1648584648304469341892013      
   40690346072.0843250173449569241882302      
   40562463930.8722149858861553469035881      
   40431851581.3620932268019423331069232      
   40298474657.1561100078287130572458652      
   40162298590.7306960596576575088704853      
   40023288616.2166835835557653101978321      
   39881409768.9219193888923298721562114      
   39736626888.6320053577585477720174113      
   39588904619.5526706053854134169337852      
   39438207410.9696730301720875419384164      
   39284499518.4840306926144819826267588      
   39127745005.0080349502473514299748388      
   38967907741.0939514131589396943260767      
   38804951406.2662060946773008592863483      
   38638839490.0128284211860365440820246      
   38469535289.5000576997639239850477994      
   38297001911.4116570232305274935285370      
   38121202274.8217004115496717269077997      
   37942099109.7585084990989981231892629      
   37759654957.9468230872898227786143548      
   37573832173.0235495238247818875478007      
   37384592921.3541477210659509368934551      
   37191899185.0126601535296526991859242      
   36995712748.2705480265508480420201297      
   36795995217.3877947855508870662245752      
   36592708009.2495312517360057236230834      
   36385812354.8352673358928145956370257      
   36175269297.2522708270210878066753774      
   35961039694.8982707795036632741772471      
   35743084219.9986012055100002480834600      
   35521363356.3478995551199755159893360      
   35295837404.4890325158463222483437704      
   35066466477.9714259465910756987737668      
   34833210503.6777547613680182002816582      
   34596029224.0728692683360194090807796      
   34354882193.3138271067103608671252044      
   34109728779.2446529865247001790847535      
   33860528176.2936807297554517398739576      
   33607239374.1959294446279879436767397      
   33349821188.7389636801270616748096547      
   33088232245.9690915638518568996863485      
   32822430986.3414245423633315471183792      
   32552375665.7085570240212813866480286      
   32278024355.1160665739179715790247340      
   31999334933.8535634092948367179073910      
   31716265101.7925853563445770126178769      
   31428772370.1982252035434040216084341      
   31136814063.8496956616334443559055578      
   30840347322.2699658622195048407090630      
   30539329098.2467893487334003531775406      
   30233716158.0727909767229970304788104      
   29923465082.0000377651032171702913832      
   29608532257.3402549652074737278227621      
   29288873900.7662542661342709167179781      
   28964446030.0323209706550963180048019      
   28635204479.3054495203570892574824138      
   28301104896.2549028812987029622519757      
   27962102741.1413402414710692543998757      
   27618153288.0068222697163776253704710      
   27269211623.9870741076046338591563894      
   26915232649.5062038184150807227046641      
   26556171077.6454625936643312447705480      
   26191981434.5833423640695801843484561      
   25822618064.2827661575262549342940763      
   25448035099.8255640556430444510896132      
   25068186525.9137212903782752573300897      
   24683026112.8257910838736409852828641      
   24292507449.8841471531672086270722915      
   23896583946.4708738884841221708428812      
   23495208806.0860992363863041428223992      
   23088335061.2971537217276864811333601      
   22675915543.2903132581539819461647556      
   22257902920.9473932981589579326581572      
   21834249651.4967320187905868527594123      
