   8094440309117595.23633203644197550014      
   8094440309117595.24506498227045353348      
   8094440309117595.44010935732343773198      
   8094440309117596.86195013009224379433      
   8094440309117601.90435693969195773967      
   8094440309117608.92324161900948228422      
   8094440309117587.40205748863742277622      
   8094440309117419.50148646221834011251      
   8094440309116808.02202655457160442379      
   8094440309115173.87841304362195556099      
   8094440309111583.59311393005126869255      
   8094440309104743.55112502564327584854      
   8094440309093071.76331991936746051552      
   8094440309074827.00612576131496044875      
   8094440309048258.05053682302630304463      
   8094440309011737.23209253268605302759      
   8094440308963856.27873288757838263555      
   8094440308903477.96726441809969451128      
   8094440308829748.72193140648048485016      
   8094440308742082.80648579281769543041      
   8094440308640129.30852726779698020406      
   8094440308523731.07432134620505866530      
   8094440308392881.70653709450636424747      
   8094440308247683.41812645578181068234      
   8094440308088307.03007602597347610630      
   8094440307914952.99309606901364618024      
   8094440307727812.14474116519095409777      
   8094440307527024.09581529400454778019      
   8094440307312631.75306414232689032964      
   8094440307084529.44040064374780464682      
   8094440306842403.68042297917205024887      
   8094440306585664.91366481141698279323      
   8094440306313369.03297497346726633357      
   8094440306024128.10981342701977269295      
   8094440305716008.24659491244427382117      
   8094440305386417.47358248353795706458      
   8094440305031982.68033083422536069947      
   8094440304648405.57833892596407757928      
   8094440304230313.66842492439210528677      
   8094440303771092.23376466158472244700      
   8094440303262702.53282256670179084079      
   8094440302695483.77898793494690128734      
   8094440302057940.73591168224500853445      
   8094440301336514.64829437092804023234      
   8094440300515319.79132211646244767899      
   8094440299575891.63101147479101501753      
   8094440298496895.72842617388836047865      
   8094440297253799.99915064367993362479      
   8094440295818556.75879250320003816584      
   8094440294159236.25331061604374082840      
   8094440292239663.37675267687418847670      
   8094440290018987.80901247163610690277      
   8094440287451318.54365089733030692951      
   8094440284485256.48497257296959273357      
   8094440281063498.70502491213650631766      
   8094440277122411.83383551787577873254      
   8094440272591631.31360818375066878277      
   8094440267393724.66355950969265339000      
   8094440261443925.48813023865715744493      
   8094440254649758.99417393680661498082      
   8094440246911098.03670979538719697406      
   8094440238119970.78412671568403948755      
   8094440228160425.09125819053935650509      
   8094440216908376.73168817055793058685      
   8094440204231204.46866703377686457117      
   8094440189987218.68894845422910919695      
   8094440174024431.56986801379163924165      
   8094440156179392.00864997151871198418      
   8094440136275327.73327954911961478607      
   8094440114120788.93644875077092902625      
   8094440089509335.11327319915574449432      
   8094440062222519.22050141843028014856      
   8094440032037879.65783343598129345644      
   8094439998742817.96809296182220098102      
   8094439962151175.35032506999305145726      
   8094439922115132.94845439098165232154      
   8094439878526977.98979553942796671181      
   8094439831310015.26087403011449779647      
   8094439780404676.68854664810746324909      
   8094439725755805.89076348796523085669      
   8094439667304134.50527026681929630529      
   8094439604982202.91605476795859834202      
   8094439538713383.22537548618261967100      
   8094439468410653.75138934668506741042      
   8094439393980225.94065684732170439051      
   8094439315320048.12049613810148824145      
   8094439232322481.59531506463507906628      
   8094439144874146.66791822294043504127      
   8094439052857623.29978814632410944515      
   8094438956151772.83871001435756256659      
   8094438854630217.09577956042505752273      
   8094438748164780.22704487337966644100      
   8094438636624290.23622493167235048255      
   8094438519874786.28861505761913059092      
   8094438397779818.80873840625547441501      
   8094438270200530.07783006555570439692      
   8094438136995788.19106158410648707308      
   8094437998022354.20143178227639127811      
   8094437853134921.87202896083167831531      
   8094437702186150.19914683013717727686      
   8094437545026722.59814623562058054536      
   8094437381505404.04559798880286919289      
   8094437211468987.00952153689579138783      
   8094437034762415.95590888096172402580      
   8094436851228786.97267468306943544957      
   8094436660709357.85240062065520879383      
   8094436463043553.33940159524089899036      
   8094436258069018.30901673575394727859      
   8094436045621558.56671108008047633899      
   8094435825535132.83770837250965773848      
   8094435597641986.58180398409726675514      
   8094435361772509.69752602408589785450      
   8094435117755329.49251452010627848072      
   8094434865417286.91122196728942833534      
   8094434604583439.36434926100911434188      
   8094434335077072.88578012725838622954      
   8094434056719687.03348003275573631886      
   8094433769330976.25264441240003002089      
   8094433472728862.57913197038845134947      
   8094433166729481.19586023810197462653      
   8094432851147184.46412464310845663856      
   8094432525794543.97908775121996298278      
   8094432190482334.89887853962745163389      
   8094431845019551.80171184986600184733      
   8094431489213392.93098840934033110037      
