  -8.15842723541597469456145730830435518E-0002
  -5.01499493407997616856312397135548207E-0003
   8.12920408431039131346465316890340550E-0002
  0.168943952079918113124652385282931301      
  0.249145855681587652340121893851902508      
  0.313503654106639370245423641058930174      
  0.355258724280438899050168142146651526      
  0.369984330822404896319909555225978265      
  0.356077842798532994283379199615090766      
  0.314960885637406577529281844573455520      
  0.250719619165808398583987212300519871      
  0.169475365647480537998498157814057591      
   7.87597153769868150580912711505244089E-0002
  -1.36477901177125456769933168983489778E-0002
 -0.100307669933388824202277043561452205      
 -0.175215802851506492385888354833916075      
 -0.233862004764600755868639761206700831      
 -0.273930902966151409160993734994329386      
 -0.294681830465196827696096925037592622      
 -0.297220901895127309918451335232035184      
 -0.283655838291885581206493737061598902      
 -0.257189575309604235940593312201493141      
 -0.220976080937557731528809438544035395      
 -0.178544679600061774339725709478969553      
 -0.132904209041522761422369682661337590      
  -8.67961410522514357844560474277996632E-0002
  -4.22442458749140494244543591483444137E-0002
  -1.00868024782504620454779310912584426E-0003
   3.60003095140317510795504134357168762E-0002
   6.81132397802855450244834312913693820E-0002
   9.52044500534460199552903343106022326E-0002
  0.117336885581291623278417231044247511      
  0.134777320848231586651999912725305546      
  0.148064196863191696684683656492522346      
  0.157729408096989873341255122197652421      
  0.164470903060339574153851103782471668      
  0.168782985910937269761564179480273776      
  0.171296202103058008066380026188500289      
  0.172443303913414204395909387320613826      
  0.172782762102596065133750563489298690      
  0.172616014984495138207383530041052597      
  0.172360142959647220373332819100417599      
  0.172182440401931368675509388989545043      
  0.172477990123715601504412027060225961      
  0.173313942774645434825182364846458320      
  0.174854593066200502482474743409605102      
  0.177264095730423124812177665944529315      
  0.180553492185742072502443064666590904      
  0.184812579272105350617954476634993359      
  0.190088904497667167483283419630233653      
  0.196334918553747833643583845529680558      
  0.203733937839174109485670026373614455      
  0.212170979799899327808598048252334215      
  0.221778194045241167396390993002904145      
  0.232613450366225514969114030801652740      
  0.244807921369695186260018415009325477      
  0.258506291728838401229769560585391808      
  0.273817143021930305408591959755696886      
  0.291110560703343573318837212114702440      
  0.310724184100838746488157584461256227      
  0.332932843641514772108108254357589812      
  0.358453541917585773233168571192039112      
  0.387984422344664271216446461622942221      
  0.422341115490169072373753007693437437      
  0.462678686561815595329042054015789004      
  0.510359670444176803158393032226975577      
  0.566954902132810711834788307190078380      
  0.634416501639105819268456342804022733      
  0.714683962830938363009904937435772335      
  0.810022883855632588088013278790553996      
  0.922228296801488888521262630866952566      
   1.05286575936141838789768454481617913      
   1.20183531972942511989151794015825788      
   1.36737161681873226469171212047665482      
   1.54453337469146015401363387074540448      
   1.72442478932517976811601787073209497      
   1.89307702146268868117365908195025709      
   2.03090352143323250386252332983499870      
   2.11247971933843610165144885350557854      
   2.10772414363461584050390476670541864      
   1.98333425112450924834056192336502231      
   1.70819270404368310679996785372092198      
   1.25444249497009034786889802991034199      
  0.604370273974968195594448192518192279      
 -0.244126360855496887624169769627650418      
  -1.26895323100591442143474601328001426      
  -2.42952204234459584421627451658550792      
  -3.66661034859661368341832489643303330      
  -4.89845809085949887092524233269400076      
  -6.03251689692058699245018604438186178      
  -6.96699431479513110340852340599327684      
  -7.61569494052983457850553085458941234      
  -7.90002977731851266367477104441263074      
  -7.77570333645000281288081050256873751      
  -7.23012136666169072535288686925036853      
  -6.28463478153445137201231163986849524      
  -5.00313654308167739324180477174729207      
  -3.47321372366853084587492272746596512      
  -1.80311421650362391839685964380913601      
 -0.116080406760329289569108392082177115      
   1.47265914339741322837552011516056265      
   2.85889076829295938924836497975172075      
   3.96871096774892807276642079775405142      
   4.75267044060692031212021017248926271      
   5.18998454638180999937133736824601774      
   5.30045652765395131070997429373349747      
   5.12060748988997206925849818313147951      
   4.70836216089977599244200025812551276      
   4.13142856519009903271083498020441228      
   3.45580814601809525150453600518869496      
   2.74810376415116821836283998966421751      
   2.05481768554179656289077264266565142      
   1.41585551004417163860404120212224345      
  0.859645080043153994364396850978951763      
  0.389720459958648421458690883671879930      
   1.10293281939005318289278653560851672E-0002
 -0.284335506483597071277646013266830169      
 -0.508197527985794557785587976235758597      
 -0.677357147389150129005543814409301504      
 -0.801305144547632935099287038609925849      
 -0.896331293368948120214967814330701344      
 -0.968681718014004897633723916106634881      
  -1.04015832724807993130983993701766996      
  -1.10100428351318930073657128381105904      
  -1.16240748293350362625432811380551021      
  -1.21762964062599987576689731938776814      
  -1.27659671468719504896928634195883789      
  -1.32273099433123868041464161189577355      
  -1.36586354658303072698337793631572576      
  -1.39164304443469245404015783314550465      
  -1.39053706381073205477285324692209462      
  -1.35820854436805822383663068765442204      
  -1.29377269921532845371800884602491278      
  -1.17748937996457446460871742764475604      
  -1.01411381912757599234224068274180767      
 -0.809778503208431539275368080516952097      
 -0.554038086135514354236996206433179411      
 -0.259894007969859655623548029650781963      
   6.91675442190907926572285687827693712E-0002
  0.416029736263408347717153062417078297      
  0.772160718631508011321134247456418301      
   1.12992461854796050778172792462130883      
   1.46238099042119630302298178774992903      
   1.76446032248703119389151201435005619      
   2.02717106207817377011416536485809439      
   2.23392019959964306402571264532579411      
   2.37914913588356777002358656912196210      
   2.45128097295418746604386004408134322      
   2.45706975616032797480862106131025744      
   2.38276221092247030531525635697352130      
   2.24392700077902253812070100768908212      
   2.03781031067879447563015528017407944      
   1.77239842500761490234836824565086804      
   1.45817182538827788894903325632679994      
   1.11457921953923605538564527442448987      
  0.741872914786943470851748098144448550      
  0.368540517587540086543366487499977575      
  -9.43865769280106864233234601022309722E-0004
 -0.344009326573399145394119463857297331      
 -0.667540458179213486551815421145471590      
 -0.932113109340197535071471551173141589      
  -1.13135739569755249601075059040528718      
  -1.26970817210555307870144888263916650      
  -1.35793994465272945026763271709420138      
  -1.38142043348271226324744024216713984      
  -1.36615370274210532038518547223512815      
  -1.30976511485273025802749421031415582      
  -1.22135457651297827479511826059051627      
  -1.10988342292016340905379303733171877      
 -0.994641922907887765975467033069433217      
 -0.862895047078007045802015066732581695      
 -0.731806949879373137747552991361466037      
 -0.613375100556519715434340427247024278      
 -0.497335506617818737576578442828778643      
 -0.392986188181767682202697941205096274      
 -0.297904058704957870998631466349828607      
 -0.219394136056504525367105400960398388      
 -0.153625673192687946100708495445967559      
  -8.77426952751829574569473305747947139E-0002
  -4.39634730070963480126258682967057167E-0002
  -9.38684375036725257740014703276105834E-0003
   2.23010794453963934924073391006741868E-0002
   4.29727906445967346536492109108170410E-0002
   4.98905827286634131993041864602447176E-0002
   6.06323641387433807910597834974918014E-0002
   6.86306186730387849322612162389760346E-0002
   6.26177582428822659868048845915751450E-0002
   6.54769483880142220061759751155299844E-0002
   6.65852090844514370198592505341004617E-0002
   6.68752911904936739954486534199945673E-0002
   6.59504173414741429333220758932285578E-0002
   7.41148927805993760727700537745753921E-0002
   7.16561406638913152656899439065557973E-0002
   7.57679153569749893470531161688901391E-0002
   7.25684361748548237219759374442317579E-0002
   6.62528391700997783814290377627952242E-0002
   5.48613218901201377084890645796774882E-0002
   5.15731896415599211904205902352580967E-0002
   5.61639007910010551787075723675713999E-0002
   5.42518905529581465778341205547042600E-0002
   5.07082192274791483280080630865100992E-0002
   4.78444021028050226799581196204195381E-0002
   4.37368979315595582929487030273374115E-0002
   4.11672510564121544644930843816441848E-0002
   3.75044349100328964695351188956760839E-0002
   3.53602146773668044316949419658862329E-0002
   3.32127847707270079399796650555921118E-0002
   3.28319728152346835326685827534815161E-0002
   3.08958303193528230704113997361179142E-0002
   3.01355675363687678479908718727953298E-0002
   2.78373816461368261615768447041618694E-0002
   2.67571965634138159217559184363350292E-0002
   2.67976805433852170705063460129911198E-0002
   2.50557312699462777770547517607684676E-0002
   2.40753132607404404927218977575448097E-0002
   2.17061921663968825549592379838166705E-0002
   2.02701560122213046189101980072458710E-0002
   1.82853207104202571861535852909617374E-0002
   1.66737261642838315822793677203252485E-0002
   1.57244702447247961591653945026293665E-0002
   1.53909126927432081915724533483262437E-0002
   1.37973707183972896347294842088862574E-0002
   1.45106548197776410448753415791510313E-0002
   1.48418624195292233638949188557165958E-0002
   1.56701215837501164615174505356586518E-0002
   1.52531739604340225377511050435012450E-0002
   1.35244915190094883382657715683956350E-0002
   1.24975767789201157345487391235652814E-0002
   1.02377372732594582306476888877186945E-0002
   8.93314136463050302913578146657852781E-0003
   7.18184555517229143590898291762580625E-0003
   7.92678281841557588464700491412670605E-0003
   7.41182279593443310850205425210382904E-0003
   6.69606179590078484381248837698198184E-0003
   6.61765293922725049625061073805892727E-0003
   6.37987816531988693358350940599496659E-0003
   6.57230055546122728740245134497835843E-0003
   6.06530238441879299787708744094218240E-0003
   5.07031222907457107578770624141489988E-0003
   5.06330958003199935972698199557798572E-0003
   6.07085980672604729218393194958171387E-0003
   6.03417751534354243980609430834961391E-0003
   5.67906403720183119486688184476785492E-0003
   6.15254888976005351812908634273274887E-0003
   3.54349231689745350156736140231707280E-0003
   1.93117059731396269230138386044422265E-0003
   7.36531158420588153465905165941575498E-0004
   1.87087448793302861948329757329164415E-0003
   2.25931037963275503531802413363960986E-0003
   2.31267836500919584513270076918612462E-0003
   3.07064403839205915598286618851259039E-0003
   1.11522332055095366685711791439745893E-0003
   1.59044422488080239657026878989593722E-0003
   2.39765689545192159122123596793610512E-0003
   1.71701549290334454034745434666932479E-0003
  -4.05354926766240133081385139749331475E-0004
   3.36551424474947610781041082334418429E-0003
   1.75142654676413284941004711247853652E-0003
   3.53523672631959230484244512825732095E-0003
   1.94412880881525697152826661603525134E-0003
   1.34246192408922192664206189248380199E-0003
  -1.11997847404648814078312821640428624E-0003
  -2.08819666999872435470725573588813045E-0003
  -3.73914102392949865637885902932302729E-0003
  -8.76526780419472924095768494579456357E-0004
  -1.82336702898725637394473495731361441E-0003
   1.90273189969436972110323402340843604E-0003
   3.96675534633098919614727974284997165E-0003
   3.68027696099041992982371603042142918E-0003
   3.41470290079449895414205540133339681E-0003
   3.53925163975085120200680465853262052E-0005
  -2.84579131100816812219584063716106202E-0003
  -6.14174341181526879308662674372624765E-0003
  -8.20266120943867715806473749370083656E-0004
  -1.97681828645598317631503579803669097E-0003
   1.66175608205847453387891893020962283E-0005
   2.71333843232995199628774152246106284E-0003
   5.59026420866669738133575109738162404E-0003
   4.24003525046748973262222119274342999E-0003
   4.34254591086922829259663915142048553E-0003
