   44856513692.4370875689496491893779467      
   44856513688.1125373764569811505353907      
   44856513678.2781318290187528808646717      
   44856513658.2699544897862622186843268      
   44856513620.6967570948566241382238593      
   44856513555.3393995613899937888999143      
   44856513448.4060156792486771332492173      
   44856513282.3638117308750234070623013      
   44856513035.9894729578966990002834517      
   44856512684.7631437167440903321877949      
   44856512201.4825699125374309561957989      
   44856511557.9629970749441407418040935      
   44856510725.2796409020646833112012848      
   44856509676.2812881301693658769683363      
   44856508386.0669516079620708947491086      
   44856506833.6516397137285657420119827      
   44856505001.9970471248442504287816825      
   44856502878.7192516611059459433048226      
   44856500454.9708646779005823302925452      
   44856497724.7784631252689396654454223      
   44856494683.0810464897513997802765900      
   44856491324.3106313403410250046609837      
   44856487639.5762551594152789285715431      
   44856483614.6441641464472892980085640      
   44856479227.1850733167683307338154767      
   44856474444.5935643650750754010037857      
   44856469221.6616174420378601882124008      
   44856463498.8187125807522731388530125      
   44856457200.1819375922697022423273799      
   44856450232.3410991783919448327890135      
   44856442483.1461994352257676286429924      
   44856433820.9258538042798631212531845      
   44856424093.8129313120804834827631286      
   44856413129.4622441524430844887132113      
   44856400734.8013768425927697959601910      
   44856386695.8701556465599494644299952      
   44856370777.8894843267037762059142815      
   44856352725.2736892159564808703498918      
   44856332261.5471631089211293079881296      
   44856309089.4396744713396070023168321      
   44856282890.6928915403219697551605626      
   44856253325.9230142543193865084498514      
   44856220034.2742536159606743129561254      
   44856182632.8927993998477947668638192      
   44856140716.4143586093576869538694484      
   44856093856.0665281221691849277117261      
   44856041598.6650343562326018065687179      
   44855983465.4395982475329036267294165      
   44855918950.5224342773161899075235060      
   44855847519.3369544185190550555956269      
   44855768606.7263433197549565858772638      
   44855681614.5662985485851645248947694      
   44855585909.6842183975221316945920748      
   44855480820.7770321970517752518773897      
   44855365635.6508652986004649100138736      
   44855239597.7242324506484755243761538      
   44855101902.4737984568625055570985257      
   44854951693.3909694553468083002187151      
   44854788057.5772769872170985469409542      
   44854610021.0719071015693301759172185      
   44854416543.5709411095419181417153060      
   44854206512.9164438156099162883358042      
   44853978739.0591161941198617883798834      
   44853731947.5016848639523221847378776      
   44853464772.2398091187470314019003285      
   44853175748.3127279763683425505152067      
   44852863303.5452172216970071706879265      
   44852525750.2352508104102185854025377      
   44852161275.2821780157299228126359697      
   44851767930.7349167810503471251721407      
   44851343622.9591729938663897001104589      
   44850886105.0689305496417422770741344      
   44850392951.3871923343151384561544224      
   44849861563.8194780939463421434487417      
   44849289146.3079018158750105197097336      
   44848672693.4324194031965996309842670      
   44848008975.2978899985030456035347137      
   44847294521.6411107910193828631792312      
   44846525605.4793899881188118103111264      
   44845698225.1261824924338295614224276      
   44844808086.2927982876299501677903019      
   44843850583.0141743623778257918089734      
   44842820777.9278886357183833452578404      
   44841713382.0078817638787132094127519      
   44840522733.5546389963968655258966198      
   44839242776.8912564639960393868405996      
   44837867040.6660577328101795100089435      
   44836388615.8758201782280947921374042      
   44834800134.0598881315751646147149395      
   44833093744.9473655841490146954828308      
   44831261095.4309486201939956602327269      
   44829293308.8059719734034638257877169      
   44827180963.6089077666910078075160351      
   44824914074.1668104290742803202345999      
   44822482072.2067728267272640784878055      
   44819873788.4040844854075484409760403      
   44817077435.0621013023935699702036701      
   44814080588.9427952360289276598201414      
   44810870174.0967633979736114314541064      
   44807432443.1201659892281958775634576      
   44803752951.8996297316726471576201404      
   44799816531.7618358802057279864581668      
   44795607237.7094391673066656152203855      
   44791108270.9542288627626442317147394      
   44786301841.9499270193877080146605582      
   44781168946.3392137025846334427904385      
   44775689030.2952454925816642271818179      
   44769839568.8689523719991721484120067      
   44763595869.5723816507862146125992254      
   44756931354.0959381937149931195007827      
   44749818280.9451828939879445622512481      
   44742228639.8598398258132765464664228      
   44734134875.2529436109236107103625264      
   44725510655.9472856455475651467036034      
   44716331732.1567559490194781718563418      
   44706576607.8649279032014091962566965      
   44696226734.8253827344821152797972517      
   44685266237.5298321188115667043770650      
   44673681215.3715784823351371845266457      
   44661459140.6750768016492523598154927      
   44648588096.4233354589264107118835353      
   44635056273.0232792431218997478977015      
   44620851597.8209277137162916871077527      
   44605961503.2220660097568124567820854      
   44590372800.4351398365574191921535635      
   44574071647.9577999567835982012352985      
   44557043456.2148051121947678811047697      
   44539273050.6167833076452273574563308      
   44520744603.4647513808381260000482618      
   44501441702.9451109200628178982741468      
   44481347393.7059537646721069570303626      
   44460444215.9728946365958758774382631      
   44438714237.1970270724266183598969074      
   44416139100.8587499453900257555315582      
   44392700030.2066910173824900064374755      
   44368377869.7551569606400845118359678      
   44343153103.1539978787692757962135593      
   44317005872.1903596924902917990935046      
   44289915993.5940688723169323034483452      
   44261862973.6670292788329574045046246      
   44232826020.5688229570801972951217644      
   44202784055.6731007633786508338371908      
   44171715722.3188357299080954897845440      
   44139599395.4860355416894772662877435      
   44106413188.6382948396275874395073276      
   44072134960.3085461944597765702161815      
   44036742319.8689245451099581608550748      
   44000212632.7541428297417212382828674      
   43962523025.0423700861855527317741505      
   43923650387.6134256727150584155102099      
   43883571379.8465275910465119233205384      
   43842262432.9525273776763817265404466      
   43799699753.1799729552201803234470626      
   43755859324.3774821998611814587880071      
   43710716910.7866272913821812973982709      
   43664248059.0156718413080460630631080      
   43616428100.7352535727972224539486817      
   43567232153.8560944036484431711264142      
   43516635125.1442192222106777564773480      
   43464611712.2459675784526304981568957      
   43411136402.6638287322708942069071098      
   43356183480.2440405289234241104713086      
   43299727020.8161001626872165918910895      
   43241740896.5560647819877228816294974      
   43182198779.8750025885419326037865887      
   43121074135.6281382758947393755989457      
   43058340232.3728807717702832871678298      
   42993970171.6927617407544250368591109      
   42927936755.2696287213038820143319592      
   42860212688.2608885521884143477734110      
   42790770442.6634121898384213472501791      
   42719582297.7618598547316926976076541      
   42646620336.6363023039506502418318104      
   42571856443.0191370330898106481895668      
   42495262312.4677760893559770221718504      
   42416809442.4021016372781345682630755      
   42336469136.9852743093517850211501082      
   42254212511.4341459005530589517420736      
   42170010484.8149312038023232462064536      
   42083833785.1622692226189383984403737      
   41995652952.3496268657776104225836543      
   41905438331.3787293662223118528568868      
   41813160078.0438752888680049541808578      
   41718788159.2913994263145086875591697      
   41622292349.9953388620790669679709097      
   41523642237.9506512636799403918665343      
   41422807217.9915643196764157079156250      
   41319756499.0796160381451100479524721      
   41214459099.1644448273292160676341319      
   41106883850.5036368437372072425210806      
   40996999396.1826837708540532292586209      
   40884774188.3459623969773845264763096      
   40770176491.9628009157315807232704690      
   40653174385.5389778184279118595663357      
   40533735758.1031049542310765824530672      
   40411828313.3304815949277859837599731      
   40287419565.4879019723600100988453019      
   40160476842.7505884352940132052524429      
   40030967285.8135173671591288553840006      
   39898857846.2121321894210067964919264      
   39764115290.5942038015050788607966333      
   39626706198.4555589100667854684534077      
   39486596960.9545364710937328481824420      
   39343753783.9089072953741558965200925      
   39198142683.1320556928942212171079891      
   39049729489.4892055744592907566880854      
   38898479847.9061479764695155384316912      
   38744359214.7267400821659244060650932      
   38587332858.7129063195386289498952848      
   38427365863.7139009694429046876337087      
   38264423128.6717463713136210027456653      
   38098469362.6766041357894264302700871      
   37929469085.1889683648461068592872180      
   37757386633.5226206109292830356414195      
   37582186158.7530552844012421551198948      
   37403831621.1436153894982952763295766      
   37222286794.8453729939818211236521603      
   37037515267.0158102977401127843544680      
   36849480438.4561974442776903026456684      
   36658145528.7280855463005031699144829      
   36463473563.4603172289404396767077002      
   36265427378.4201155138319473552090107      
   36063969624.1289682749366155785452678      
   35859062773.7841347954673513793200058      
   35650669103.5129833042158963026876676      
   35438750704.5487223876266336292079670      
   35223269480.4134959432127640434371325      
   35004187148.2686598328828249335645979      
   34781465246.6436790132485801396232894      
   34555065099.8531273451815072015586056      
   34324947870.7762814253012009830250278      
   34091074527.7674301353042926838378572      
   33853405850.7247476444855868025600823      
   33611902431.3233785776544973130298471      
   33366524673.4603059379987994308672050      
   33117232797.0674904355553129180940007      
   32863986830.5289528822614286414948385      
   32606746614.7025341324241505069781664      
   32345471805.2814706128497991345670304      
   32080121871.8117974036124135316621919      
   31810656087.8302399199710011721942866      
   31537033544.1794668341803902638455806      
   31259213147.2700651835334640464202866      
   30977153611.0581604873055108078459402      
   30690813466.4555366096926221244037028      
   30400151036.3305913746439965953691821      
   30105124492.4063258735330728337302435      
   29805691794.9816892339605837586162996      
   29501810713.2529794895518890850712989      
   29193438834.6613756918737352663597732      
   28880533561.0471579187301066999861615      
   28563052103.7588117313086212167468396      
   28240951486.0391013979735577159929665      
   27914188543.0055539053070143816677254      
   27582719921.3130717679292055153518472      
   27246502079.3447045484447907490466999      
   26905491288.3301513365961335567166520      
   26559643630.6583761724050820731986711      
   26208915000.2709925147862266427306822      
   25853261102.2863813795358713846796808      
   25492637454.3581569500409339328481557      
   25126999385.3835468934932339479582544      
   24756302031.9635200833220613670470905      
   24380500349.4562831372421275994711320      
   23999549106.2782435975778852007285015      
   23613402878.3232696411862965100903192      
   23222016053.3247244584247941432319023      
   22825342829.8379710937400694558335622      
   22423337219.4530702261351132701326803      
   22015953042.9660468162037530214426286      
   21603143933.7772398211280502795172105      
   21184863341.4016239589053538549013314      
   20761064524.0421092121151380993669533      
   20331700548.2263851143723565846424786      
   19896724298.3131658388226715807873585      
   19456088466.2201766992183969123667122      
   19009745558.4292041367759263907061445      
   18557647891.5153850299767120637541415      
   18099747591.1919161174622352128412015      
   17635996598.3079192836698608349201917      
