   47.244314223141004        64.271331885247918     
   47.232692992593719        64.264972876741567     
   47.220084153026548        64.258029618212291     
   47.206472897507730        64.250489359116344     
   47.191849301793305        64.242342915319753     
   47.176208217664623        64.233584738732333     
   47.159549076873098        64.224212905908516     
   47.141875615379057        64.214229030172135     
   47.123195539967220        64.203638110862386     
   47.103520136720398        64.192448321224873     
   47.082863826612638        64.180670740695589     
   47.061243711913377        64.168319060120126     
   47.038679072192096        64.155409235455068     
   47.015190874681828        64.141959137579875     
   46.990801273023258        64.127988180173219     
   46.965533104111010        64.113516938029377     
   46.939409406539895        64.098566770054035     
   46.912452951070392        64.083159445471949     
   46.884685786109138        64.067316776084297     
   46.856128817765274        64.051060269037265     
   46.826801401983985        64.034410787125239     
   46.796720969352691        64.017388231368955     
   46.765902674715363        64.000011241115686     
   46.734359071807468        63.982296913420782     
   46.702099814133533        63.964260542387855     
   46.669131379469334        63.945915377700146     
   46.635456816503918        63.927272401323904     
   46.601075514358811        63.908340123057457     
   46.565982989592406        63.889124392284423     
   46.530170652071803        63.869628206354271     
   46.493625768141079        63.849851616477700     
   46.456331093464833        63.829791491050678     
   46.418264848267590        63.809441438347463     
   46.379400528138845        63.788791663669159     
   46.339706780898688        63.767828854592288     
   46.299147264301141        63.746536068904007     
   46.257680507156266        63.724892621726731     
   46.215259792913521        63.702873990260912     
   46.171833012472135        63.680451703062758     
   46.127342540434469        63.657593244801561     
   46.081725091015507        63.634261950181141     
   46.034911579826307        63.610416905813757     
   45.986826958502391        63.586012830544732     
   45.937390065464449        63.560999970808574     
   45.886513460427473        63.535323990463453     
   45.834103244420966        63.508925844470475     
   45.780058869434669        63.481741649133198     
   45.724272958684438        63.453702560732886     
   45.666631091554706        63.424734628912219     
   45.607011625303358        63.394758676313209     
   45.545285463991590        63.363690135133751     
   45.481315889825048        63.331438932339587     
   45.414958375224955        63.297909355503307     
   45.346060403761896        63.262999917241999     
   45.274461349867742        63.226603262803110     
   45.199992390055662        63.188606090384241     
   45.122476478285122        63.148889105763871     
   45.041728376204908        63.107327009998102     
   44.957554820700814        63.063788572545661     
   44.869754762250444        63.018136737469284     
   44.778119791169907        62.970228855896593     
   44.682434704586015        62.919916990150291     
   44.582478275034340        62.867048360089072     
   44.478024214805238        62.811465894042669     
   44.368842375252520        62.753008943134596     
   44.254700179827537        62.691514144508496     
   44.135364261910759        62.626816415004036     
   44.010602291846389        62.558750088335309     
   43.880184970487953        62.487150156302917     
   43.743888075091334        62.411853576841196     
   43.601493902524467        62.332700246342135     
   43.452795713824742        62.249535742025913     
   43.297596433319953        62.162210751871484     
   43.135709837392660        62.070581923583866     
   42.966964931446753        61.974514628753084     
   42.791203793989496        61.873881884842795     
   42.608282184280128        61.768564887096865     
   42.418068934636146        61.658452813104894     
   42.220444828095431        61.543442305545810     
   42.015300982336399        61.423436635486652     
   41.802537275950449        61.298344863802491     
   41.582059580360848        61.168080268057743     
   41.353778188614825        61.032559451419168     
   41.117605294635183        60.891700862769234     
   40.873454254325132        60.745424375515931     
   40.621232915150628        60.593647230888216     
   40.360848730888428        60.436287154559643     
   40.092203217879415        60.273258965320530     
   39.815191897645533        60.104474523732968     
   39.529703549928008        59.929842262096926     
   39.235619776754397        59.749266905910915     
   38.932814821225278        59.562649361025343     
   38.621155652996300        59.369886772788369     
   38.300502303148704        59.170872751161568     
   37.970708420257559        58.965497747291444     
   37.631622074050860        58.753649596419763     
   37.283086765638068        58.535214207833036     
   36.924942721814553        58.310076441830233     
   36.557028370629340        58.078121128857880     
   36.179182203122352        57.839234323213716     
   35.791244848947400        57.593304724297504     
   35.393061528620230        57.340225334821803     
   34.984484894991368        57.079895370837654     
   34.565378248466232        56.812222410480452     
   34.135619247043238        56.537124846239855     
   33.695104039839833        56.254534593104246     
   33.243752021432385        55.964400184635508     
   32.781510641051604        55.666689756718199     
   32.308361553123220        55.361395047986655     
   31.824326380131119        55.048534868360562     
   31.329473247255958        54.728159078253313     
   30.823923516630771        54.400352567562074     
   30.307858635797082        54.065239186425295     
   29.781526915435833        53.722985491314368     
   29.245250001926493        53.373804145214201     
   28.699428829457144        53.017956834454772     
   28.144548725722750        52.655756499102836     
   27.581183482283961        52.287568769632060     
   27.009998063507872        51.913812444294187     
   26.431749782124978        51.534958937880020     
   25.847287734446219        51.151530639978439     
   25.257550347860729        50.764098168729170     
   24.663557519603472        50.373274330541321     
   24.066417997132366        49.979718207817299     
   23.467299727993908        49.584115717491876     
   22.867433472151422        49.187182079387036     
   22.268096660431617        48.789652008690126     
   21.670598999800568        48.392271525481654     
   21.076266505517790        47.995789227462446     
   20.486424341058257        47.600947193278081     
   19.902378901969740        47.208471717329637     
   19.325399676378407        46.819064118716014     
   18.756701563678440        46.433391916557845     
   18.197428255263890        46.052080649414563     
   17.648637333785288        45.675706632659320     
   17.111287634671424        45.304790905054951     
   16.586229305557360        44.939794558053379     
   16.074196823065027        44.581115578916737     
   15.575805086266300        44.229087242693488     
   15.091548502585718        43.883978021009334     
   14.621802855196442        43.545992896536255     
   14.166829628035622        43.215275906451566     
   13.726782355597468        42.891913710043227     
   13.301714573870854        42.575939950910367     
   12.891588871976744        42.267340169898148     
   12.496286653711545        41.966057060150987     
   12.115618178751504        41.671995843603071     
   11.749332586427721        41.385029626222121     
   11.397127583180685        41.105004552128413     
   11.058658646239504        40.831744699441231     
   10.733547541166496        40.565056595291388     
   10.421390110400413        40.304733347892146     
   10.121763240877465        40.050558331231507     
   9.8342310254028327        39.802308441113539     
   9.5583501167650020        39.559756910115183     
   9.2936744280399566        39.322675850088629     
   9.0397588940309141        39.090838132755252     
   8.7961628128002687        38.864019215859450     
   8.5624509559321762        38.641997155426097     
   8.3382020704844759        38.424559313954134     
   8.1230007758629732        38.211494674598782     
   7.9164455541933512        38.002600341560935     
   7.7181480256252133        37.797680582153689     
   7.5277335847697069        37.596547139515629     
   7.3448418349385660        37.399019459330809     
   7.1691267803909735        37.204924764910309     
   7.0002568827796940        37.014098088652659     
   6.8379149938143433        36.826382226816357     
   6.6817981270874069        36.641627603136982     
   6.5316171903895519        36.459692122032905     
   6.3870966213729101        36.280440962938300     
   6.2479739914666883        36.103746366527531     
   6.1139995593004555        35.929487386678339     
   5.9849358009103018        35.757549633339494     
   5.8605569165568614        35.587824997901166     
   5.7406483606744256        35.420211404826588     
   5.6250063222006688        35.254612520322866     
   5.5134372669096043        35.090937516900667     
   5.4057574227644700        34.929100774306349     
   5.3017923237026112        34.769021643373883     
   5.2013763464840812        34.610624188430705     
   5.1043522634203402        34.453836942698445     
   5.0105708148326702        34.298592679088678     
   4.9198902924994092        34.144828172800914     
   4.8321761487382346        33.992483996988632     
   4.7473006140341152        33.841504306177058     
   4.6651423386103632        33.691836643690856     
   4.5855860493388727        33.543431749740087     
   4.5085222223833306        33.396243383727537     
   4.4338467733936717        33.250228151671557     
   4.3614607660702482        33.105345345982052     
   4.2912701309857786        32.961556790549224     
   4.2231853936735151        32.818826677742670     
   4.1571214420761367        32.677121457746367     
   4.0929972814028224        32.536409691453457     
   4.0307358144894474        32.396661931400089     
   3.9702636316202944        32.257850600678722     
   3.9115108115177959        32.119949886092222     
   3.8544107346623298        31.982935628937771     
   3.7988999077552186        31.846785229678034     
   3.7449177928877915        31.711477544853743     
   3.6924066460755847        31.576992778742476     
   3.6413114024193929        31.443312505662544     
   3.5915794873993745        31.310419434159158     
   3.5431607144458637        31.178297431221672     
   3.4960071582317207        31.046931431386962     
   3.4500730331705629        30.916307366078193     
   3.4053145850940378        30.786412103275634     
   3.3616899859802989        30.657233386529228     
   3.3191592356845709        30.528759777010347     
   3.2776840698069196        30.400980603143882     
   3.2372278715977321        30.273885909085610     
   3.1977555896779037        30.147466407420037     
   3.1592336595373496        30.021713435413968     
   3.1216299306921376        29.896618912610855     
   3.0849136049430519        29.772175333087024     
   3.0490551356400681        29.648375597511116     
   3.0140262189280449        29.525213172324960     
   2.9797996993242406        29.402681929084938     
   2.9463495228896490        29.280776143529735     
   2.9136506845680081        29.159490465564968     
   2.8816791781561331        29.038819890007343     
   2.8504119501351082        28.918759733381091     
   2.8198268549773533        28.799305608929352     
   2.7899026116659464        28.680453399363831     
   2.7606187655015213        28.562199240089829     
   2.7319556503012850        28.444539496746835     
   2.7038943496424799        28.327470742480045     
   2.6764166667488660        28.210989743832272     
   2.6495050920625176        28.095093448997318     
   2.6231427641876421        27.979778945123702     
   2.5973134540934457        27.865043482155130     
   2.5720015291142890        27.750884433961939     
   2.5471919287571012        27.637299290841042     
   2.5228701398515176        27.524285647610629     
   2.4990221728719875        27.411841192255242     
   2.4756345391173462        27.299963693649641     
   2.4526942283062714        27.188650983474751     
   2.4301886966567006        27.077900985274272     
   2.4081058332712386        26.967711648880400     
   2.3864339515319357        26.858080978152181     
   2.3651617693702569        26.749007016566068     
   2.3442783926139912        26.640487839701724     
   2.3237732989394058        26.532521547182970     
   2.3036363229646857        26.425106259927965     
   2.2838576417523031        26.318240113293534     
   2.2644277610356323        26.211921252115950     
   2.2453375019974380        26.106147824086211     
   2.2265779893438449        26.000917978907559     
   2.2081406392584220        25.896229865615293     
   2.1900171475704178        25.792081625337676     
   2.1721994786443344        25.688471388241485     
   2.1546798555437365        25.585397272784320     
   2.1374507510092204        25.482857386288412     
   2.1205048763496990        25.380849817406261     
   2.1038351734942529        25.279372636949514     
   2.0874348055715446        25.178423894384746     
   2.0712971450068345        25.078001597535962     
   2.0554157810669151        24.978103786368390     
   2.0397844906684588        24.878728428085878     
   2.0243972444412677        24.779873478969321     
   2.0092481968432137        24.681536875361989     
   1.9943316793732380        24.583716523480494     
   1.9796421937698825        24.486410301871139     
   1.9651744049180855        24.389616054948949     
   1.9509231413904367        24.293331628950291     
   1.9368833804449754        24.197554818263296     
   1.9230502481709095        24.102283397380578     
   1.9094190122557717        24.007515110490836     
   1.8959850807742160        23.913247689385585     
   1.8827439931765899        23.819478833056007     
   1.8696914172575425        23.726206216047032     
   1.8568231451175898        23.633427489758148     
   1.8441350884257970        23.541140281131497     
   1.8316232746504026        23.449342194490729     
   1.8192838438340766        23.358030815705860     
   1.8071130429429612        23.267203706649113     
   1.7951072237307979        23.176858405040878     
   1.7832628400468702        23.086992434946488     
   1.7715764431195880        22.997603300464345     
