   8088153109149710.63206829103349747388      
   8088153109149676.97670599357634616065      
   8088153109149526.91472803108905627930      
   8088153109149053.82149215064798183656      
   8088153109147852.70921280344528544234      
   8088153109145221.15492425495920224363      
   8088153109139966.61263081059248116617      
   8088153109129981.91349187570193382622      
   8088153109111520.69014959702824895012      
   8088153109078304.12981472150561134023      
   8088153109020741.05681651237102840809      
   8088153108925504.40486578513946419426      
   8088153108775578.72139258226170896449      
   8088153108550684.06592798537862579189      
   8088153108227891.69399467718354279373      
   8088153107782361.57671823015285849593      
   8088153107187890.09544040156130956677      
   8088153106417441.03806286252942002631      
   8088153105443475.31769386569254412424      
   8088153104238175.87726902463198040867      
   8088153102773320.70070114645293655065      
   8088153101020519.18951218624913817971      
   8088153098951389.03598757177361506122      
   8088153096536894.20171339457465468827      
   8088153093747719.80703969598024616859      
   8088153090554291.02514858521916190151      
   8088153086926640.60883479915116781294      
   8088153082834025.11791604808513186844      
   8088153078244811.13050104294912090799      
   8088153073127180.77591605577505629119      
   8088153067447509.31016501257622616523      
   8088153061171729.79056120370616515640      
   8088153054263929.94707195100591001422      
   8088153046685876.56275891616391871246      
   8088153038398498.38264023356805841169      
   8088153029357875.42392390076435686706      
   8088153019517978.48006344654449809115      
   8088153008827770.49580641796185666303      
   8088152997229124.30067043024725976195      
   8088152984656088.70785238785801372127      
   8088152971032129.61535442841951739582      
   8088152956263793.75868441290870073952      
   8088152940239155.44083766564387574273      
   8088152922824804.48138389886517385808      
   8088152903880901.38255064650554070245      
   8088152883315192.84831726102498190237      
   8088152861202762.31901467280191645598      
   8088152837892531.12274118203540427315      
   8088152813880638.56528165217900416383      
   8088152789485099.28915003826011922636      
   8088152764697048.72795753034596691507      
   8088152739286784.87953760303301736258      
   8088152712957024.24702057450704158377      
   8088152685428269.73642819520278688956      
   8088152656464440.25245946985203900851      
   8088152625871010.02064595788377086502      
   8088152593485430.58340410665624198392      
   8088152559167619.63545874171591555917      
   8088152522792765.96861757306287890254      
   8088152484245864.93914052425219032936      
   8088152443418191.82436548765165981300      
   8088152400204682.94658553823665569481      
   8088152354502332.52859289733126648293      
   8088152306208969.12886201055601676294      
   8088152255222417.12663082927166834264      
   8088152201440029.40422958128182807404      
   8088152144758175.00683578258518286689      
   8088152085072101.17247211723809627911      
   8088152022275635.09801283170631182231      
   8088151956260982.23191182505760006387      
   8088151886918982.81352030187282204244      
   8088151814138614.48900995495212856018      
   8088151737807101.00644411505020142487      
   8088151657810026.72481685500897402065      
   8088151574031037.55172555188119765460      
   8088151486352377.81145338151545767791      
   8088151394654092.97073011063249469831      
   8088151298814686.57586700112554048414      
   8088151198710830.86558465008326651233      
   8088151094217216.72601167438463828918      
   8088150985207209.13015906017534927853      
   8088150871551968.11120459267956900144      
   8088150753120988.90940676214311813152      
   8088150629782315.45473109675149180325      
   8088150501401681.14835673047093174502      
   8088150367843615.58561019139713445941      
   8088150228970689.07679846535418941023      
   8088150084643480.16177975296599855955      
   8088149934721313.73918851636794590150      
   8088149779061347.11051007037609904878      
   8088149617519158.01968184559838621808      
   8088149449948972.13880515153061200734      
   8088149276202423.67191352901298782678      
   8088149096130078.03960445658697904926      
   8088148909581042.04806861439617378818      
   8088148716401627.16366285234465915033      
   8088148516437249.73362326777681219174      
   8088148309531912.91218198809645457438      
   8088148095526483.94684961966931841578      
   8088147874261227.77796656847762988510      
   8088147645575502.77763556787993149636      
   8088147409304361.94886020236322307121      
   8088147165282763.14758198955506971438      
   8088146913345446.00970790648396562070      
   8088146653321846.74996028528356628671      
   8088146385042154.90242224309565022972      
   8088146108333850.97343972548219679861      
   8088145823024449.82162616434232651000      
   8088145528936714.96039927394173046308      
   8088145225893002.62985084424517602877      
   8088144913715508.73659787692312590594      
   8088144592222546.80467901010560280353      
   8088144261231997.95347351435292046398      
   8088143920557574.91899594598580249417      
   8088143570014765.28148314311178444184      
   8088143209415032.18227706951505453798      
   8088142838568390.14652932303481139373      
   8088142457283382.37417268576302886978      
   8088142065366363.71678248337384244115      
   8088141662622503.41147237710568200855      
   8088141248854696.87438903492860129037      
   8088140823864030.05685125345076586824      
   8088140387450253.37509698782293979680      
   8088139939410742.20741891989396900233      
   8088139479541496.03001579757252963599      
