   8088153109146353.14727610095172252030      
   8088153109142184.73389012574158665487      
   8088153109134157.29974640322238775472      
   8088153109119188.57837003791851239378      
   8088153109091975.47968713197681849252      
   8088153109044140.39629346979120894622      
   8088153108963668.83121581929349890126      
   8088153108834785.70668052453401694092      
   8088153108638274.43868882132285747389      
   8088153108352048.18453284445166674103      
   8088153107951841.03655144259133467910      
   8088153107411868.55918175745352606369      
   8088153106705337.91421989851409352253      
   8088153105804853.00542819836427836308      
   8088153104682677.93307548250112277294      
   8088153103310732.06489873254890933616      
   8088153101660641.11574688517926120905      
   8088153099704025.89582344945371436638      
   8088153097412277.74470988117675677911      
   8088153094755885.00694735910524836662      
   8088153091705640.59273526562094216129      
   8088153088231526.87302899800552279368      
   8088153084303063.54195106502050294488      
   8088153079889110.54041881799047636337      
   8088153074957689.44079437749775100472      
   8088153069476345.30440438959500882351      
   8088153063410427.27315435963313546962      
   8088153056725270.65153736526429414152      
   8088153049383407.76385274915610267953      
   8088153041345890.05343074022965812499      
   8088153032570486.21651666337682220174      
   8088153023012401.02387571038214024444      
   8088153012622372.26080336089498436063      
   8088153001344613.24297875693734534430      
   8088152989116376.31473426041673203350      
   8088152975865205.64947867891888773784      
   8088152961504119.52418246623726804604      
   8088152945927778.55272459921393352587      
   8088152929009914.74503490781191933010      
   8088152910609378.98445648784581219967      
   8088152890607284.82084966991247328323      
   8088152869004545.92436127612976450030      
   8088152846053262.61469352955724069695      
   8088152822232552.93101887288785138610      
   8088152797954569.03729764561270866152      
   8088152773320571.98176564767321223507      
   8088152748158152.42925748711581112552      
   8088152722179654.72754869166005999796      
   8088152695094320.50417507405773699831      
   8088152666650433.86579464315042486012      
   8088152636640045.50157964816198344349      
   8088152604890680.25455013398433694663      
   8088152571255451.97256966620040436085      
   8088152535605006.03410193176188938170      
   8088152497821382.87909534264882468243      
   8088152457794045.65653227033572440514      
   8088152415416882.97076015482730575873      
   8088152370586316.01171729498204284771      
   8088152323200039.85499126633227227369      
   8088152273155902.98281710447731161166      
   8088152220351514.83418495900509764037      
   8088152164683574.45705859211061487021      
   8088152106047798.75188202786311120630      
   8088152044338484.13228130117130480412      
   8088151979448419.38234148161983952299      
   8088151911268953.24081714445364453287      
   8088151839689598.45686363843131935682      
   8088151764598298.12009427776534139457      
   8088151685881222.93182614474634653003      
   8088151603422668.91888432732909510695      
   8088151517105360.37016578071723269059      
   8088151426809995.45008212748202954846      
   8088151332415729.63386592329751578236      
   8088151233799832.19528520516363176429      
   8088151130837771.30954516133187104116      
   8088151023403206.97349526935188274678      
   8088150911368194.25414389271032193120      
   8088150794602695.08731867402077522419      
   8088150672975357.87939616155460863765      
   8088150546352678.31297852919947174045      
   8088150414599443.26371992805059826098      
   8088150277579208.07437699293581591289      
   8088150135152991.13431432672605753999      
   8088149987180672.44222905608862093929      
   8088149833520131.02992363954351637875      
   8088149674027445.17538355439862897151      
   8088149508557379.05321744657748711700      
   8088149336962423.48555384442990070278      
   8088149159093479.32091148659013025296      
   8088148974800235.73852324422128830684      
   8088148783929886.27231633500074912697      
   8088148586328196.96113407554681191871      
   8088148381839710.26684818919289109759      
   8088148170306294.23808436997427062133      
   8088147951568598.60649679681057720639      
   8088147725465995.73456647740481033522      
   8088147491835109.75751493657467140752      
   8088147250511317.03329888538205372749      
   8088147001328755.84340702118771077641      
   8088146744119127.07100931614004288989      
   8088146478712380.45085830368463897157      
   8088146204936604.89430482695039408610      
   8088145922620178.12141225866603255149      
   8088145631586316.85870327412503181554      
   8088145331658022.21882361070611871818      
   8088145022658010.65999003635484267648      
   8088144704405380.34937093276386658493      
   8088144376717829.88224395237843318204      
   8088144039411602.81151163812410776095      
   8088143692301027.40462742483066425035      
   8088143335198738.76435471405364468437      
   8088142967915252.77369026548897071923      
   8088142590259852.13347512203591163377      
   8088142202039593.89956066801463586188      
   8088141803059942.39279524183695323659      
   8088141393124852.36777370274173871480      
   8088140972035659.11686717860353946618      
   8088140539592893.88125523414799840707      
   8088140095594595.84378118645293462632      
   8088139639837221.81641842828939832633      
   8088139172115661.79785519872531527816      
   8088138692222575.49992073906047872819      
   8088138199949197.60422210348291512886      
   8088137695084544.48074575972531522101      
   8088137177416544.44707486711401742997      
