-174700.4301951565460057580854914584
-90069.90087254087305302265909853944
-50925.33704999515673349006020036743
-31222.04929706246578613213366974326
-20600.129210156502479578581709635877
-14610.675045331755636616292717228722
-11262.754960887516309365690333656466
-9739.166986037022920120311492944546
-9916.186851714302773168318756494837
-12050.159118489154301554777156157069
-16034.208738416160494403114353233493
-19564.654297141312261502947398270836
-16145.26255224899550605455443690433
2210.16933349832815154981587719244
33496.66460466978034608214929868331
58306.7558184009105691814778741343
56055.39523506973268012883318659814
28763.23292193776026120175085761633
-3264.84040365081651582734627999049
-23871.70056789682993353241463338285
-30465.16422516659775444317477503666
-28126.02538033864325509320527018157
-22361.33615362480459253618768593791
-16419.07429540839937141697420393867
-11557.53727294268527376000552542378
-7975.63365414930365575319022596451
-5471.509629049603580360571757953029
-3764.537680173687769695161353994571
-2611.869605434305068385421249110603
-1833.43336228518144395878823106794
-1304.544809498667291544427916429989
-941.7082469083887471994380792997469
-689.8371313972565146863349352151299
-512.7196001178345081822369842805903
-386.4844951108093656631109948252019
-295.2785614345776594485155672277807
-228.501007487639539635439547196148
-178.96892569475449554643533024138922
-141.76603533007700260092868282877662
-113.48983782724051139441742073849098
-91.75349746655177291268033086712822
-74.86405908659555631629835134218077
-61.6075150645367755415843418432655
-51.1037791180222192309729902544859
-42.70557023553769902462303398205047
-35.9338300987236852689081621069702
-30.42983417694765375296679092216238
-25.9215177782320008673407268730176
-22.20304059877784362839064497007848
-19.10941162540377298594013155770208
-16.52219196720659994008656944862693
-14.34325739012938003131109786477951
-12.49699456647184608018933008948394
-10.92032685118401306956822713427648
-9.56740937907413632346076437890307
-8.39762804883462254637653322026398
-7.38114564388716949177825073087962
-6.49352542809250819828808976330556
-5.71460502086109245442511331486413
-5.02780510094747588425270341951687
-4.421286456286081241558047815680519
-3.883856318083907246904517577795193
-3.406678836109787912731174884608162
-2.982993081936120658412218783513338
-2.606632341527545193790421901586354
-2.272666364161799058367502765477877
-1.976461023035524605783336937373313
-1.714345763776244979553682529092278
-1.483063896971115228773210720854848
-1.279329051115595903100538939489311
-1.100502753610637489004936193310331
-0.9440559343837235257014546351873709
-0.8076358609810520910188343072390964
-0.689069222158232968292992049444708
-0.5864351062728647331188700937576233
-0.4978795538976602548682909591149057
-0.4217182831811740175480793104609971
-0.3564628495732130934199072320064918
-0.3007173116099356593302617853277778
-0.2532397297816038498146268254647597
-0.212919221986233164700088647710533
-0.1787860966767711898699940649469834
-0.1499134695778670128446581015614616
-0.1256028418274296198951926634247514
-0.1051597976517043721506806809120958
-0.0880331627121147940890901544770639
-0.0737128365488763320479298258319271
-0.061783623115607070667652354467016
-0.05184802980169144412810559826643317
-0.04355698953003705690518239005413533
-0.03660407773080313892894943754083424
-0.03073209685575544819750410065543687
-0.0257327474255698653245105952874634
-0.02145518557533849876187795075957781
-0.01778770636137389937758300627940535
-0.01464912917729517389162617919057562
-0.01198303167027888197494297581190432
-0.00974305207482795070841078045594799
-0.007893884602525931786877082555000339
-0.006401147731090746454686295097829083
-0.005231839891211408584442607523186727
-0.004346473236494377553636142698888743
-0.003696151019134765961790488614432042
-0.003225673427955975409554777613584027
-0.002879040800281750214074100778725604
-0.002607336435035213074124967063675793
-0.002375685703808750013452221252937601
-0.0021638999818938824187692094433001564
-0.0019647402303651537255165356633275336
-0.001778129865984409082962260032419276
-0.0016064063704719954358887540838958358
-0.0014511720177101441100740277882663403
-0.0013108700302225374911042369883276869
-0.0011818105104279165657951736494102336
-0.001058463939287700985839832161935845
-0.0009349393403541679933464756595072591
-0.0008070821294351697832962998439042124
-0.0006737360896103056732655769852270791
-0.00053763220954265782031148636125390645
-0.00040453805775006508493110177343411765
-0.00028234944165580011292140331979964715
-0.00017889520444677958690494932930537252
-0.0000991711871237290238819083923568674
-0.00004485741381839693069362076550324212
-0.00001393702587124245163133819487080513
-1.77065144989948200533089728204569e-6
-2.44153301719401172726403772405614e-6
-0.00001027094704302473235266008693015186
-0.00002086457046252320778527287037105141
-0.00003138836093710089821100749035307381
-0.00004032512284895045898139464055020684
-0.0000472843540669736902371051139253514
-0.0000524189606160824190347058746676349
-0.0000559989224930838551352000581856826
-0.0000583683158201530285020141568170321
-0.0000598874629558042026279145393979978
-0.0000607624323919657991491145737598744
-0.0000611132741994565551943421303602901
-0.0000611133994811050663923124147865451
-0.0000607552269328631892172448514862568
-0.00006015979715761125801326882066618577
-0.00005933553311672784289399020111354125
-0.00005838134316364731282929907927944841
-0.0000573271108077328196879358343539458
-0.00005617796992487565925875605489516171
-0.00005493322661445540268755010249798433
-0.00005364913630446436305866235759542969
-0.00005231099041167250210241350205957429
-0.00005098269879254145441180873906970064
-0.00004965154779916323094651598816173034
-0.00004832457131511845697417927654147355
-0.00004703650044571176786861455221335741
-0.00004573907338529895683873586499165294
-0.0000444664616733885105983713952900632
-0.00004323360906768809782667828397380873
-0.00004201736694527101809308964880275367
-0.00004083534957920885015033956536821302
-0.00003966384803533078699892768318921867
-0.00003854824511648863758473506004859541
-0.00003746880801792638190540528701546872
-0.00003639964548092767129515962529914898
-0.00003538960790012404266181627171630879
-0.00003442095784078124352500371217105526
-0.00003347851438441407748752533201476216
-0.00003256923809468573997219966606671035
-0.00003171946704713520661394371913900117
-0.00003086876386493872665014859035666465
-0.00003004894006011005814716544671021848
-0.00002926855150081261091374650564394675
-0.00002850509272313804500602756703331817
-0.00002776949040960529088187551157678916
-0.0000270409161630672822851939680265397
-0.00002635622936599401680173275810722384
-0.00002569950071147032974594702256005607
-0.00002504429035730255010051721340280283
-0.00002443534265509297551285384673708113
-0.00002385142849844617605176515089347049
-0.00002328464665366294314593506505498893
-0.00002275494653928721589548551637182135
-0.00002222473222077039159707364711334262
-0.00002171428697707303521995205371552207
-0.00002120470995775593417149383917797666
-0.00002073171974095041814739023438704746
-0.00002027108228850076623964821714847383
-0.00001982418772679845674398655399416854
-0.00001939387743234992989473508250271866
-0.00001897930577227656611769702415666266
-0.00001857628164405573905252776346746142
-0.00001818795846729571792580636096291214
-0.00001781170702086513902835411174277513
-0.00001745020636521353237027977758056852
-0.00001709961692147167459838583006954664
-0.00001675900650633298090372027351425634
-0.00001642899256109165629658691151681741
-0.000016108797251061732815088305137911077
-0.000015798577361524171149508150594843956
-0.000015498572981572239200754216499215404
-0.000015209440127370472975082855051453165
-0.000014930579992486393373847632660195923
-0.000014656329328006499016652753269910144
-0.000014392883266499028545869228217660257
-0.000014139308409989711398458893394892293
-0.000013891275237754060996927322531172584
-0.000013654049836221349154294471988321603
-0.000013417077632877674587807317427451354
-0.000013188929163243327859992069545124714
-0.000012966301858537201750632710094573244
-0.00001275115812554654861578811243834264
-0.000012543430992253105329974782464182714
-0.000012337480686856199012979417510320654
-0.000012140733456665655634980991185024406
-0.000011952042946004135981580085210136659
-0.000011767195020807099829830200740453792
-0.000011589918195970716669724571174849938
-0.000011411846633387448117291877662761594
-0.00001124528508269203929735120438207066
-0.000011078700505365953016569476492174152
-0.000010913409559247588737428597966557381
-0.000010755137991544198736842131166297791
-0.000010595409609563566793951521905181421
-0.000010452818060113587549246254228211087
-0.000010302654361306971206517709779008713
-0.000010158723069245445387201804092772606
-0.000010023210607291201100450751763689372
-9.887739374057130630804842882322498e-6
-9.760089796826437956665472522963707e-6
-9.628359540217781066646665503790289e-6
-9.501618801339783963993524011738765e-6
-9.382025303926513770649034914474791e-6
-9.261075260238420898116752313917121e-6
-9.146325060874714851592469794266173e-6
-9.029140189298511632791614288345222e-6
-8.920206541348906224443622858499715e-6
-8.812310393705157192785208287179279e-6
-8.704479107622971192978276482553745e-6
-8.600932167955519431672140683282414e-6
-8.498627524905611846971914615965165e-6
-8.408190214466059104782126047813553e-6
-8.313244947557160233859729811301868e-6
-8.212885920374187679439535073196497e-6
-8.1242239839497242071518396771254e-6
-8.030718342291871103141544166515739e-6
-7.941233526115877963089912055968204e-6
-7.849432510071184614715485265822473e-6
-7.764176534906003058110432415334388e-6
-7.680070864602299054498941722283102e-6
-7.599371534006520510835540449944401e-6
-7.526894075002866184144897340946922e-6
-7.449851554430126261346078859944913e-6
-7.375336118307947133565503518223926e-6
-7.303573517399837598686158969228168e-6
-7.226536922527797652837156830413078e-6
-7.154304731413699742872556936620939e-6
-7.081914583644358986108386011121429e-6
-7.016904185394657404273746974992282e-6
-6.950014200078574618107475805056795e-6
-6.880879694983991973418296296821996e-6
-6.81732714715860602654354001291116e-6
-6.753765640754951867507939749346791e-6
-6.690861311094280312942657549226827e-6
-6.629227195936612912964135087004271e-6
-6.569958954188197101314612659337236e-6
-6.51069411165715647204459337228676e-6
-6.453537522402153243523012360538889e-6
-6.397787518369116681386460909884364e-6
-6.342734561812552949023322518970722e-6
-6.287626999133278399198234399938535e-6
-6.233789268034794942939321245924052e-6
-6.179475157081071536376289928206571e-6
-6.127083931809080468873863177715759e-6
-6.074971646956154651741695698017113e-6
-6.026888651065497477281791619930607e-6
-5.980146518367090703574991486352418e-6
-5.93308745153316126029313850706864e-6
-5.884972375012463212279290551622219e-6
-5.838244463652070121267661333257803e-6
-5.791809260350457640187688244513674e-6
-5.746492657599153363836194260553484e-6
-5.700664653507961031239707258299943e-6
-5.657874162811994987035923845851353e-6