   44856485348.8479764622507042279033292      
   44856480570.6673496586338870571828839      
   44856475156.5435100843536911865255602      
   44856468993.8206513806331622946172742      
   44856461942.5640260765779596289754998      
   44856453832.4808516293065412307544145      
   44856444460.1370648710388609507907155      
   44856433586.3524482882295924027955608      
   44856420933.9280709076887765184664152      
   44856406185.5353572808969272125049678      
   44856388981.6410096803774398880547033      
   44856368918.6896428323333967352111012      
   44856345547.0213197252073741865121247      
   44856318368.7136438586229791300616861      
   44856286835.2425699007949290845526641      
   44856250344.7907973816303944658953617      
   44856208239.0387140781269525306167365      
   44856159799.7251154154751214138392525      
   44856104244.4636971845045083217765511      
   44856040721.9313266959139900336610633      
   44855968306.3004289436678289791257358      
   44855885991.4393916127326803235485543      
   44855792683.7236751185018804690306669      
   44855687194.5840755961002327406549336      
   44855568232.8774697415003455064562378      
   44855434393.6513345436855268978735087      
   44855284152.0026430820638438439848814      
   44855115851.3467511986163817868648928      
   44854927693.8111528184352093554713853      
   44854717730.3396312182121526443269349      
   44854483850.9205933906947787024011966      
   44854223775.1759955051961771248012937      
   44853935043.8394251209158336051447249      
   44853615010.9638234102311935907758964      
   44853260837.3426322752749174024296475      
   44852869485.0886200259106055094321686      
   44852437712.4794874627215260241955988      
   44851962076.7514855221248175637823412      
   44851438923.4022946925303164602997769      
   44850864390.2109518986790083982709846      
   44850234414.0327977941618235872196484      
   44849544723.3486336166900963688667425      
   44848790845.4853164889040528484952764      
   44847968107.8582511778581774529777273      
   44847071641.2618811074067354034341546      
   44846096382.2577618010270652639645322      
   44845037075.7735151184549777546232546      
   44843888277.2627473804369658153699917      
   44842644353.8901876270951484447176024      
   44841299485.0923875598557805804226902      
   44839847663.0639002031816267063547328      
   44838282691.8979051804577810459677725      
   44836598185.7126112873879627186786974      
   44834787565.5697459646406787742813899      
   44832844050.2989577555357802796283240      
   44830760675.9772105188140237688547923      
   44828530254.8752593290551041995987778      
   44826145391.4102068659697605588190214      
   44823598469.3945671290073077257142286      
   44820881643.1643131603774869985375518      
   44817986826.8731635355509568392721015      
   44814905681.8021472573554655227797692      
   44811629603.0172009595195405964843492      
   44808149693.6265464117960886757897973      
   44804456730.9970924493861957292161918      
   44800541101.9395444511476627763504627      
   44796392677.2906858503601851269957437      
   44792000582.0952827334916407922899398      
   44787352799.9342309037986634827802338      
   44782435687.1460059630272077577872219      
   44777233762.4465470751505153740872350      
   44771730271.5271004443149909510387737      
   44765908220.9949638179671320168424095      
   44759750942.1728658593632264048234727      
   44753242189.3551403657855013847529778      
   44746366405.8206338297555856297339249      
   44739109281.3729675114803311783218585      
   44731458269.4064906903800748247321922      
   44723402781.3272323083134042795038489      
   44714934034.5418575017584015489661763      
   44706044590.8112983079689590852396955      
   44696727936.8887847644669106060476253      
   44686977952.7569253202788103840371986      
   44676788551.1849565289337912993529414      
   44666153409.4702967169706780351047562      
   44655065799.1049661752385292032660599      
   44643518507.3904743495828776764659115      
   44631503727.6643701119015025080510037      
   44619013160.6808893389843223087372181      
   44606037949.5568625171013873423280825      
   44592568725.2415360435824166689886936      
   44578595634.8850215342571848626981941      
   44564108371.0292927133375881929013393      
   44549096199.3975636170406576674970744      
   44533547984.2151315067275824480992294      
   44517452211.1141514426213688736264840      
   44500797006.8736860752545614977654298      
   44483570156.7553618774928163567483032      
   44465759119.5841365393920481883425337      
   44447351040.7647221944170418644658343      
   44428332763.0966978156620997591350092      
   44408690837.0671256467146939766480157      
   44388411528.5147684186262418458867489      
   44367480849.3372832442268097524146189      
   44345884469.9957882909957275051380457      
   44323607867.7659534219867334030766984      
   44300636235.7414480561675346251268522      
   44276954509.5790832439452301493322577      
   44252547372.1150789599592486209855114      
   44227399257.2805325180622693182199478      
   44201494351.9630730931365453747814720      
   44174816595.2622587607396772638636579      
   44147349695.8747075859330081119329719      
   44119077111.2029113464029658943444057      
   44089982064.2426525969276117608219861      
   44060047542.0142794198872623395984440      
   44029256296.6526217836439916259910840      
   43997590846.7395431139143699119789246      
   43965033478.7975162734431363914220812      
   43931566248.4995254045579281999422794      
   43897170981.6873382419752496931376584      
   43861829275.3875884322002996084476323      
   43825522498.8478080625957117060973381      
   43788231794.5183215907390734621726554      
   43749938079.0363851262530144056038708      
   43710622044.1998630266760528865653776      
   43670264157.0379864670035512023163796      
   43628844661.7003743348572251470042504      
   43586343579.5170870031911668919952377      
   43542740710.8129509372166043950482640      
   43498015633.5673259637453920732185336      
   43452147706.5164597856578894956011745      
   43405116066.5884615559741154272827366      
   43356899634.2810536737746488338582012      
   43307477112.1917426625655886504742136      
   43256826981.3358989229019261731344326      
   43204927511.0970928831961340689318018      
   43151756750.3396627361271076649743140      
   43097292531.7237113277204193133065543      
   43041512476.7992136219803793030500987      
   42984393988.8155219258368194784870157      
   42925914260.5178765160851952242193272      
   42866050267.5487988016165201236501508      
   42804778772.9253529679692531988910557      
   42742076331.8459690008098190047632332      
   42677919281.7567678900129481970679422      
   42612283753.5575127326145562429157469      
   42545145664.5751194913563947251701863      
   42476480720.4883945654224953709614619      
   42406264423.3132383516699129005000484      
   42334472059.7546281094537573092761842      
   42261078708.1386757386089616504815276      
   42186059243.1913306364966527550521336      
   42109388325.9757795472119152419913222      
   42031040412.2265041031405194929249070      
   41950989752.5128986453029683494110178      
   41869210387.3084052419074157665943889      
   41785676153.5405030869132455222428659      
   41700360680.2771548154278868686244473      
   41613237391.9942610617007294276573130      
   41524279509.9856679683767438649510196      
   41433460048.8617295837598899451099392      
   41340751817.8280111428142216120636210      
   41246127421.7815236377155744691989807      
   41149559262.8598147036969266598400764      
   41051019542.3356652148513909300172125      
   40950480252.7457220171682660876415708      
   40847913188.2575004272343211046464924      
   40743289940.0511484430055168094143097      
   40636581893.7612122465347394250906829      
   40527760238.9003935557220709082312355      
   40416795959.2805243290338293224884377      
   40303659838.0672721798239163765110097      
   40188322458.0471495914601194201866818      
   40070754200.2171514846830762307807705      
   39950925245.6076558174918326771098700      
   39828805574.4803553633484613949434939      
   39704364968.3823344245602799698544170      
   39577573006.8177621296536201956270855      
   39448399071.6969658562689674708754163      
   39316812344.0009722951570694177991144      
   39182781806.9694231560536370108713979      
   39046276243.6509840389560857515082982      
   38907264238.2211775373652511500563223      
   38765714176.5735199104049727176221320      
   38621594245.5707903153730079012014038      
   38474872435.8091055404056379942325776      
   38325516540.2168858851879008500661082      
   38173494149.0120401846348207968680584      
   38018772660.4303292139733344808861097      
   37861319272.2750599626542896230620767      
   37701100984.0862907384765430993381802      
   37538084604.0780087303532833279203121      
   37372236734.7462584107984102799158421      
   37203523788.9965834178693199264299142      
   37031911980.2140241332937291066424041      
   36857367326.5972023672295063937806111      
   36679855647.2310167188172231487222802      
   36499342568.3729533995243038592556376      
   36315793514.5211173330726802525501518      
   36129173718.0999136368236459929585058      
   35939448221.2945512304734758322938117      
   35746581863.3055628058305484921871145      
   35550539289.4034271948967787406969735      
   35351284952.6290360224626995171888801      
   35148783100.1100041495458643986522937      
   34942997797.4432188573355960101774750      
   34733892919.6404233599108051235951521      
   34521432118.1180378358188743599916102      
   34305578877.0261336691102777729060096      
   34086296467.7335816212071112445345818      
   33863547994.7313064403431832520566474      
   33637296338.3764296715775104610703445      
   33407504198.4160930853453829406159029      
   33174134064.3730723008565990774172144      
   32937148270.7186633412021524922487258      
   32696508919.5423032635366520399692131      
   32452177935.6711958416124250754243226      
   32204117043.2577749678358286618467974      
   31952287783.6521277268352789070027546      
   31696651485.3778134110689239658247600      
   31437169299.8050873597455267646959012      
   31173802187.3233084945497186874982229      
   30906510897.4917255170636633488314016      
   30635256012.4474349787282557630231411      
   30359997909.0942515728798875951542860      
   30080696750.5160114383781431821016630      
   29797312534.5064794282199887462677976      
   29509805056.4548510623876282830580002      
   29218133920.5790343832778901416505712      
   28922258537.6516681862227709325898976      
   28622138126.0911975637275294583909244      
   28317731711.7229590611375164854959661      
   28008998128.1271017651312766566110978      
   27695896016.8450057952103336098524178      
   27378383826.8436841471091536821440596      
   27056419815.0139585288472386535421801      
   26729962043.6620682175831530066713694      
   26398968384.3085852633002190166446518      
   26063396523.1140352894232651742438587      
   25723203951.0020979865899980184985303      
   25378347961.6740488426223723323384577      
   25028785653.7979666673354907523700010      
   24674473962.3442831117370029194114612      
   24315369601.8351687089441448294936364      
   23951429104.1630133650529880197786771      
   23582608809.9021204156667846570128814      
   23208864868.3890635863206137480734342      
   22830153236.6023770677768485017646011      
   22446429679.7373203682330795699391482      
   22057649770.1099209504177446631343317      
   21663768899.2494836839884987670503351      
   21264742260.0432615861698570788561019      
   20860524857.3038815529201310672142545      
   20451071504.2253619685761024326003041      
   20036336821.1479519465026954168855947      
   19616275237.5901795279354934609611205      
   19190840996.0874491412555881755362014      
   18759988141.8031828504887852471193288      
   18323670538.9728014054039615579501483      
   17881841854.2395796102611551742886409      
   17434455563.4930243652955325740176971      
   16981464963.7044185121937695733094530      
   16522823148.6558575257102524951767060      
   16058483025.9673156968389558622551985      
   15588397307.4535834127385620899252784      
   15112518530.1400279892142988960898486      
   14630799026.4584153670746232125486995      
   14143190943.7135865321788424626694138      
   13649646236.6663286874115224806057818      
   13150116676.3195450556239362156147506      
   12644553840.8363799640039323866336069      
   12132909117.5406712396591733017661353      
   11615133703.2480252226159072418888684      
   11091178606.0323821598404528347554673      
   10560994646.3867684522126431834866768      
   10024532450.2408186180865542761020669      
   9481742456.81823165862324007531843310      
   8932574918.58361787598267901927406401      
   8376979893.60717792181797948006191124      
