   44856494872.7377602345357318021323758      
   44856491535.2715952389140181160167730      
   44856487872.5317020533927474849795565      
   44856483870.0783957284198763758080361      
   44856479505.1737619299296940006088097      
   44856474744.4863973624328593207123016      
   44856469541.6492272122538560124400860      
   44856463835.3562872483545674233048586      
   44856457547.2961978914330715404479303      
   44856450580.7424340974784458519327382      
   44856442819.2400953867068706293073719      
   44856434125.6471976476463631624625211      
   44856424341.3461454022708964920436939      
   44856413285.7713845152950807177615031      
   44856400756.0822306409360623252566170      
   44856386526.8724466932904900373427576      
   44856370350.0335368660793265161537790      
   44856351954.7671642519493034889751285      
   44856331047.4094221922672819700659691      
   44856307311.2687957915896011483211429      
   44856280406.5874831414331327802944127      
   44856249970.0915613989798345896831122      
   44856215614.5590686107293454467748430      
   44856176928.4685021343587635384966091      
   44856133475.0766395698631397607578088      
   44856084791.5797597309458527902263984      
   44856030388.0011067853307404722411724      
   44855969745.7810156318104626718662882      
   44855902316.3960988645742854040087083      
   44855827519.2683321192650771324526956      
   44855744739.9338272610736092143007749      
   44855653327.5936930447604222055890502      
   44855552592.4511461007750617057286776      
   44855441802.8869834579420521093617625      
   44855320182.0424583496851324488448607      
   44855186904.3274739484779245028998429      
   44855041091.4265121583016213428965839      
   44854881807.9684231344991719816144367      
   44854708056.8412543536577098444325377      
   44854518773.9848320340830506503598216      
   44854312822.9211883475081700162143790      
   44854088988.5678631764745917516649167      
   44853845970.8415360801194776560800899      
   44853582377.6202654817800035649913337      
   44853296717.0964386127282452079907263      
   44852987389.7554739935746291101059120      
   44852652679.5292569516538709961472423      
   44852290744.8499192110008867317473155      
   44851899611.0464364860172200671429726      
   44851477149.3904386555045684421314308      
   44851021080.8340377882455912661899662      
   44850528954.5364479826296344817053251      
   44849998137.3826237624319275832394844      
   44849425800.5776040306508396418307232      
   44848808905.4653591942856514032903512      
   44848144188.6126704685140037160919496      
   44847428146.1275425144843351691349249      
   44846657017.1589897577963286768653220      
   44845826767.1606894745699403007687476      
   44844933069.4623829170758881428362551      
   44843971287.2674438752340025891323076      
   44842936454.4709457193638438336837492      
   44841823255.9677804030642557720267385      
   44840626007.9711901265990158068129243      
   44839338637.3754404706754140640854590      
   44837954661.5919189922564740251470566      
   44836467167.4848370756541079090857930      
   44834868791.7368247896121887163155051      
   44833151700.3914885519242735393666200      
   44831307568.8226374260815620369344206      
   44829327563.0369932248075946739269468      
   44827202321.3663875262259929710836563      
   44824921936.8024604000415633791972955      
   44822475940.0455662561930031922690240      
   44819853295.6149882983675497864626856      
   44817042341.5903555391733924800729417      
   44814030841.4517944762122119827502361      
   44810805925.0150384922581723046544730      
   44807354080.5353918758140576724351275      
   44803661125.1066749972054426345453138      
   44799712148.1695908947116090632844113      
   44795491393.7952284820583896734117008      
   44790981996.3396277005330142256463572      
   44786165417.1274371365425709640777168      
   44781020551.4356992786198826324306217      
   44775522560.9341056187279332767322165      
   44769642986.0468096606447769611459085      
   44763351763.4004518218747959868581461      
   44756618865.0636409003868553421742986      
   44749414769.3890849115704737349419901      
   44741710991.6894107675872643330726518      
   44733481479.0434260523782068201067708      
   44724703968.5023676839501915952187639      
   44715360462.7261230628442994286662542      
   44705436749.4198366382038840318099976      
   44694921369.8271576995018101567578013      
   44683804390.8609867206125770680606126      
   44672076535.9648141721060347047640625      
   44659728394.2735217346201087141497678      
   44646750006.3847553462747800776454415      
   44633130630.7302267955682539704102958      
   44618858648.3386210782574966168812045      
   44603921572.4783329755401812153391927      
   44588306001.9930983311549592873791330      
   44571997816.0520882290938123715456886      
   44554982141.1963931909869777246595488      
   44537243443.2394817094314341123898169      
   44518765587.0649015550884547476619487      
   44499531889.5207836943218947186739341      
   44479525165.8969011533026037750900407      
   44458727769.6270637756016020848513358      
   44437121626.7173869220742018117889842      
   44414688260.9873998723029584358482868      
   44391408835.6043551454293779976034265      
   44367264150.2740441558832428341792110      
   44342234675.9815340025372329644485977      
   44316300566.9477530386222544272725581      
   44289441674.4033379232440151106579320      
   44261637558.8229955870049442747154548      
   44232867499.4224460835795931582741210      
   44203110504.2487235040396028227903359      
   44172345316.7974077228610191440240823      
   44140550423.9029854446574937540848759      
   44107704061.5510035291069089559414084      
   44073784219.9439908627842824531376788      
   44038768648.7852715074371974926565189      
   44002634861.1192220573205581616862109      
   43965360137.2493886283779322526104327      
   43926921528.2047448252372424676231168      
   43887295858.7844298682932342015973431      
   43846459730.5076166169572579880543783      
   43804389523.9908155860747800441820375      
   43761061401.5636707452774932715487841      
   43716451309.1828212085744876737755875      
   43670534978.4657736863170929322788563      
   43623287928.6144346421921880253607214      
   43574685468.7325599428310376386659700      
   43524702697.3515111328015763316622210      
   43473314507.7089722056444203460023420      
   43420495584.3973590060643602709371433      
   43366220407.4533758158313593700794245      
   43310463256.0376252381903949808828909      
   43253198201.9898078547569073444437433      
   43194399118.0882812671838804559233093      
   43134039678.3268451808943549497083078      
   43072093384.7585425263029612248298265      
   43008533448.6495327131353367729311409      
   42943332974.6826251992766551077807153      
   42876464845.5345498545413757389138000      
   42807901739.9632579146117272585031240      
   42737616146.9740231808390287220878747      
   42665580355.2902760814744018704154863      
   42591766464.5209136043283379343760299      
   42516146372.6999925546051648903877101      
   42438691793.6449022324323899773206892      
   42359374240.8676797555538871459815665      
   42278165039.7597675388659413958516473      
   42195035320.6928907976942171976055740      
   42109956025.1274119480505716823631665      
   42022897901.0780895728836402751301802      
   41933831507.7489072202097764535909218      
   41842727210.8871719487910813151118082      
   41749555189.9009948011745845488345005      
   41654285431.9975841447897808838231741      
   41556887733.4804902613712839677321350      
   41457331704.8253987259973553250423187      
   41355586766.0486367910867427921759479      
   41251622146.5929750736796169500731915      
   41145406889.4642681532170164841941098      
   41036909845.7577109498711857396550618      
   40926099680.9690434899466444509293331      
   40812944871.0837694007329529626759888      
   40697413704.7331288222755412920380761      
   40579474282.8484169312191982011960105      
   40459094518.3723105017727528217695437      
   40336242135.4738048978501253222447667      
   40210884673.1123683549907479779461919      
   40082989479.2623039717157305829822271      
   39952523717.0539112459789231324104071      
   39819454360.9185676752607832394228104      
   39683748201.4204447350852488622559733      
   39545371835.1476604508369914213200257      
   39404291677.2818687780716602090950704      
   39260473953.8322182506654747577388532      
   39113884701.9611068340191639954680987      
   38964489774.2857342889047903418156517      
   38812254835.3617591305468051519320966      
   38657145359.6505076106111688724402326      
   38499126639.2009189573673848976484891      
   38338163777.4595935972668438930815267      
   38174221689.0255396403637566749053440      
   38007265104.0673007148601618492174391      
   37837258562.5368701071080639245430578      
   37664166415.6255212662051041814999458      
   37487952837.9972543459459832920266888      
   37308581803.8294111750197257955726349      
   37126017108.1316406468366094463821287      
   36940222358.0736955660090806885486811      
   36751160967.4038068007681152824103528      
   36558796175.6510864396657511307081257      
   36363091013.6595028475205245271818543      
   36164008346.4659879321607740002132008      
   35961510841.0366998265931913064776120      
   35755560979.7233327596150778249669097      
   35546121056.0874922252638591785998570      
   35333153173.5793722582060947887648932      
   35116619262.9781534601788825574827954      
   34896481047.3690219103594686570728219      
   34672700069.7772888471777451382015124      
   34445237685.3137358838940815173432143      
   34214055067.2893277735167896116581196      
   33979113195.0258850456736955638890204      
   33740372860.9736652916186183548372412      
   33497794673.1743055664207504861378807      
   33251339052.6870382874932481097810886      
   33000966223.3722484880003726383544904      
   32746636231.4194980660210450875322699      
   32488308931.4020783094787099061148715      
   32225943990.0141137811222838175615365      
   31959500882.4435362000554575289829464      
   31688938906.2491967000175590896963060      
   31414217161.3345718007778901049177032      
   31135294562.2031084168216795768240343      
   30852129841.5689932623069996892330000      
   30564681527.4727290191842544268834759      
   30272907970.3011520717782407729096476      
   29976767343.1228037246264959460405604      
   29676217614.6037572565371942449926577      
   29371216574.6651901453237855293003949      
   29061721818.4449686644544926672847359      
   28747690755.1518473671296025378275246      
   28429080607.1308008790003264605412046      
   28105848409.4435997892184455240052320      
   27777951007.5203538438604734970170563      
   27445345058.1392067786147652846489247      
   27107987030.0198984814982427238788660      
   26765833204.2799265601836113617176541      
   26418839673.2238744106992324313594987      
   26066962340.8317464170015486296179826      
   25710156922.7603523517026084769228787      
   25348378946.1348430595737350512890977      
   24981583748.2022926827378434721305667      
   24609726481.1400252375010641842473187      
   24232762100.0513511321453566356050699      
   23850645384.5591664921079044491527856      
   23463330921.3672452988896952403365121      
   23070773109.3614931125945972380614992      
   22672926157.9375807338621450996446879      
   22269744083.0805496774043037311036899      
   21861180719.6623411649809502539539123      
   21447189711.4625568776314093365297621      
   21027724508.5176305298906491454256564      
   20602738383.4502533419578978861638256      
   20172184412.9429540730452460410376571      
   19736015485.0919206357761059720620468      
   19294184306.2767957657983896593972436      
   18846643390.3183235170595653873001020      
   18393345061.7976626490788581206928490      
   17934241457.6096815986084145529160082      
   17469284525.2500441883025892098527742      
   16998426024.2974434404338284060565658      
   16521617527.0487007635878253938998372      
   16038810418.4337358651475366912443304      
   15549955895.8604044127827168833945243      
   15055004968.4509419938985057767610685      
   14553908454.1707261233029942925424871      
   14046616982.6827145403181204654293940      
   13533080998.9125301199865844723367694      
   13013250755.2610435124400293577484851      
   12487076322.7096788389919048493382805      
   11954507577.8040302536398607848831964      
   11415494213.1222866528041688153817162      
   10869985730.9491156587711438976630503      
   10317931446.8589618883589612766000386      
   9759280487.19688339791390489936822913      
   9193981792.96362281053446772326785611      
   8621984113.99061922754859904804476758      
   8043236014.43403763236223018165882173      
   7457685868.56020123037013060380656842      
   6865281867.21649014807158378823692458      
