   47.326235308427222        64.314490046514905     
   47.326235308305392        64.314490046454040     
   47.326235305472260        64.314490045038696     
   47.326235274580348        64.314490029605608     
   47.326235074420673        64.314489929604932     
   47.326234180193588        64.314489482810060     
   47.326231142300649        64.314487964738575     
   47.326222752053027        64.314483771126945     
   47.326203006095646        64.314473898650277     
   47.326162039192070        64.314453407797416     
   47.326085209790065        64.314414959498265     
   47.325952465523507        64.314348487445685     
   47.325738089168503        64.314241058400995     
   47.325410781495627        64.314076893282135     
   47.324934054253319        64.313837534819754     
   47.324266829641232        64.313502103534631     
   47.323364152556394        64.313047592795201     
   47.322177907159542        64.312449141000286     
   47.320657504643918        64.311680275484647     
   47.318750425840413        64.310713068244070     
   47.316402698685827        64.309518268304004     
   47.313559209931135        64.308065367350622     
   47.310163939046994        64.306322667910749     
   47.306160076131761        64.304257343332750     
   47.301490076772545        64.301835531565871     
   47.296095631973920        64.299022448419464     
   47.289917579021179        64.295782536207383     
   47.282895727600568        64.292079620341880     
   47.274968634365393        64.287877081287164     
   47.266073273021888        64.283137992405429     
   47.256144622757098        64.277825222905264     
   47.245115169359011        64.271901480467392     
   47.232914323498498        64.265329280927631     
   47.219467757824660        64.258070833336660     
   47.204696675746703        64.250087830805782     
   47.188517035872863        64.241341156952132     
   47.170838745663907        64.231790507085734     
   47.151564847035800        64.221393933720236     
   47.130590717257490        64.210107331055070     
   47.107803316013033        64.197883877303482     
   47.083080494035144        64.184673445756161     
   47.056290382714145        64.170422006912574     
   47.027290894575920        64.155071040041378     
   46.995929341277140        64.138556968534743     
   46.962042180289878        64.120810637536650     
   46.925454927365159        64.101756852686890     
   46.885982195328772        64.081313982314882     
   46.843427906513675        64.059393647502290     
   46.797585646700995        64.035900494478753     
   46.748239172777282        64.010732065644120     
   46.695163063726937        63.983778772256500     
   46.638123276260501        63.954923863389347     
   46.576878732463122        63.924043879184147     
   46.511181240985103        63.891008466048767     
   46.440777082289380        63.855680922447306     
   46.365407809677251        63.817918474428915     
   46.284811140249019        63.777572630787276     
   46.198721723706896        63.734489522185186     
   46.106871769002055        63.688510216482086     
   46.008991425654408        63.639470942281974     
   45.904808905216143        63.587203219759580     
   45.794050293550939        63.531533846285839     
   45.676438999543556        63.472284717482594     
   45.551695239515269        63.409272648859911     
   45.419532848226289        63.342307911089044     
   45.279660546177496        63.271194826381929     
   45.131777697165838        63.195729730465487     
   44.975573139315948        63.115700335537277     
   44.810719323818915        63.030882746023813     
   44.636872621047353        62.941041435577354     
   44.453667535432331        62.845926171991451     
   44.260712914936470        62.745269846443719     
   44.057587329672593        62.638785830442536     
   43.843833902170218        62.526164977363905     
   43.618954589225432        62.407072286304583     
   43.382403748518541        62.281143127259824     
   43.133580849557703        62.147978977915542     
   42.871822268452149        62.007142607533886     
   42.596391721490491        61.858152513514767     
   42.306469289440400        61.700476579071236     
   42.001139703653756        61.533525321222555     
   41.679371806408319        61.356640340555103     
   41.340007705713205        61.169088127874630     
   40.981735275015041        60.970044836292260     
   40.603062128410897        60.758582000552529     
   40.202281496295299        60.533647997485581     
   39.777429679698500        60.294045194484674     
   39.326232448091851        60.038401429030692     
   38.846037526282615        59.765134439433268     
   38.333730196322740        59.472407860552245     
   37.785631478386968        59.158078831226149     
   37.197387426204813        58.819642406457490     
   36.563885322905918        58.454193111292852     
   35.879309010828834        58.058465956806032     
   35.137630014754485        57.629119535295366     
   34.334146366276656        57.163591919414202     
   33.468590209776202        56.661796171799857     
   32.547910135323598        56.127588197632470     
   31.583591085955778        55.567232880268506     
   30.585540645180075        54.986114750062214     
   29.561859496428479        54.388751387500839     
   28.522439553651051        53.780804926706310     
   27.480087054935773        53.169637193982453     
   26.448966792003194        52.563372224522226     
   25.442352313566658        51.969595209805455     
   24.470953587009120        51.394400579332029     
   23.542198984103969        50.841994804808287     
   22.660333847219615        50.314767958085405     
   21.826937882642028        49.813599135149751     
   21.041636458759417        49.338268326136372     
   20.302749572940062        48.887826849213290     
   19.607821865371101        48.460897019918683     
   18.954012360517655        48.055890425913361     
   18.338356155649819        47.671153033548414     
   17.757939341805972        47.305062203032556     
   17.209981982062796        46.956070345660635     
   16.691897398232740        46.622737899393542     
   16.201308211661953        46.303741373089245     
   15.736047191923477        45.997873564238610     
   15.294148021095275        45.704038455084692     
   14.873831101354552        45.421243544270801     
   14.473487410057404        45.148591194016376     
   14.091662231806755        44.885269930847471     
   13.727039607449441        44.630546111811427     
   13.378427898717108        44.383756153228227     
   13.044746753605560        44.144299451262171     
   12.725015230304622        43.911631876886780     
   12.418341251647968        43.685259935507339     
   12.123910803797139        43.464734384985242     
   11.840984979493395        43.249649930803123     
   11.568883971782000        43.039634066344370     
   11.306986224726415        42.834347941265698     
   11.054721062649232        42.633481798876801     
   10.811563401080360        42.436751897622642     
   10.577029066075726        42.243897802363293     
   10.350670702292616        42.054680011442862     
   10.132074108227840        41.868877833006373     
   9.9208550172372441        41.686287520529241     
   9.7166562226476536        41.506720618181092     
   9.5191450625590992        41.330002509619099     
   9.3280111506588383        41.155971120364001     
   9.1429644486088186        40.984475844835579     
   8.9637332777714285        40.815376308455207     
   8.7900630298291542        40.648541805269417     
   8.6217145336310637        40.483850266745186     
   8.4584628748702215        40.321187633260095     
   8.3000962366527578        40.160447203829996     
   8.1464148689843601        40.001529067690164     
   7.9972301675286763        39.844339592312252     
   7.8523638439783916        39.688790966126142     
   7.7116471759557337        39.534800786988676     
   7.5749203200629323        39.382291685888823     
   7.4420316696837041        39.231190970535806     
   7.3128373240297915        39.081430340256318     
   7.1872005305908031        38.932945573239436     
   7.0649912360700666        38.785676285313180     
   6.9460856631320951        38.639565698385056     
   6.8303658642405507        38.494560383287002     
   6.7177194353255816        38.350610123376505     
   6.6080390748387217        38.207667640028419     
   6.5012223779883511        38.065688505825960     
   6.3971714929197327        37.924630939779796     
   6.2957928435951995        37.784455643765220     
   6.1969969408076997        37.645125714814206     
   6.1006980852875943        37.506606453581227     
   6.0068142263041766        37.368865304077644     
   5.9152666989360378        37.231871682927959     
   5.8259801000737896        37.095596923376277     
   5.7388820743016327        36.960014137418938     
   5.6539031658088650        36.825098128828024     
   5.5709767070660439        36.690825342166697     
   5.4900386148144378        36.557173714760538     
   5.4110273110424609        36.424122646835983     
   5.3338835876922923        36.291652914638412     
   5.2585504702605830        36.159746574384165     
   5.1849731464593534        36.028386934342059     
   5.1130988480163619        35.897558471356987     
   5.0428767453021450        35.767246758880717     
   4.9742578683959309        35.637438418961587     
   4.9071950401954263        35.508121089208942     
   4.8416427625308955        35.379283328872837     
   4.7775571595410735        35.250914589329383     
   4.7148959108106361        35.123005174159523     
   4.6536181828921777        34.995546186840549     
   4.5936845544982106        34.868529479196603     
   4.5350569692915723        34.741947617440530     
   4.4776986696537211        34.615793840281171     
   4.4215741478268926        34.490062019280366     
   4.3666490938910725        34.364746628626534     
   4.3128903440780153        34.239842696218382     
   4.2602658387576415        34.115345781887626     
   4.2087445782833743        33.991251945884521     
   4.1582965772825453        33.867557710578694     
   4.1088928258446513        33.744260034433381     
   4.0605052488268765        33.621356269635619     
   4.0131066942752618        33.498844204334993     
   3.9666708535480799        33.376721922433745     
   3.9211722664745134        33.254987868577636     
   3.8765862710088723        33.133640785014677     
   3.8328889800370582        33.012679701264069     
   3.7900572516624291        32.892103910500310     
   3.7480686606825837        32.771912948194235     
   3.7069014740765058        32.652106574127444     
   3.6665346243812769        32.532684751098152     
   3.6269476859710346        32.413647628717015     
   3.5881208531322559        32.294995527273990     
   3.5500349170779297        32.176728920184104     
   3.5126712444289585        32.058848418053223     
   3.4760117598369518        31.941354757909760     
   3.4400389217776297        31.824248783003370     
   3.4047357079001737        31.707531434889191     
   3.3700855962555365        31.591203741676811     
   3.3360725467152439        31.475266798444601     
   3.3026809855428421        31.359721762436347     
   3.2698957909356463        31.244569844558594     
   3.2377022760527501        31.129812295624614     
   3.2060861757491077        31.015450398625354     
   3.1750336302512463        30.901485456366949     
   3.1445311751116738        30.787918790684049     
   3.1145657229430492        30.674751720703060     
   3.0851245607332443        30.561985582319750     
   3.0561953271113214        30.449621692360367     
   3.0277660059926701        30.337661356634186     
   2.9998249151812173        30.226105862362548     
   2.9723606952409698        30.114956473163033     
   2.9453623000554487        30.004214425724939     
   2.9188189831203384        29.893880913903470     
   2.8927202967231094        29.783957109011752     
   2.8670560720243765        29.674444131071901     
   2.8418164115473270        29.565343038212649     
   2.8169916971118578        29.456654883117206     
   2.7925725584159977        29.348380636029521     
   2.7685498776389958        29.240521216254027     
   2.7449147799941791        29.133077493678758     
   2.7216586256529172        29.026050278266119     
   2.6987730028042631        28.919440320648985     
   2.6762497174752702        28.813248293124644     
   2.6540808003957865        28.707474860085522     
   2.6322584796812607        28.602120567315630     
   2.6107751828517771        28.497185893027606     
   2.5896235482437771        28.392671306175995     
   2.5687963915331351        28.288577164240071     
   2.5482867160617038        28.184903771589351     
   2.5280877045111327        28.081651368025447     
   2.5081927131921740        27.978820127551131     
   2.4885952706259653        27.876410172913456     
   2.4692890574421225        27.774421515005120     
   2.4502679262068114        27.672854151611631     
   2.4315258791973915        27.571707997154373     
   2.4130570680662990        27.470982899112464     
   2.3948557913113437        27.370678647003860     
   2.3769164874082560        27.270794960282966     
   2.3592337453117418        27.171331562716411     
   2.3418022525949564        27.072287940134373     
   2.3246168675504637        26.973663718196992     
   2.3076725545541485        26.875458369918999     
   2.2909644025064266        26.777671318659038     
   2.2744876219160597        26.680301940233232     
   2.2582375389757057        26.583349554002819     
   2.2422095923461174        26.486813423742824     
   2.2263993308331855        26.390692762154931     
   2.2108024102384225        26.294986731617662     
   2.1954145901514086        26.199694444121462     
   2.1802317313322961        26.104814963500587     
   2.1652497929142758        26.010347306532505     
   2.1504648298452018        25.916290444700493     
   2.1358729899314479        25.822643303872074     
   2.1214705124318005        25.729404770903116     
   2.1072537253905117        25.636573693937162     
   2.0932190410801783        25.544148871361401     
   2.0793629557735223        25.452129065299182     
   2.0656820486724121        25.360513007762346     
   2.0521729773754673        25.269299390462621     
   2.0388324778576443        25.178486875071734     
   2.0256573597437724        25.088074083501976     
   2.0126445066945617        24.998059609026807     
   1.9997908738177499        24.908442014672765     
   1.9870934858672085        24.819219834814263     
   1.9745494359266411        24.730391580025220     
   1.9621558824530372        24.641955728587586     
