   47.222529933407330        64.259529707304537     
   47.208615099354596        64.251914985959800     
   47.193499621944085        64.243619736910588     
   47.177131611669601        64.234619142255497     
   47.159456421926052        64.224888789099822     
   47.140415813725191        64.214404249763049     
   47.119947110198730        64.203140601059431     
   47.097982333367128        64.191071880152634     
   47.074447364956555        64.178170500395325     
   47.049261147652736        64.164406645693404     
   47.022334935647010        64.149747649345173     
   46.993571621006609        64.134157377923714     
   46.962865146831561        64.117595633612979     
   46.930100018158896        64.100017585933912     
   46.895150921948698        64.081373244847128     
   46.857882450434566        64.061606983196526     
   46.818148967427653        64.040657123260544     
   46.775794581568825        64.018455590354492     
   46.730653238747024        63.994927630434951     
   46.682548957020444        63.969991619358588     
   46.631296167268509        63.943558942266392     
   46.576700174359118        63.915533956782177     
   46.518557724571210        63.885814039215717     
   46.456657673518322        63.854289710062488     
   46.390781480205604        63.820844718497654     
   46.320704923760793        63.785356701273457     
   46.246197658073037        63.747696939675109     
   46.167024874170735        63.707731064761305     
   46.082947929148361        63.665319349340990     
   45.993725114985352        63.620317091534773     
   45.899112324440907        63.572574975646496     
   45.798863577432442        63.521939388238849     
   45.692731371400619        63.468252675377506     
   45.580466811472341        63.411353292651377     
   45.461819510833010        63.351075859336824     
   45.336537198450358        63.287251061971311     
   45.204365470257599        63.219705620777837     
   45.065044979463494        63.148260978590798     
   44.918313313150669        63.072734271952768     
   44.763900495224895        62.992936124058360     
   44.601530051037713        62.908671191338385     
   44.430913040454577        62.819735106738740     
   44.251749214816648        62.725914998492641     
   44.063722824203445        62.626987270145520     
   43.866500070538450        62.522716152290194     
   43.659726082860175        62.412851994555062     
   43.443021602498092        62.297129353273377     
   43.215979510996846        62.175264992696789     
   42.978161004632561        62.046955634877861     
   42.729091533180537        61.911875601274538     
   42.468256332462651        61.769674199721322     
   42.195095612890036        61.619972938300371     
   41.908999306722848        61.462362495279848     
   41.609301278206175        61.296399427293736     
   41.295272902120132        61.121602557246426     
   40.966116094303544        60.937449129866799     
   40.620955586498326        60.743370621293330     
   40.258830424624421        60.538748230249055     
   39.878684905159567        60.322908202444253     
   39.479358852350295        60.095116978427612     
   39.059578042180668        59.854576632114338     
   38.617945107642896        59.600420886622921     
   38.152932891661081        59.331712815820744     
   37.662882986763890        59.047445830339790     
   37.146016795539865        58.746552141475476     
   36.600453758436288        58.427915221904016     
   36.024284449859138        58.090413924199432     
   35.415671941412263        57.732981616471214     
   34.773036737405015        57.354711778091762     
   34.095324157834931        56.955008247659045     
   33.382333611084078        56.533768145940613     
   32.635027162523663        56.091551720004581     
   31.855690102013579        55.629670460887027     
   31.047874999118157        55.150158411034937     
   30.216209118029425        54.655671449171294     
   29.366206942356794        54.149388887943694     
   28.504120035278333        53.634928320118853     
   27.636727799019660        53.116217588308004     
   26.770995402514124        52.597286471138588     
   25.913660982059991        52.082020349543939     
   25.070799043721248        51.573904126381805     
   24.247533024229664        51.075858708673245     
   23.447876850604597        50.590154676279390     
   22.674722483261736        50.118411419192000     
   21.929931852329791        49.661655807657461     
   21.214488940342978        49.220413953123220     
   20.528673730066068        48.794813791789672     
   19.872231272696187        48.384683364402143     
   19.244518399322381        47.989634999318774     
   18.644636037031326        47.609141527810394     
   18.071509394843325        47.242580294150535     
   17.523971541517298        46.889281118583213     
   17.000812566238928        46.548553463081269     
   16.500816404497701        46.219706857151728     
   16.022786035906542        45.902064771950023     
   15.565560224872648        45.594973728728817     
   15.128023820905661        45.297808831893477     
   14.709113903185076        45.009976945242443     
   14.307822796491786        44.730918123416089     
   13.923198951852470        44.460105848195198     
   13.554346377971244        44.197046454783745     
   13.200423100600450        43.941278019956414     
   12.860638993877016        43.692368909187479     
   12.534253226718933        43.449916124440485     
   12.220571512197036        43.213543559227219     
   11.918943276253833        42.982900230951223     
   11.628758841511827        42.757658544594392     
   11.349446752849399        42.537512686759847     
   11.080470866542552        42.322176772290867     
   10.821327006136146        42.111382652278785     
   10.571545504838459        41.904882736251260     
   10.330681187216568        41.702441955618056     
   10.098316671885799        41.503841175396666     
   9.8740591913787448        41.308875000692510     
   9.6575388043326615        41.117350740934498     
   9.4484067944355701        40.929087505897783     
   9.2463341948934747        40.743915375302535     
   9.0510104218356258        40.561674635236301     
   8.8621420240702360        40.382215082893943     
   8.6794515230395763        40.205395384924799     
   8.5026763532196430        40.031082493753210     
   8.3315678759654368        39.859151105506257     
   8.1658904795367935        39.689483168018576     
   8.0054207378676185        39.521967420569808     
   7.8499466452361872        39.356498976095438     
   7.6992668960538699        39.192978928176153     
   7.5531902316646784        39.031313994749247     
   7.4115348262713940        38.871416184367035     
   7.2741277054596143        38.713202473645921     
   7.1408042555464259        38.556594546493699     
   7.0114076986509488        38.401518500385194     
   6.8857886532439441        38.247904604410202     
   6.7638047163853745        38.095687075021573     
   6.6453200557879653        37.944803841384733     
   6.5302050503155291        37.795196351811079     
   6.4183359618309197        37.646809393175737     
   6.3095945768633701        37.499590878624431     
   6.2038679603516718        37.353491726829660     
   6.1010481142046791        37.208465647484587     
   6.0010317834721105        37.064469055928093     
   5.9037201347497126        36.921460860902592     
   5.8090186066431713        36.779402408123993     
   5.7168366178964316        36.638257285893332     
   5.6270874216660340        36.497991257482212     
   5.5396878856573180        36.358572126436158     
   5.4545583205071377        36.219969635893335     
   5.3716222977170309        36.082155354686428     
   5.2908065216621232        35.945102616313328     
   5.2120406401175350        35.808786387142085     
   5.1352571302750905        35.673183209489117     
   5.0603911610895755        35.538271117417658     
   4.9873804515332374        35.404029540460826     
   4.9161651701613822        35.270439252747153     
   4.8466878143188064        35.137482293008006     
   4.7788930998779815        35.005141895597014     
   4.7127278642262240        34.873402429616213     
   4.6481409706820767        34.742249338201269     
   4.5850832180687169        34.611669084175809     
   4.5235072527712061        34.481649090007352     
   4.4633674857453220        34.352177684009739     
   4.4046200124035231        34.223244037516125     
   4.3472225671432936        34.094838188036682     
   4.2911344092527663        33.966950886609702     
   4.2363162817262818        33.839573618429277     
   4.1827303475209554        33.712698549263173     
   4.1303401250500942        33.586318485464361     
   4.0791104340187569        33.460426837197986     
   4.0290073369938506        33.335017575176764     
   3.9799980950636802        33.210085210081047     
   3.9320511115009555        33.085624745141168     
   3.8851358898168180        32.961631654658419     
   3.8392229841511663        32.838101844732940     
   3.7942839646008735        32.715031636678113     
   3.7502913674961871        32.592417727091366     
   3.7072186592254082        32.470257164634845     
   3.6650402046943382        32.348547333979234     
   3.6237312253132363        32.227285921049429     
   3.5832677733375840        32.106470904155394     
   3.5436266893783768        31.986100515848960     
   3.5047855764120741        31.866173227821648     
   3.4667227749895644        31.746687742329204     
   3.4294173285892091        31.627642961918081     
   3.3928489589124813        31.509037974109603     
   3.3569980431310928        31.390872041082336     
   3.3218455811535881        31.273144569735379     
   3.2873731850941108        31.155855120902515     
   3.2535630460388756        31.039003373952124     
   3.2203979141317545        30.922589114729504     
   3.1878610825174198        30.806612236748645     
   3.1559363622963854        30.691072714057775     
   3.1246080694459515        30.575970606293751     
   3.0938609983093013        30.461306025878244     
   3.0636804166391172        30.347079159445094     
   3.0340520363514294        30.233290228966698     
   3.0049620004036708        30.119939485877705     
   2.9763968753632484        30.007027228239764     
   2.9483436288326641        29.894553769626128     
   2.9207896178312573        29.782519439448027     
   2.8937225734061545        29.670924570620127     
   2.8671305901144573        29.559769500763760     
   2.8410021143102884        29.449054569452215     
   2.8153259315008685        29.338780108501382     
   2.7900911477578476        29.228946423598032     
   2.7652871837280433        29.119553785208176     
   2.7409037826483740        29.010602523430020     
   2.7169309634540801        28.902092858627395     
   2.6933590359960577        28.794025009891108     
   2.6701785846225583        28.686399157735359     
   2.6473804616140235        28.579215456170036     
   2.6249557758660180        28.472474017254598     
   2.6028958832974234        28.366174907686379     
   2.5811923869643998        28.260318167238662     
   2.5598371168971537        28.154903776683209     
   2.5388221309890446        28.049931676816584     
   2.5181397082869545        27.945401770326786     
   2.4977823316833834        27.841313888466910     
   2.4777426896526018        27.737667811936841     
   2.4580136823848293        27.634463322716027     
   2.4385883886722128        27.531700104152193     
   2.4194600837214062        27.429377838038189     
   2.4006222033163036        27.327496049676551     
   2.3820683772232685        27.226054317565893     
   2.3637923980908546        27.125052134912433     
   2.3457882226065432        27.024488944001938     
   2.3280499664969723        26.924364136490869     
   2.3105718997119529        26.824677053839643     
   2.2933484415810446        26.725426986906015     
   2.2763741565334676        26.626613177520582     
   2.2596437497038839        26.528234818849572     
   2.2431520627208275        26.430291056021783     
   2.2268940696364812        26.332780986800074     
   2.2108648728331297        26.235703661607744     
   2.1950597001313419        26.139058089009080     
   2.1794738984174100        26.042843223050355     
   2.1641029348065071        25.947057986638018     
   2.1489423886623436        25.851701250343726     
   2.1339879502615489        25.756771844525900     
   2.1192354189831577        25.662268563527029     
   2.1046806976527579        25.568190159206040     
   2.0903197900619488        25.474535341702982     
   2.0761487997002845        25.381302787900658     
   2.0621639254215460        25.288491135840147     
   2.0483614594176225        25.196098989826460     
   2.0347377848073607        25.104124921859331     
   2.0212893733215331        25.012567475693437     
   2.0080127801805441        24.921425149828945     
   1.9949046447294672        24.830696418503223     
   1.9819616880182904        24.740379730520040     
   1.9691807093273899        24.650473504453682     
   1.9565585844992877        24.560976132129269     
   1.9440922638116556        24.471885979415383     
   1.9317787699454441        24.383201387023696     
   1.9196151962593548        24.294920674619721     
   1.9075987047754286        24.207042140007538     
   1.8957265244600636        24.119564060950019     
   1.8839959481871142        24.032484688308127     
   1.8724043331001268        23.945802260596430     
   1.8609490978657623        23.859514998801597     
   1.8496277203377192        23.773621101308343     
   1.8384377374712988        23.688118757650766     
   1.8273767428708234        23.603006140484798     
   1.8164423854139684        23.518281408585040     
   1.8056323679995305        23.433942709227413     
   1.7949444459808481        23.349988177805461     
   1.7843764257509824        23.266415938412823     
   1.7739261640185922        23.183224108987179     
   1.7635915654580376        23.100410793996932     
   1.7533705813128362        23.017974084739585     
   1.7432612116654644        22.935912086230186     
   1.7332614991512798        22.854222879601384     
   1.7233695307530010        22.772904544600152     
   1.7135834361451701        22.691955156772710     
   1.7039013869038597        22.611372790257686     
   1.6943215951843282        22.531155516826797     
   1.6848423121635268        22.451301400994812     
   1.6754618280415581        22.371808510040452     
   1.6661784705738913        22.292674910366461     
   1.6569906041347091        22.213898667075970     
   1.6478966289631389        22.135477847503275     
   1.6388949799937094        22.057410518095978     
