   47.326235308427222        64.314490046514905     
   47.326235308305392        64.314490046454040     
   47.326235305472260        64.314490045038696     
   47.326235274580348        64.314490029605608     
   47.326235074420673        64.314489929604932     
   47.326234180193588        64.314489482810060     
   47.326231142300635        64.314487964738561     
   47.326222752052757        64.314483771126689     
   47.326203006092172        64.314473898647094     
   47.326162039162405        64.314453407770003     
   47.326085209605395        64.314414959326655     
   47.325952464629161        64.314348486613554     
   47.325738085633546        64.314241055122736     
   47.325410769663925        64.314076882396805     
   47.324934019732574        64.313837503465948     
   47.324266739575002        64.313502023177989     
   47.323363939734811        64.313047407214327     
   47.322177443117013        64.312448747435894     
   47.320656559635545        64.311679499512437     
   47.318748610562302        64.310711631035147     
   47.316399382826582        64.309515745862228     
   47.313553411952562        64.308061141112077     
   47.310154181324435        64.306315865845576     
   47.306144199583102        64.304246770265365     
   47.301465009532244        64.301819586973295     
   47.296057107607794        64.298999029629741     
   47.289859801012128        64.295748924642240     
   47.282810977959350        64.292032348142556     
   47.274846826001706        64.287811775950317     
   47.265901451658451        64.283049199156608     
   47.255906413768088        64.277706199464419     
   47.244790181385177        64.271743965989657     
   47.232477520551797        64.265123243041188     
   47.218888788056837        64.257804179938674     
   47.203939194143999        64.249746106615120     
   47.187538010316800        64.240907213346446     
   47.169587767405950        64.231244153412874     
   47.149983454477919        64.220711573931681     
   47.128611743960498        64.209261588751090     
   47.105350285034326        64.196843218113173     
   47.080067048960217        64.183401793866452     
   47.052619796584047        64.168878376797352     
   47.022855642597456        64.153209176479336     
   46.990610763019944        64.136325009375426     
   46.955710238260068        64.118150806809098     
   46.917968061452214        64.098605184531934     
   46.877187300079136        64.077600095479156     
   46.833160406849665        64.055040558519082     
   46.785669699968800        64.030824492083255     
   46.734487985828650        64.004842643803258     
   46.679379125263758        63.976978539239610     
   46.620099550312510        63.947108868146387     
   46.556398281341885        63.915103316292054     
   46.488018477143726        63.880825068549370     
   46.414698275965662        63.844131076288399     
   46.336171729797577        63.804872413255886     
   46.252169608518230        63.762894608427473     
   46.162420078257753        63.718037973148256     
   46.066649142109370        63.670137842174910     
   45.964580791283353        63.619024708967054     
   45.855936877570535        63.564524237996274     
   45.740436578589360        63.506457093310829     
   45.617795929060456        63.444638780471550     
   45.487724535556644        63.378878149017496     
   45.349926475526459        63.308977804350526     
   45.204098332017253        63.234733169136895     
   45.049923133364096        63.155929506658531     
   44.887069331001150        63.072341260605207     
   44.715188372531593        62.983730706300442     
   44.533909378031026        62.889845099617737     
   44.342835110710659        62.790414373475897     
   44.141537122744957        62.685148367725908     
   43.929550304102264        62.573733669661308     
   43.706366778332800        62.455830053322721     
   43.471429105651936        62.331066496448756     
   43.224122404373034        62.199036569562480     
   42.963765558075799        62.059293276346402     
   42.689600826094193        61.911343011618655     
   42.400783002305111        61.754639243565379     
   42.096360394171171        61.588571751395371     
   41.775264572075656        61.412460615316981     
   41.436285216217811        61.225542167627864     
   41.078045594271160        61.026955327856186     
   40.698971020903606        60.815724232107080     
   40.297248814760735        60.590736394546212     
   39.870777265454166        60.350715147604824     
   39.417099675668972        60.094184315182716     
   38.933318145212304        59.819422406641095     
   38.415980745881491        59.524403111782796     
   37.860935714612957        59.206719084951693     
   37.263152855015086        58.863489748609609     
   36.616541783956542        58.491270498210994     
   35.913897282293263        58.086036199564461     
   35.147408480571201        57.643479449146824     
   34.310872873703289        57.160243392438950     
   33.405003960058551        56.636816307406008     
   32.441921769820688        56.079881049706366     
   31.437578397982858        55.498059190206163     
   30.401329440396719        54.896360732686098     
   29.340052263114281        54.278650215915803     
   28.264575936133806        53.651161817899720     
   27.189867260845809        53.022495222205443     
   26.132102316887217        52.401908582220088     
   25.105698428177735        51.797621589239213     
   24.121533428394219        51.215810650643967     
   23.186463745564836        50.660350939281663     
   22.303754966230233        50.133078050866857     
   21.473879451762340        49.634251327050983     
   20.695407903443616        49.163065563419337     
   19.965747057837081        48.718069265399336     
   19.281698079009868        48.297478363371610     
   18.639835592408961        47.899387006343538     
   18.036760834902228        47.521908162121832     
   17.469223198640812        47.163237881907285     
   16.934205934065236        46.821702759799535     
   16.428950063027902        46.495771837620516     
   15.950956423064113        46.184057182884487     
   15.497973488565288        45.885306979294434     
   15.067978263762532        45.598395089869911     
   14.659154757059188        45.322309471436299     
   14.269872420120958        45.056140666078356     
   13.898665896135679        44.799071023284220     
   13.544216524917037        44.550364846502546     
   13.205335756461059        44.309359518458919     
   12.880950444118991        44.075457569913716     
   12.570089844656639        43.848119602315236     
   12.271872828426337        43.626856916028096     
   11.985503063834948        43.411230176041023     
   11.710251805426042        43.200837727375692     
   11.445455669328986        42.995315666136122     
   11.190508292107452        42.794332761516984     
   10.944854099000041        42.597586859310553     
   10.707982918361074        42.404801771722553     
   10.479425201408782        42.215724510136674     
   10.258747817547023        42.030122846851128     
   10.045550347562815        41.847783164942626     
   9.8394618186157157        41.668508566163780     
   9.6401378168387666        41.492117201873221     
   9.4472579480293248        41.318440809069031     
   9.2605235756247311        41.147323410729079     
   9.0796558404731762        40.978620184346951     
   8.9043939174685161        40.812196493229848     
   8.7344932905987278        40.647926804946259     
   8.5697245926060432        40.485694197066266     
   8.4098721810447383        40.325389449414438     
   8.2547330703986681        40.166910475309265     
   8.1041159025864911        40.010161745924670     
   7.9578400943007770        39.855053823472169     
   7.8157349683125670        39.701502875562667     
   7.6776390076585912        39.549430261101506     
   7.5433992646255161        39.398762215990594     
   7.4128706723398015        39.249429464074055     
   7.2859155561183044        39.101366958254069     
   7.1624030554812315        38.954513547331189     
   7.0422087729251119        38.808811806589645     
   6.9252142627240820        38.664207735565370     
   6.8113066612299971        38.520650556981096     
   6.7003784002145546        38.378092575170157     
   6.5923268040743395        38.236488931068031     
   6.4870538156896895        38.095797456548482     
   6.3844657595412002        37.955978552308267     
   6.2844730155977562        37.816994981928474     
   6.1869898655717082        37.678811811805929     
   6.0919341917329186        37.541396209731111     
   5.9992273558169202        37.404717404338491     
   5.9087939351842262        37.268746504851983     
   5.8205616187538629        37.133456464499254     
   5.7344609800518951        36.998821925728905     
   5.6504253817358379        36.864819180475251     
   5.5683907860315927        36.731426041336192     
   5.4882956576441719        36.598621793970906     
   5.4100808273916794        36.466387108967986     
   5.3336893746211897        36.334703969008643     
   5.2590665124468812        36.203555592973878     
   5.1861595024850109        36.072926389815031     
   5.1149175509939395        35.942801888006535     
   5.0452917069124226        35.813168664800394     
   4.9772347996415949        35.684014314652636     
   4.9107013449238028        35.555327381461836     
   4.8456474668762253        35.427097303725148     
   4.7820308339814472        35.299314374183439     
   4.7198105980738143        35.171969704067884     
   4.6589473157535775        35.045055157290108     
   4.5994028941876879        34.918563317127052     
   4.5411405420172546        34.792487456562142     
   4.4841247134100728        34.666821493146294     
   4.4283210396265362        34.541559938478777     
   4.3736963013798018        34.416697885358495     
   4.3202183726074619        34.292230953763294     
   4.2678561795650776        34.168155271166675     
   4.2165796622669003        34.044467443031010     
   4.1663597283149798        33.921164513487462     
   4.1171682168673991        33.798243941098086     
   4.0689778717577170        33.675703581740876     
   4.0217622938935973        33.553541646188840     
   3.9754959095278273        33.431756665570546     
   3.9301539656351379        33.310347542331940     
   3.8857124582789737        33.189313414565618     
   3.8421481280569441        33.068653700507433     
   3.7994384339925009        32.948368074572024     
   3.7575615216037050        32.828456435794244     
   3.7164962008806151        32.708918895490974     
   3.6762219200116508        32.589755752631220     
   3.6367187448046239        32.470967481429753     
   3.5979673371661414        32.352554715523574     
   3.5599489307416841        32.234518225103379     
   3.5226453151409314        32.116858910414315     
   3.4860388164688603        31.999577787665107     
   3.4501122760694125        31.882675968858958     
   3.4148490341995186        31.766154652040907     
   3.3802329142207501        31.650015112280599     
   3.3462482055518445        31.534258689355951     
   3.3128796469279984        31.418886770628625     
   3.2801124122385206        31.303900786210249     
   3.2479320976275554        31.189302202663583     
   3.2163247065643255        31.075092510232853     
   3.1852766339570491        30.961273209592061     
   3.1547746579955196        30.847845814711174     
   3.1248059230965981        30.734811833334057     
   3.0953579333547649        30.622172774229114     
   3.0664185364619945        30.509930128566726     
   3.0379759149510068        30.398085369995169     
   3.0100185737214193        30.286639942959741     
   2.9825353321873798        30.175595266094696     
   2.9555153144202473        30.064952726155159     
   2.9289479346257581        29.954713658418964     
   2.9028228967002119        29.844879370111133     
   2.8771301804308256        29.735451119760338     
   2.8518600260190636        29.626430097246189     
   2.8270029442253199        29.517817470773988     
   2.8025496914684265        29.409614337671492     
   2.7784912661995191        29.301821726394202     
   2.7548189068292830        29.194440621644517     
   2.7315240799957925        29.087471940940453     
   2.7085984748931544        28.980916538676322     
   2.6860339966408655        28.874775204760883     
   2.6638227597863633        28.769048663193672     
   2.6419570802231673        28.663737558881191     
   2.6204294738015692        28.558842495454599     
   2.5992326509133519        28.454364003241007     
   2.5783595020035759        28.350302528582478     
   2.5578031002756347        28.246658457817915     
   2.5375566938867351        28.143432107368827     
   2.5176137018383700        28.040623728131859     
   2.4979677080771157        27.938233501061049     
   2.4786124607535198        27.836261554074490     
   2.4595418531556894        27.734707903950291     
   2.4407499418667657        27.633572547949601     
   2.4222309267608173        27.532855401449048     
   2.4039791505165153        27.432556313241776     
   2.3859890952218183        27.332675068522477     
   2.3682553774852129        27.233211385871140     
   2.3507727547963082        27.134164971185971     
   2.3335360870458954        27.035535334666058     
   2.3165403863786094        26.937322069677244     
   2.2997807740710230        26.839524653083011     
   2.2832524875967377        26.742142498785817     
   2.2669508823949238        26.645174978302069     
   2.2508714239262768        26.548621403274229     
   2.2350096856073312        26.452481030272548     
   2.2193613464914055        26.356753064738527     
   2.2039221882779612        26.261436661745464     
   2.1886880922867480        26.166530926102300     
   2.1736550371088632        26.072034915229089     
   2.1588190957377851        25.977947639249571     
   2.1441764332605793        25.884268063345537     
   2.1297233041220300        25.790995107919468     
   2.1154560502526540        25.698127651823039     
   2.1013710998060104        25.605664540614629     
   2.0874649614879472        25.513604567307574     
   2.0737342251778821        25.421946490763752     
   2.0601755604014920        25.330689038844241     
   2.0467857123621047        25.239830900774759     
   2.0335615016798920        25.149370735142512     
   2.0204998201108544        25.059307162325240     
   2.0075976308036703        24.969638774430660     
   1.9948519658579014        24.880364133976141     
   1.9822599245687771        24.791481775198733     
   1.9698186722745077        24.702990209452299     
   1.9575254374362128        24.614887916528712     
