   44856494908.1367288216439858062810792      
   44856491580.4092803757663669454374853      
   44856487927.3028327820639169842875789      
   44856483932.6650062314121229659614099      
   44856479571.2207874515803269428042614      
   44856474805.9110945862148286018008215      
   44856469585.2536786462622593867266752      
   44856463841.2420321886287340351968045      
   44856457486.9517897945611614973995294      
   44856450414.8797222526173149554233035      
   44856442495.3721913627327585695437659      
   44856433575.4031912549260753687889984      
   44856423477.5807604233877480385423211      
   44856411999.3358583883739400907411498      
   44856398912.5198666156607419117492580      
   44856383962.7895325834529038789389961      
   44856366869.4909484877115046872414069      
   44856347325.1610574976495803777613691      
   44856324995.4629319086946785044324932      
   44856299518.8293970471343238119406921      
   44856270506.1788170133389137699549787      
   44856237540.3310562494698562195730658      
   44856200175.6021969333086093846404213      
   44856157937.0457983107234805111331601      
   44856110319.4999248405870824298787426      
   44856056786.5610478305677155362063671      
   44855996769.2350250765999914068840145      
   44855929664.2645745379263551617535273      
   44855854832.5021382809746157336350528      
   44855771596.6698340191422809522106327      
   44855679238.9981744303263222717865149      
   44855576998.4897558224787195768995518      
   44855464067.8748848896645729396947884      
   44855339590.2302737320802345468691014      
   44855202655.1905612410004674390585035      
   44855052294.8322806993709632805399269      
   44854887479.0481304404482775701651471      
   44854707110.6472211611253616547003584      
   44854510019.8528605583983995055866693      
   44854294958.3725625219683650974409210      
   44854060593.0880540570144111197949011      
   44853805499.1259874292829051453176577      
   44853528152.3434109910755614697182852      
   44853226921.4119997354615636991218303      
   44852900061.7618066637455306139280157      
   44852545696.9345494342599110402689044      
   44852161822.0336098785683584008481591      
   44851746285.3862346866062622943616547      
   44851296778.8382835652641144412772663      
   44850810826.4354285546256744002303211      
   44850285772.0326816210414197352765548      
   44849718766.2490394375717444770191416      
   44849106752.7652952680375176546046973      
   44848446454.1396697780119078172710631      
   44847734356.8299191027716945914693210      
   44846966695.6757418913330892786602656      
   44846139438.0432591506507310514306445      
   44845248267.0675942709694609195717199      
   44844288564.9661952185689659120098842      
   44843255396.1707880720662642621525656      
   44842143489.2276640663903914746976461      
   44840947219.7772615310092852093023784      
   44839660593.4674979480489213693655067      
   44838277228.9194231973008174553929656      
   44836790340.9496579526142373950369725      
   44835192725.4848705487634686576022533      
   44833476754.4105226696106221736214099      
   44831634326.7062786823861206619199761      
   44829656909.7322764586208044751757376      
   44827535499.8830941155820591493052318      
   44825260628.4053200637957438494558609      
   44822822367.5677672873909466074977312      
   44820210350.6784612589659964686876726      
   44817413812.3697512821573868333952217      
   44814421663.4353147879952975955555733      
   44811222626.6944161846160808952134578      
   44807805462.9811408020926719416464787      
   44804159286.8789574154903812046509245      
   44800273628.9167165371945920717971864      
   44796135473.9891452345021887216834607      
   44791713661.1479337272025670164077765      
   44786949560.4667491718377041408172496      
   44781807513.3973600174994735269348292      
   44776266457.8891308365730319656465551      
   44770294707.8693104372815434002902870      
   44763856347.3542682706857293737523510      
   44756920047.5260381105876680545764152      
   44749463454.6189658221508713941805028      
   44741473258.1649361093391683085996225      
   44732942466.7440850172118319368163556      
   44723867341.7263512135108698196817324      
   44714244916.7814541174862578358550668      
   44704071681.1995221586459601216631860      
   44693342758.3543355928303519578634139      
   44682051698.1341415660067002126038073      
   44670190485.7334068342349476401791042      
   44657749685.8063961200248016541465409      
   44644718520.0356233454821819105537009      
   44631085172.1670719808536456617514773      
   44616836832.7795593264578533703176201      
   44601959856.0305444480498699166102042      
   44586439864.6257451392303055410227748      
   44570261836.2830550255194522589711416      
   44553410173.5852131669897484463400309      
   44535868760.8040168179543309843593603      
   44517621010.5361147678761781841849930      
   44498649901.1801832584324013267679045      
   44478938009.7178092939109581825505911      
   44458467537.4750612066397797011847855      
   44437220332.1827419835162646707929303      
   44415177907.5841357079832322189278167      
   44392321459.8711868675210329441366268      
   44368631880.5681077230049708874000001      
   44344089765.0015268884109857166060438      
   44318675438.9735821739801903675346675      
   44292368943.5966822405942943027909845      
   44265150058.6536777916582664767199285      
   44236998306.0873991327405423420735370      
   44207892955.7750204017596636433964432      
   44177813030.5396743594629000522674564      
   44146737311.2788715245563319648740239      
   44114644341.1089603611032571058486312      
   44081512429.2693173170604051988861705      
   44047319653.5493595949326606615855258      
   44012043864.8956950626332207957435004      
   43975662689.1764963497180064413829390      
   43938153529.7686100723894106771907949      
   43899493570.3384265390072204831190793      
   43859659776.5421316666363633847717304      
   43818628897.0652336271295732662803424      
   43776377468.1017790496027393805468434      
   43732881814.0890912118218363346713068      
   43688118047.2784153728104118785959225      
   43642062070.9791238169215291059693842      
   43594689578.4645432662073225659735421      
   43545976061.1530322135059740030193431      
   43495896802.5695992453329668885641178      
   43444426879.6405823432809962444053889      
   43391541168.8917568231656058137165506      
   43337214345.8515305266972817886320007      
   43281420880.3772921378728606805273656      
   43224135047.4953771794545330859091025      
   43165330948.0689885986741990449859202      
   43104982393.8519542619121246021207638      
   43043063093.3060802384943341090255447      
   42979546526.1396747290146867779423034      
   42914405971.4933590263024803307230019      
   42847614519.1564298054091687539628756      
   42779145057.1191457737466013628296755      
   42708970283.2798038423938723221917170      
   42637062699.2835266000736949886559953      
   42563394611.5585593537652365501283827      
   42487938137.2237700782700618365741823      
   42410665195.9546263558586524569850387      
   42331547519.2742205234229950235736184      
   42250556642.9784525939301310379626183      
   42167663912.0405236545585277689615775      
   42082840483.4444863940825577214435731      
   41996057317.7604746064300016464050290      
   41907285190.0202024925806891008275930      
   41816494680.1135422071032295660236737      
   41723656179.9963833578521913606783140      
   41628739894.6849723336080729901696993      
   41531715835.5625373526661457666103976      
   41432553824.1791176453970438332712335      
   41331223494.9562730675795138653567727      
   41227694289.6562213212847401287803878      
   41121935466.4573445387983873687275253      
   41013916089.0876794470908942200113917      
   40903605035.8643701857029284068426377      
   40790970996.7523506708875819807416584      
   40675982472.5847371155655417456809839      
   40558607775.7075585178548348221036164      
   40438815030.0265653155255426164563953      
   40316572171.9851395619600221362490761      
   40191846949.3979409374900610158025336      
   40064606922.1692974307637017783952731      
   39934819461.9729572519930338310785607      
   39802451753.2912285057316429988003552      
   39667470792.5420419128228578919484901      
   39529843388.2519107551792917894155475      
   39389536159.7080411443876530909942493      
   39246515541.2122703965689551343105448      
   39100747778.6374923538306767322656723      
   38952198929.2545915184915812167003832      
   38800834862.6199307076996796763084653      
   38646621259.1157378082395523060521800      
   38489523616.7425878881563296173973244      
   38329507238.9297817227519105294693575      
   38166537247.0869667369730193910331036      
   38000578570.5595092842767799472376787      
   37831595955.8756480915112893511013368      
   37659553959.8235855460107352923959005      
   37484416945.4873172472504977185529736      
   37306149099.0445932930243566381200905      
   37124714412.7488593012135831011396174      
   36940076690.8080635187108838925321363      
   36752199552.1004606988041462298175120      
   36561046426.6871428912282453370516755      
   36366580555.0599620794823851659409348      
   36168764993.0972032577894767164305672      
   35967562604.5040670868043893094782583      
   35762936070.7983787742762027754182336      
   35554847882.7544528060152571451689873      
   35343260343.4329038700907320589931414      
   35128135568.0419808601899509841831536      
   34909435483.9134565060386779120028475      
   34687121830.6259112755777474180579207      
   34461156146.5072436178645378817481473      
   34231499812.9211068916235602374988800      
   33998114004.8882527399005311252315283      
   33760959695.4580848249252261144925462      
   33519997691.1679282532232590857687477      
   33275188602.9885162367518877816411698      
   33026492853.8122296028264762822732714      
   32773870678.2900796255503490496072501      
   32517282123.4209943340735007526254248      
   32256687046.2475038285608706034078417      
   31992045117.7216660605636221517717951      
   31723315819.7384418850295995196936003      
   31450458445.9745923583315775817411810      
   31173432101.8552866035339368240888203      
   30892195704.5382303350571757702331804      
   30606707982.3475253385057662565626191      
   30316927475.9666545872298051088956366      
   30022812537.8008323157629897213583771      
   29724321331.9502568461364641557055300      
   29421411828.4187330440857470985750834      
   29114041818.9632914925402766427600809      
   28802168906.9843463640982864833720994      
   28485750497.5916784916510033042026285      
   28164743814.7789051149436175828602244      
   27839105890.9349984851455359359283355      
   27508793567.3157192752278726811016389      
   27173763504.4058943699009878391678791      
   26833972170.5269637429925427309021150      
   26489375845.6060879339833830687089114      
   26139930621.0580534582820949706019312      
   25785592399.7236382255488221270187611      
   25426316895.9808561666548222595518437      
   25062059635.7473179826527945932080623      
   24692775956.7375128808580446819819651      
   24318421006.4363211760336420474958244      
   23938949747.3419499004622422983766095      
   23554316942.7318485827872712514856190      
   23164477181.8149250401643292690862986      
   22769384863.1609926597787711477766244      
   22368994191.9620184179186053120610161      
   21963259186.1779328700695167681364109      
   21552133680.0407187709476791444774215      
   21135571311.3477487782043772816780039      
   20713525532.1998203531877469346451525      
   20285949604.2420563946638393909570890      
   19852796606.6800815271678714681802948      
   19414019425.5240489435623621879978675      
   18969570763.1927465232255892421888421      
   18519403131.1040881085988013296351245      
   18063468851.6893376288259982277310734      
   17601720059.1411972614398895853632161      
   17134108699.4048437840166091183823382      
   16660586529.4883126733686484712544063      
   16181105114.1563236662456942817576528      
   15695615837.2853883278692239480015699      
   15204069897.6556335740971819945562735      
   14706418298.3068719821569310399931934      
   14202611855.5910363221292278077186547      
   13692601197.3327263107453965363318113      
   13176336761.9994259502159308834312427      
   12653768801.5471718339287957510637627      
   12124847383.4549590065572094232756896      
   11589522382.1184893453871292819551732      
   11047743487.0468545070343063505203652      
   10499460198.0055682346194835566514263      
   9944621826.26975310791525005567778334      
   9383177497.28004627435752207261316409      
   8815076146.34970631529670080956508797      
   8240266525.07597299422655996558761094      
   7658697188.85126858013298876798390709      
   7070316514.49228739531914785437618414      
   6475072687.91759834456682564480796620      
