   60.4367392423399819772902107199814453      
   60.4367392423750614369627852584951895      
   60.4367392427434626269864343081350148      
   60.4367392444076550594704007301343561      
   60.4367392504483099082162796473619284      
   60.4367392716852595829974087591357979      
   60.4367393377151427922610618800246903      
   60.4367395052056770777187741825952517      
   60.4367398334455870318634726458746020      
   60.4367402678715184358062077374216661      
   60.4367403658376655173618955112720740      
   60.4367388378891727898723434587029106      
   60.4367329423836090369808495826480766      
   60.4367178209497139162629715809527957      
   60.4366858744274685318894613198584936      
   60.4366262579859922399595878326114896      
   60.4365245373681465240713195330015233      
   60.4363625116852647056761888134437401      
   60.4361181811962491793826309037736359      
   60.4357658242663868476721862620568078      
   60.4352761454856938973108692132860850      
   60.4346164637818306650765644190298795      
   60.4337509213069237600768431218033056      
   60.4326407068896254187399960012274551      
   60.4312442979563746803900171998369872      
   60.4295177365634262246766725658036770      
   60.4274149421804972993794735754455757      
   60.4248880864180772697697866478505494      
   60.4218880250483252819585817718033332      
   60.4183647911392497758053777548722331      
   60.4142681403411464890304966491491442      
   60.4095481352148244044806597149332081      
   60.4041557508494220116910924996727078      
   60.3980434811893978779221399758468017      
   60.3911659251138189188400826243317081      
   60.3834803320976438429501638881920430      
   60.3749470896311975868836947432038157      
   60.3655301374090858961867050549875839      
   60.3551972970728811244283046360876413      
   60.3439205106745440960389145227547290      
   60.3316759825113133160679675619522712      
   60.3184442253373635945952124999380258      
   60.3042100131938312279661553196287841      
   60.2889622459038373506354292304008009      
   60.2726937317714792425041072436516565      
   60.2554008977286381478791702606325146      
   60.2370834367983918163245441767641131      
   60.2177438953821905566096220694385443      
   60.1973872333501883842205359595103768      
   60.1760203364355012361825175366627539      
   60.1536515056540363716754135458819302      
   60.1302899395564130886700006485099247      
   60.1059451981933294182515435785251911      
   60.0806266807027531971126510030812135      
   60.0543431030963036805051553198005790      
   60.0271019736237703306442701221370759      
   59.9989091073263854734782388097064365      
   59.9697681484766683312158018910026652      
   59.9396800894476852394334892055086112      
   59.9086428632825534134299347229280542      
   59.8766509121813869713992998832005499      
   59.8436948075425376581869927737711849      
   59.8097608723037240087123822588917694      
   59.7748308257048113406332358764880388      
   59.7388814496108513898657003375559411      
   59.7018843337026819000174504826104086      
   59.6638055298591923268868268201597851      
   59.6246052774317603084572802316151801      
   59.5842378290600933871946190360709917      
   59.5426508232358864387452090267405523      
   59.4997856391632627479172249987336680      
   59.4555766510196306979689336121278172      
   59.4099511104566483569359174817893218      
   59.3628289636662633671230602845927443      
   59.3141225360604958268006286082102913      
   59.2637362574341339568061226461652314      
   59.2115663811188767492644899690351815      
   59.1575006646017080520657792688333605      
   59.1014181183198038506418409141899823      
   59.0431886581313798851470293728364479      
   58.9826726606747185127277698484015399      
   58.9197205347928972502757274403499413      
   58.8541726091507764336550735683234479      
   58.7858582643387429052529357322963041      
   58.7145957251856515856328326822867924      
   58.6401917195071601185465528004748843      
   58.5624412648452116781296718820673784      
   58.4811237211773785341165739208582907      
   58.3960082431291000436778643774590795      
   58.3068477767437583669705628702018171      
   58.2133803610305206157660276285263453      
   58.1153272187203155370557004719819444      
   58.0123952712450564967857007115286682      
   57.9042710201045616753754047836151029      
   57.7906225334439158768879017636129073      
   57.6710964392227571852369048535945538      
   57.5453211515935708477637595653371879      
   57.4128991269837196879765697699154830      
   57.2734115643341275663940705957907255      
   57.1264069389339056520617302541188591      
   56.9714121299061140123496006775546407      
   56.8079227969135341065164295496311116      
   56.6354023808662341447118423220999600      
   56.4532808175494647262555629128410995      
   56.2609496585901881422819683092657050      
   56.0577642460485729563343280012440378      
   55.8430393392227859227227296022116947      
   55.6160427346240516720340742335562673      
   55.3759975514705132787369029762226765      
   55.1220740176429832239575463604539972      
   54.8533877663246009827617086391174417      
   54.5690016590324205321592789257559895      
   54.2679160895793213290654229441623817      
   53.9490659305752099192041036260167007      
   53.6113255950749339685396460538665317      
   53.2534896477114918353746565909429187      
   52.8742843255403968051194184467741608      
   52.4723640135926381383487403683992047      
   52.0462955453930214964530970105940063      
   51.5945836247435265701717226989015978      
   51.1156395941636462982272892938753299      
   50.6078009814231166894863885039047602      
   50.0693518871800161953227224364662886      
   49.4984659762255887311409464162975474      
   48.8932983351062271150174379204955203      
   48.2519393835354221756651552740262484      
   47.5724564767346594837611816565602060      
   46.8529009241024847408574080846836423      
   46.0913429889992603784482669904028357      
   45.2858920905916038609428998175504999      
   44.4347468414527610133575053263242262      
   43.5362306156569054881490974733710157      
   42.5888679539500180218393688722457041      
   41.5913977362713487900453275334689353      
   40.5428942311455464269142674962362178      
   39.4428564105905331850771367729405113      
   38.2912480280447758203377049786383716      
   37.0887190971023516386275712266992913      
   35.8366481265888138097195386872672148      
   34.5374584533426821058969600588074267      
   33.1946833104599134325357733183761155      
   31.8131920159977358443071168063055656      
   30.3992597360004079009187155962745764      
   28.9607934211201488678930352773416858      
   27.5071595094842741408207221129611313      
   26.0491574210125914617959112777175464      
   24.5984456124577296334743935539052284      
   23.1673053575428306651170568720158532      
   21.7678477045675178090785788231251122      
   20.4113653808998937918157783292567309      
   19.1078142765330142959532829944939522      
   17.8652754863571880917205730660533589      
   16.6897326814463669675513621348104717      
   15.5849941196159527102853412670792874      
   14.5527382396713908584354635580974532      
   13.5928568632908714447353926689786151      
   12.7037083793117312817585564894187718      
   11.8825351624969563931440793569466510      
   11.1257619365583624128280725154304063      
   10.4293278407522961582044404819110308      
   9.78892883138752010268007838894425357      
   9.20021307712699136560487408183341730      
   8.65890188460662595820465705920510098      
   8.16092012751532530000462653845574007      
