   125.506946645600060488018031755793562      
   152.952811732304909124695175857182095      
   180.665296632283461280484596891726887      
   207.438504558476842007381265653574481      
   232.140074082698414019356819755200663      
   253.818785270909908979314524093157312      
   271.842913703033317725403787456543257      
   285.987920532129991617141905002560555      
   296.500241005002489166319202906893355      
   304.125996567664233247196179309657415      
   310.077742727087976208492610692719980      
   315.972960579574871950367618730549159      
   323.747356597376989108544043982304089      
   335.520041522956085623590649351575004      
   353.484769286380775631256467366200629      
   379.759628814950976148684416856943247      
   416.300679013678582628166288203975651      
   464.787722082605437426528609634843241      
   526.592819368655873999673250413029624      
   602.717673970853012025854182166294790      
   693.808855767622065449421433236740870      
   800.148750041397724754804694424206276      
   921.718511688810079952136124529231694      
   1058.20506546297191002149253258581272      
   1209.07630744457943104260058797792709      
   1373.61603270682688042632290819910004      
   1550.98906515621402640173512073843935      
   1740.26649707387775553218087199971527      
   1940.49985937140981791231023001110391      
   2150.73354829579593075612662704277843      
   2370.05298020635233111857850906926284      
   2597.60250638094594157622915872087339      
   2832.61801361935109686168935722638158      
   3074.43255483565358384337241180661123      
   3322.50229073486546183751787092645804      
   3576.40602843331878997760965367868094      
   3835.85866439153461958714702827391167      
   4100.70849266264524283424304247795954      
   4370.95087379336361992829125314177399      
   4646.70985108406259225598048125859667      
   4928.25746862740970935073234140251588      
   5216.01080824182680314714367099194339      
   5510.51932736714629929293371578847986      
   5812.47623021626733827118551568176362      
   6122.69875108505788838454005726852837      
   6442.16076400002590315878336023818072      
   6771.95565948092106540315818362839802      
   7113.32206802182171025095800408483248      
   7467.64666578269972732024358158199865      
   7836.45149025066414627294689813624910      
   8221.38674993895849007060140521353639      
   8624.29236658134164435948360496123996      
   9047.12780272289782768471737650981477      
   9492.01619982375282988055684763010017      
   9961.25940955967204832617520521609795      
   10457.3226138277751567946557205556816      
   10982.8362201087606540214731579068188      
   11540.6323686251951343112327907845136      
   12133.7365246542342836716696481050016      
   12765.3590238130068264473342372908269      
   13438.9327243905889471418095397304859      
   14158.1226652720014984712011708537920      
   14926.8039113364210451769834806733485      
   15749.1105960669595387691569381746897      
   16629.4253827338615763767905946318463      
   17572.4083339646039971085709956592695      
   18582.9918407662464242640151851773973      
   19666.4043087213768091807330466731958      
   20828.2031108870584510765133271856100      
   22074.2673474592558472041955326287207      
   23410.8172775325145516339717906200788      
   24844.4610344342057774185567210663102      
   26382.1950200710867373930509886948582      
   28031.4231931773336218141483040948993      
   29800.0119611303730187525965440288869      
   31696.2851733980648129949541677323056      
   33729.0900755451236657326431165956911      
   35907.8144201619758623186595070741493      
   38242.4395859466190605528171344244131      
   40743.6116345170429587118280623383114      
   43422.4639771038654419776993951921502      
   46291.2231643018158965638174656548899      
   49362.6778735515297409592095830236865      
   52650.6376091047095746152145514787928      
   56169.6042725555889587641503367310854      
   59935.4611803496994636868808621004572      
   63964.9321259131811858336916654048424      
   68276.1273711192901471463418569326633      
   72888.6760663800032226318459715841554      
   77823.5080031846855331151974564099684      
   83103.0625718394781822385512731092838      
   88752.1400769085098789386530200789150      
   94796.9847904933330394784784556359041      
   101266.052235332477150764707397918396      
   108190.445715749574467129236151681048      
   115603.538025844192276275600458390575      
   123541.702191397336522304560568889739      
   132043.853528787954729666540283899181      
   141152.363916102241475640648682651566      
   150913.228744448745261397563391379023      
   161374.129588762771815043701869877245      
   172586.726631878388664749697187740526      
   184604.993665261214302677508855150152      
   197484.361630179454840833173283426533      
   211279.486872345615216027512969414960      
   226043.840924773113710152203109051675      
   241827.313868137777429065658454489145      
   258672.854354559956716207922488341927      
   276614.551152682335684964730179164025      
   295674.992575160113394841388092008638      
   315860.961649883523990527574101951827      
   337164.412654931075482972963070281476      
   359558.679967669021715490781312633339      
   382998.720834154979929339902154608515      
   407421.840404009139706708031784582767      
   432749.341336833125830590051414036138      
   458889.874557565240822572304770846025      
   485740.759625277160111197325668072779      
   513193.784589310082466079004526333932      
   541139.953501465011100291549080972245      
   569471.640930545565819810396940394788      
   598087.277414819068275867584074393146      
   626895.237028731861414143607132095773      
   655816.032954089470171396804320970998      
   684782.343495013381966258859836812264      
   713740.059843950937996136756613927190      
   742649.156487099914331959559695446568      
   771480.699465773493979610599392603998      
   800215.028758665396350694453606580342      
   828840.919135056880343694379685523194      
   857352.017734559136917085458582647810      
   885745.848236697580244554156872771539      
   914020.747988725723158028927524088554      
   942175.519931256117869093940416296778      
   970206.993860812968949526269956127981      
   998110.175780867560062569147351321489      
   1025878.22025233711509550039435355509      
   1053502.43948744439275246547609420131      
   1080971.75625744870106744599341478381      
   1108277.11128960171703441115316671024      
   1135407.33197013143046655342284696551      
   1162353.20465706263656945902464517103      
   1189108.95990132194375014973105881522      
   1215670.63054510125268558911130229324      
   1242038.24209409644455804771648313670      
   1268217.15497380400939249714442544020      
   1294216.32531146817526303197646862970      
   1320050.10311855127452185670003513266      
   1345735.97150642342682278015644323846      
   1371297.68422529382195560224809237159      
   1396759.19140617098626618286899914325      
   1422150.13584045664572793200802567923      
   1447501.66780007462795354320207308736      
   1472844.65661385741317344569885734009      
   1498211.88660745869329020632244747269      
   1523634.88260228775797864602322510608      
   1549145.17199383944292304887596317339      
   1574771.38359067730803616022191612616      
   1600539.66194610971626876875076417315      
   1626475.54710405905610019117267594616      
   1652599.47682808251105253235818546933      
   1678929.24485329463217077221712703004      
   1705480.46909700949187351058839619241      
   1732265.26231683182940668632617757789      
   1759291.58206873502212381022259188055      
   1786567.77565767025765548485446962450      
   1814097.10710640222103067791209179401      
   1841883.11725364231546390458372150290      
   1869925.62562704416295746283231891816      
   1898225.98507813188407898833052144714      
   1926781.71719381557501860739210959646      
   1955591.36959208162681500026439464762      
   1984652.23158375543840057880588661274      
   2013962.15953943687532725304619156583      
   2043516.91170543286445708681905987925      
   2073314.97358397286949512618156314762      
   2103352.25736405079372015897755511008      
   2133625.02111812165224144258325225367      
   2164130.92971872392575036506748781875      
   2194866.42742644878698149910273229483      
   2225829.05034098021927412656059696475      
   2257014.72195537046730894071798572768      
   2288421.31422322963479764319388805724      
   2320047.31197607030855839631907729756      
   2351887.96717587295119972914527509028      
   2383942.16392835248906852408643894373      
   2416208.19723757483487459741372781765      
   2448682.87785970870562620592712594066      
   2481364.95015434294219434821607543907      
   2514252.25674181950368657580301093546      
   2547343.91339373204930701574816783457      
   2580637.97025707235851110836005068368      
   2614132.17847756673999561688903624467      
   2647826.80128517789167956131140440817      
   2681719.40132557757102518953384270734      
   2715809.52546453605496251000361169643      
   2750095.78508437824727683422747094209      
   2784577.48257704682620223290391462300      
   2819253.08470415257008435634039061018      
   2854122.46048662434524879556900249055      
   2889184.02018701389410358078273427258      
   2924437.61965127897135656878061995044      
   2959882.05407715271829712035615545351      
   2995517.96546683282113038333475375527      
   3031343.77362909451072430329114049612      
   3067359.18183240892612400348616968197      
   3103563.73104325458574985885540959653      
   3139956.98419697860273864785497321238      
   3176538.60125754429139258610878856670      
   3213308.16098289093241052266380378596      
   3250265.46933972962282050736908635990      
   3287410.14394993338420561642129223333      
   3324742.05407510520897876031757223955      
   3362260.95490278316496642025521875691      
   3399966.54070275072489008601862036467      
   3437858.65538539717850507303624284236      
   3475937.12282136291631431134180442332      
   3514201.95338702325553155703874121344      
   3552652.81869207876997218611359021488      
   3591289.75689655775427368412122932169      
   3630112.70827719788148621189004102435      
   3669121.42650473420253215076097533117      
   3708316.05699923477124482222159597391      
   3747696.33573268144636210002241430363      
   3787262.41871512466800160005907461185      
   3827014.07426482475021454549181994187      
   3866951.47988419698977535100676711887      
   3907074.55790004538975466872599250137      
   3947383.53631953850784872188158011563      
   3987878.02753331311263394065028682287      
   4028558.36857948427183766148564651394      
   4069424.35362788037371730724041014876      
   4110476.20526651004144025796897820369      
   4151713.79875246871853922228061403284      
   4193137.37603343814070319671714883066      
   4234746.91992006652886941960730521469      
   4276542.40447480156554684016139487165      
   4318524.16875905392653158838101456708      
   4360691.96082661737463774017254788890      
   4403045.94243584635122201299581711379      
   4445586.10977609093502467879261185476      
   4488312.46791888870878824085479478535      
   4531225.23860818628451573234060926679      
   4574324.27035939678762372898563544690      
   4617609.82121781335778931872222748667      
   4661082.07077938688640336625541973455      
   4704740.62535192698163820202102145665      
   4748586.13410444328369812992075009091      
   4792618.43318656176369232954165752252      
   4836837.42946692236212528214366447716      
   4881243.59977095503114354803963045435      
   4925836.58287683311964042208533145950      
   4970616.62818669886817470930841512707      
   5015583.73732739481729695454085486323      
   5060737.84963931178211747962029557756      
   5106079.18621636126260550117181053210      
   5151607.75998842966495189828232968317      
   5197323.58215751718251459162996184256      
   5243227.01841724372335675552091702556      
   5289317.60632923993159915626090090312      
   5335595.83972887514785565603006121214      
   5382061.45610903177487817419536557140      
   5428714.35680746432075388306002425574      
   5475555.04032630258045500043991017033      
   5522583.41953346801427979750196403948      
   5569799.73222189911987747775526721752      
   5617203.71028881838298962940614145365      
   5664795.59032086478138355455900997855      
   5712575.22902532460769301265252775726      
   5760542.65830741763576573969025916688      
   5808697.80152468149493512079150584478      
   5857040.96377464019588457974628981887      
   5905571.79379514206588384042991082336      
   5954290.66113193932048068895670637507      
   6003197.37079916182420084448637503479      
   6052292.30989466506897599627019134974      
   6101575.08967211885419881215599651968      
   6151045.72257430897845073254716409331      
   6200704.56151288932590089640596808583      
   6250551.19906419955883380089707481367      
