  -10.7840522079309718853406775077134131      
   477.112292125861067888676850169797001      
   1134.05069732517433818570261683395376      
   1992.11076065896307255649050168186732      
   3082.71558084336304442094366549844220      
   4435.11398943783488695307354969133743      
   6075.30978412018517293355946972797847      
   8024.92250195772871705246802362690417      
   10300.6129069168018407492767082565705      
   12914.0927147668919635126367861773837      
   15872.5350405762497650483441765200696      
   19179.6024340917682263702170603958693      
   22837.0313539834263553404327067534877      
   26846.5758318278632026321322160204883      
   31212.3518139622849912874086148933448      
   35943.1953860082434012087735268757833      
   41055.2473305726857366315376933764524      
   46574.2490569197280017207838623575207      
   52537.7596567888392724079915718497622      
   58996.8668423170468761033593656811872      
   66017.7508366109072177848657504382172      
   73682.6796172304421749103752308908894      
   82090.6509836979515629941646873839337      
   91357.7153134968885649617529600672396      
   101616.888156137693199477459281473222      
   113017.768488182933389468343149558725      
   125726.021921957518160729830417439242      
   139922.422831978410670230837578723490      
   155802.071000859568240370203295312232      
   173573.265463022785002226042660867946      
   193456.385120809727932707829487121296      
   215682.866941083540849666306894777069      
   240494.029052173430628501957237214916      
   268140.065858645814948023823534245438      
   298879.093967240131913604494112185128      
   332976.208535844810715022235403098895      
   370702.748662754124198577399262637156      
   412335.647072775181506036938698071579      
   458156.832128043769379452974545057582      
   508452.812521642527539506958430392282      
   563514.441913796328449114741098128979      
   623636.686400593951269448984445961107      
   689118.584515501231208159775392237860      
   760263.413526716595779308883220704238      
   837378.801472972564058228116272276027      
   920777.087923943869572383606828631181      
   1010775.84991177702893043682963443547      
   1107698.36622434734809269804036548036      
   1211874.34805503461373255443037855349      
   1323640.82390890820332325537346527123      
   1443342.95128932061582133301361947673      
   1571335.07584565611513753494261510394      
   1707981.99621438873583585706245178631      
   1853660.10187270930483691262085550789      
   2008758.85062333049764714029321963998      
   2173682.24528884192149402449087616929      
   2348850.69317282768924532847642942060      
   2534702.18601789274737128202109476466      
   2731694.90649514088747511837324529532      
   2940308.73619906251861038586736789534      
   3161047.97166281083002409837540947014      
   3394442.87418508961258542744833051202      
   3641052.83530151322116810237832116517      
   3901468.48295219237026261332346340788      
   4176314.77748244651399556732419520059      
   4466253.34559351023977184023255165739      
   4771986.48549195058182420556278519114      
   5094259.16563119243621058461825672356      
   5433863.58806907582947612453370874196      
   5791641.88571036017342739718592918424      
   6168490.63303905314200963324614900717      
   6565363.94537825833849149096284309183      
   6983277.39729044696797264905600588007      
   7423314.84506280860218759278234310164      
   7886629.18256192265608575005601601019      
   8374448.40442492817954262804566490631      
   8888084.02658937403916742572104957259      
   9428930.15259368665066239605613309599      
   9998472.48528484513771472490192804586      
   10598295.2167822217581919139499186414      
   11230083.5888517267965077737725258367      
   11895631.8059907707750590180934275272      
   12596850.0717094164644325536551867058      
   13335770.0782445076776998503642595478      
   14114553.2951771352709598920413480003      
   14935496.9229186232817256691219529110      
   15801043.8017907889205947679187119207      
   16713788.4471197051505213420364336243      
   17676487.4642161022301965704560952463      
   18692067.5302376779186283923058593042      
   19763635.8927227927930133171528830291      
   20894489.2917805124870408708319465964      
   22088125.4490792895230327558109010570      
   23348255.3095331209579045613940390425      
   24678812.8384969479979132656132390683      
   26083968.1868840661481603361738690994      
   27568144.3692634827576027704642454524      
   29136028.4083530619413362424727144392      
   30792585.0888686474376602737616321751      
   32543079.6513546232532404542964706189      
   34393088.8331203893299129632135699188      
   36348525.6066176367473514250302804607      
   38415654.3220472019255009582334294112      
   40601116.7823287792804551542425115573      
   42911954.2453277773889290268293885487      
   45355630.4449595894648693346579181856      
   47940064.8890776851708511348105116960      
   50673659.7890590499266412930301668431      
   53565329.1292041560751771245097920296      
   56624540.1665216143968438410128595304      
   59861345.8251573193122900703093231172      
   63286430.3998807320548949623504777324      
   66911145.8549606601430199037051741895      
   70747562.8399141724396075519188987423      
   74808530.0266334415622208559191354143      
   79107708.1525983809035731869164645700      
   83659625.8730564155047521505766014269      
   88479769.7668566071000402747909097859      
   93584591.8784292791373381403785468497      
   98991594.5807635445116473901834924109      
   104719398.245743572465403263364638793      
   110787747.814131922011310986970893929      
   117217580.403552163354158620012628996      
   124031048.376690012459067445218292098      
   131251528.350399512838930409607375576      
   138903616.775428291898547865202456104      
   147013107.707743449996161353305634007      
   155606966.294172540615762807811080407      
   164713248.708375739133263626074811248      
   174361011.128683436707132706935130656      
   184580257.566135733979068213624737386      
   195401795.779189399849295866352383190      
   206857099.969985332687256227414170091      
   218978241.293214744957375364302963230      
   231797739.929800913111418722255854694      
   245348399.593180378159757503660497512      
   259663279.710910736702712306061734960      
   274775558.944426189091938025914182529      
   290718412.861616680014744482107062876      
   307525010.866897110949128966435120510      
   325228438.890399369343255186871180329      
   343861625.322890901748120852601386760      
   363457366.666404520451892197594862943      
   384048289.966166942602768903168548824      
   405666843.019645022214000697438983129      
   428345296.877282303180874032715335376      
   452115754.615073509347956573272345792      
   477010158.888384595164261309598779896      
   503060294.661276730403266850900067945      
   530297781.005470982263380926429177365      
   558754100.544706001079954738341464880      
   588460572.569617135918051248725126578      
   619448348.338196762472460484520749141      
   651748426.428094180099616774501919289      
   685391625.958079038749151888089006567      
   720408573.427726177646452802160703534      
   756829704.802137735697042026731458266      
   794685246.411250234725607896068534608      
   834005215.141985886091489884965142107      
   874819393.943317292965716518824770412      
   917157333.611896134698186100149058359      
   961048398.978315041897832967552185932      
   1006521697.09612019410229964022656371      
   1053606124.50375560268913144626640795      
   1102330439.31758411222757207632087871      
   1152723169.51988395719227947659151809      
   1204812707.43633764492550710884894324      
   1258627360.50854334677661458800419557      
   1314195299.39979474664546549085733570      
   1371544665.09936810065434419643075921      
   1430703565.30973044652054067236847078      
   1491700118.24516606737984933386370084      
   1554562481.13426083101102476618319497      
   1619318896.63972037169916011347580444      
   1685997713.06723740441568985196658944      
   1754627407.36397573078857048607446660      
   1825236622.88677196726084864545504361      
   1897854196.05579124475238574856999776      
   1972509153.39954319663401332001914854      
   2049230747.24773884893115949961119196      
   2128048462.49498931476494422097968796      
   2208992024.79019893527412197705337859      
   2292091411.39138469947230805021169466      
   2377376847.01176059502131156558789006      
   2464878823.94138835597805242555403047      
   2554628085.88205745207124566137038379      
   2646655626.75632656062640818268114650      
   2740992707.76546605231702209757682301      
   2837670843.15252773823788165972465524      
   2936721787.72344864200028148104192050      
   3038177553.53151732240621144879027833      
   3142070405.09992871584191165037388565      
   3248432837.35480359583743251296658197      
   3357297573.10926193266017041340074951      
   3468697617.98408235292741139093841606      
   3582666160.01726766551094585665686535      
   3699236611.80479645346506142137998744      
   3818442677.83978867839142517381242032      
   3940318217.54067546081595703073930414      
   4064897316.73315772696066220854879456      
   4192214327.13572972850436781042047964      
   4322303765.86680671505454112327243209      
   4455200375.83394311423294709088251963      
   4590939118.13221335080674650170833209      
   4729555155.11129523768466489982831834      
   4871083860.03383629497577172078735105      
   5015560796.13889201429495777457773751      
   5163021746.18650970728320209947431525      
   5313502690.11543968968132138982418769      
   5467039796.19019787695239333979741620      
   5623669442.41659263034038932197485266      
   5783428202.09062200273070981888904384      
   5946352837.58331547868066991499660977      
   6112480316.26102596279764616008717301      
   6281847790.50753659385868627319283436      
   6454492609.49778900317016065442602986      
   6630452307.13099815145725602383234904      
   6809764619.11862561875025782124023075      
   6992467465.35986660336256811122591549      
   7178598956.70400922461715883266073316      
   7368197394.42015527493084045632511059      
   7561301267.08793108798265303376583342      
   7757949252.25576140320581850726697752      
   7958180215.19238811605556295397952398      
   8162033208.50204854134267265350407048      
   8369547471.68104174866454424470991816      
   8580762431.17614298722875478535337158      
   8795717699.86591637665632166145006187      
   9014453076.51943383538467792006537643      
   9237008546.39147412672535667128087457      
   9463424279.51810854221332451865876181      
   9693740632.25842198592942662201814013      
   9927998146.68238359383107224691805151      
   10166237548.5900470819880947840604535      
   10408499750.0295955364330637045194512      
   10654825849.1243631673351427308466618      
   10905257126.3846671397358753453390838      
   11159835049.1181145529340598904925926      
   11418601270.0031050670498602959018257      
   11681597623.9404137514754100648873178      
   11948866133.6249941965725435024200489      
   12220449004.2423245116291577729262457      
   12496388626.9173974124662578172402889      
   12776727578.2080578109756204328807811      
   13061508617.9357909791387543512078412      
   13350774691.7922190043821127363607060      
   13644568930.7183917138493868290032360      
   13942934649.8859173302793947709545964      
   14245915349.2290953242830807480759018      
   14553554714.6752563997492367814955509      
   14865896617.2018298336033072465773274      
   15182985110.7317840831996568349971201      
   15504864437.9080701061490960534927424      
   15831579024.4971260219757032446875082      
   16163173480.9555398676568213823374247      
   16499692605.5890815408336707764015142      
   16841181380.3774800851568546029759080      
   17187684972.7877366446933460311848700      
   17539248737.3448688374458686941692221      
   17895918213.2489483370515170448543552      
   18257739125.9882718627554902920213318      
   18624757386.5963039966855019129659068      
   18997019092.6325741083398694427453525      
   19374570527.2329896106132577793840600      
   19757458159.6614298073020689288027294      
   20145728646.3018814451542895629610466      
   20539428828.4642650416156628935376130      
   20938605734.4347094763961907866838994      
   21343306580.1154729088633607777558691      
   21753578765.8832413169858427074933268      
   22169469880.8019918863180754671941240      
   22591027699.1416247418689761021846056      
   23018300182.3582483927646948454391291      
   23451335480.0515220342985443399928730      
   23890181926.0970206651885979166681027      
   24334888042.4840750843988341665892058      
   24785502540.6942557791144753735634500      
   25242074314.9587824796103314445566167      
   25704652448.3122999568514471795177407      
   26173286213.0223076029021063893517599      
