   47.326235308428870        64.314490046515729     
   47.326235308428870        64.314490046515729     
   47.326235308428870        64.314490046515729     
   47.326235308428870        64.314490046515729     
   47.326235308428643        64.314490046515616     
   47.326235308398651        64.314490046500637     
   47.326235307396558        64.314490046000017     
   47.326235293486860        64.314490039051037     
   47.326235186835170        64.314489985768347     
   47.326234648728366        64.314489716915858     
   47.326232647573242        64.314488716972519     
   47.326226726210948        64.314485757620844     
   47.326212022657877        64.314478407131375     
   47.326180192548563        64.314462488915723     
   47.326118420789662        64.314431582346714     
   47.326008669938552        64.314376637992112     
   47.325827293917811        64.314285774060593     
   47.325544998876182        64.314144240508227     
   47.325127145398092        64.313934548456245     
   47.324534301562039        64.313636714531015     
   47.323722953636768        64.313228568461511     
   47.322646279252773        64.312686071385386     
   47.321254931520940        64.311983619401275     
   47.319497726158261        64.311094275210365     
   47.317322315643949        64.309989987881124     
   47.314675733189269        64.308641742362127     
   47.311504933470502        64.307019728191705     
   47.307757262930195        64.305093498156097     
   47.303380949347400        64.302832182552521     
   47.298325581125525        64.300204745273959     
   47.292542608736085        64.297180306001195     
   47.285985842733936        64.293728511484062     
   47.278611962589387        64.289819956802035     
   47.270380997228479        64.285426628404196     
   47.261256772433825        64.280522354337762     
   47.251207297267818        64.275083234594049     
   47.240205088090676        64.269088040581877     
   47.228227400140014        64.262518556132207     
   47.215256375833050        64.255359856693730     
   47.201279095973909        64.247600511330631     
   47.186287538703077        64.239232706633103     
   47.170278446710817        64.230252288944484     
   47.153253122581631        64.220658734463143     
   47.135217142674165        64.210455042537475     
   47.116180025704232        64.199647572979259     
   47.096154840515673        64.188245822207264     
   47.075157784921849        64.176262157024709     
   47.053207741355855        64.163711516237754     
   47.030325810311439        64.150611077236917     
   47.006534846009025        64.136979912290457     
   46.981858998682839        64.122838638230022     
   46.956323253007383        64.108209052092576     
   46.929952995551012        64.093113780775568     
   46.902773596651471        64.077575935069703     
   46.874810012217296        64.061618774228634     
   46.846086420126362        64.045265392151350     
   46.816625873231111        64.028538415054257     
   46.786449984792192        64.011459722150349     
   46.755578641113743        63.994050186485950     
   46.724029739050025        63.976329435811422     
   46.691818950760052        63.958315634880996     
   46.658959511712219        63.940025287747815     
   46.625462032217364        63.921473059485159     
   46.591334327498366        63.902671615270030     
   46.556581276669114        63.883631484177776     
   46.521204676026919        63.864360919592770     
   46.485203138722120        63.844865800925248     
   46.448571983561521        63.825149527416720     
   46.411303142395205        63.805212931550891     
   46.373385083402518        63.785054203240250     
   46.334802726419575        63.764668820072700     
   46.295537385980076        63.744049487221019     
   46.255566633735356        63.723186048152186     
   46.214864468146736        63.702065545895927     
   46.173400927760312        63.680672018423785     
   46.131142232267848        63.658986550077273     
   46.088050662406957        63.636987198755499     
   46.044084500667537        63.614648956971891     
   45.999197939654103        63.591943689891551     
   45.953341004913106        63.568840087488638     
   45.906459471769480        63.545303616867741     
   45.858494760455393        63.521296455121792     
   45.809383816260123        63.496777417028021     
   45.759058996579689        63.471701887288241     
   45.707447934856724        63.446021739056455     
   45.654473385973752        63.419685240184144     
   45.600053064856908        63.392636953937640     
   45.544099464779791        63.364817629093700     
   45.486519669565574        63.336164086855248     
   45.427215119021220        63.306609069167969     
   45.366081398976085        63.276081116534534     
   45.303007980337824        63.244504398711094     
   45.237877969640373        63.211798561877870     
   45.170567801111439        63.177878528095221     
   45.100946963714613        63.142654323938849     
   45.028877683285408        63.106030877190221     
   44.954214605989691        63.067907804526278     
   44.876804473023540        63.028179206809639     
   44.796485797738399        62.986733446432339     
   44.713088553945326        62.943452942707403     
   44.626433889857054        62.898213972975412     
   44.536333843394175        62.850886474994311     
   44.442591109761473        62.801333875561269     
   44.344998899837883        62.749412977665152     
   44.243340845712702        62.694973872100839     
   44.137391020366579        62.637859916951861     
   44.026914082634427        62.577907794864409     
   43.911665585293711        62.514947668124925     
   43.791392446318874        62.448803444765311     
   43.665833682599910        62.379293191893332     
   43.534721337208076        62.306229688359622     
   43.397781662521183        62.229421143995189     
   43.254736656090962        62.148672124434661     
   43.105304960294859        62.063784137983355     
   42.949207065139973        61.974558793095888     
   42.786162958427830        61.880796485702426     
   42.615897479354615        61.782299694077210     
   42.438142126451261        61.678874185849907     
   42.252637488276690        61.570330619241687     
   42.059135586156614        61.456486111871939     
   41.857401898275654        61.337165630770762     
   41.647217000063755        61.212203161340199     
   41.428377669242259        61.081442558758518     
   41.200697387528272        60.944738031680593     
   40.964007135284021        60.801954804693580     
   40.718150615286270        60.652966339458104     
   40.462989103550186        60.497657471294353     
   40.198395260116932        60.335920733355984     
   39.924251969493227        60.167655750308988     
   39.640449865580507        59.992767805983803     
   39.346884796324929        59.811166352882466     
   39.043456875446921        59.622764498696718     
   38.730062731868060        59.427474221630710     
   38.406601241639123        59.225210011152527     
   38.072967418301545        59.015885100958343     
   37.729052453112395        58.799411548195479     
   37.374743243515056        58.575699995561742     
   37.009922414657666        58.344659756829650     
   36.634468894065208        58.106199258869182     
   36.248259030530299        57.860226840849812     
   35.851168258134436        57.606651911277972     
   35.443073393603015        57.345386538549917     
   35.023855073510248        57.076347037658024     
   34.593401614141584        56.799456662893071     
   34.151612606935196        56.514647933609922     
   33.698403567446476        56.221865713749203     
   33.233711077736835        55.921070557522206     
   32.757498555646144        55.612242421123845     
   32.269762622964052        55.295384689707163     
   31.770540010316065        54.970528470061389     
   31.259914922522377        54.637737070742794     
   30.738026761153925        54.297110590014732     
   30.205078027179329        53.948790458650187     
   29.661342215048673        53.592963809457714     
   29.107171418298059        53.229867474746094     
   28.543003398075459        52.859791443014402     
   27.969367778066957        52.483081569362973     
   27.386891079334710        52.100141380841571     
   26.796300288991603        51.711432813280609     
   26.198424668305730        51.317475775167857     
   25.594195596392563        50.918846467069649     
   24.984644221337632        50.516174435753435     
   24.370896755567017        50.110138358035023     
   23.754167324490780        49.701460619273000     
   23.135748271870650        49.290900716056385     
   22.516994285456601        48.879245225735126     
   21.899322469570336        48.467308717729843     
   21.284172567528795        48.055909465828378     
   20.673003363271118        47.645869168419736     
   20.067268176401740        47.237999629256556     
   19.468393350591626        46.833091730485201     
   18.877756618457092        46.431904553618544     
   18.296666187784229        46.035155004171337     
   17.726341418759482        45.643508340333746     
   17.167895888998771        45.257569980100506     
   16.622323547802772        44.877878909023757     
   16.090488424941455        44.504902906742267     
   15.573118175790130        44.139035720431863     
   15.070801437922126        43.780596167711700     
   14.583988846620249        43.429829094695464     
   14.112997274711461        43.086907950384585     
   13.658016840519148        42.751938765222874     
   13.219120045415387        42.424965189020192     
   12.796272489821694        42.105974318652592     
   12.389344513398854        41.794902971922134     
   11.998123319194052        41.491644186267813     
   11.622325080341861        41.196053686424186     
   11.261606651703932        40.907956115729448     
   10.915576679809519        40.627150945197457     
   10.583805807668874        40.353417864192025     
   10.265836089869374        40.086521834865231     
   9.9611891077577859        39.826217284374280     
   9.6693733330770595        39.572252060232891     
   9.3898903778675447        39.324370708662961     
   9.1222402970882843        39.082317268644886     
   8.8659260534166062        38.845837619368197     
   8.6204571705146744        38.614681397362425     
   8.3853526851034168        38.388603541884066     
   8.1601434839503764        38.167365517147729     
   7.9443725469399675        37.950734817323081     
   7.7376026256478001        37.738491488227943     
   7.5394073726263509        37.530419637715774     
   7.3493786531261938        37.326313848464352     
   7.1671251842431589        37.125977810646503     
   6.9922726115473184        36.929224336428057     
   6.8244634211086526        36.735875302378901     
   6.6633567224141181        36.545761524062499     
   6.5086279021496845        36.358722559752223     
   6.3599681978606091        36.174606476359102     
   6.2170842026217716        35.993269575856807     
   6.0796973309485960        35.814576107287650     
   5.9475432308888685        35.638397941250140     
   5.8203711851205844        35.464614235181060     
   5.6979435198469561        35.293111122235281     
   5.5800350147004849        35.123781395970063     
   5.4664322814921871        34.956524159775562     
   5.3569331934000664        34.791244525864201     
   5.2513463037152333        34.627853296019644     
   5.1494902874843547        34.466266653599490     
   5.0511934140565939        34.306405881758891     
   4.9562930247341068        34.148197077474833     
   4.8646350409079870        33.991570881844787     
   4.7760734942154217        33.836462224171001     
   4.6904700737731773        33.682810076079924     
   4.6076937050610347        33.530557219221414     
   4.5276201400317433        33.379650021339259     
   4.4501315747735157        33.230038224767405     
   4.3751162870125331        33.081674750303520     
   4.3024682934884320        32.934515507665608     
   4.2320870197621820        32.788519206860016     
   4.1638769981431576        32.643647194053344     
   4.0977475837649662        32.499863301374582     
   4.0336126795755485        32.357133687861079     
   3.9713904809451415        32.215426696928049     
   3.9110032359401554        32.074712728529079     
   3.8523770165563960        31.934964105752620     
   3.7954415067621698        31.796154956233593     
   3.7401297953274946        31.658261078808462     
   3.6863782130939788        31.521259927003857     
   3.6341261148207380        31.385130371408376     
   3.5833157413858276        31.249852700971712     
   3.5338920549155146        31.115408508141265     
   3.4858025919518427        30.981780608111734     
   3.4389973234306401        30.848952958440481     
   3.3934285245550910        30.716910584249824     
   3.3490506517366510        30.585639508701991     
   3.3058202261408516        30.455126686661568     
   3.2636957264686717        30.325359944666896     
   3.2226374865429230        30.196327924439757     
   3.1826075945536272        30.068020022128422     
   3.1435698081033867        29.940426340033685     
   3.1054894719198529        29.813537669176196     
   3.0683334081901643        29.687345317946349     
   3.0320698854898511        29.561841255570130     
   2.9966685163258213        29.437017946051853     
   2.9621001984537636        29.312868345280613     
   2.9283370493207808        29.189385859990622     
   2.8953523473830822        29.066564318913642     
   2.8631204742811680        28.944397938631127     
   2.8316168626814364        28.822881295077341     
   2.8008179370969950        28.702009283595164     
   2.7707010786382202        28.581777109260674     
   2.7412445755456294        28.462180264880249     
   2.7124275720276634        28.343214480485287     
   2.6842300441660187        28.224875752974508     
   2.6566327345251390        28.107160234668612     
   2.6296171496940191        27.990064330557718     
   2.6031655004055270        27.873584592998835     
   2.5772606790743664        27.757717739823164     
   2.5518862269544482        27.642460632747405     
   2.5270263049788007        27.527810262222307     
   2.5026656663352980        27.413763733186624     
   2.4787896316888225        27.300318262040889     
   2.4553840597737975        27.187471147136385     
   2.4324353274596624        27.075219771833694     
   2.4099303060564146        26.963561589247728     
   2.3878563399639514        26.852494113114226     
   2.3662012264413272        26.742014910106228     
   2.3449531964939134        26.632121592238615     
   2.3241008959830998        26.522811806296321     
   2.3036333683725898        26.414083230037921     
   2.2835400384368567        26.305933565012396     
   2.2638106961987856        26.198360530855357     
   2.2444354819184675        26.091361859407101     
   2.2254048725151385        25.984935293994912     
   2.2067096658591714        25.879078576708853     
   2.1883409698695377        25.773789451621226     
   2.1702901894423547        25.669065660490539     
   2.1525490119534778        25.564904924276764     
   2.1351094044271135        25.461304983144700     
   2.1179635893022577        25.358263529141329     
   2.1011040501808109        25.255778276562587     
   2.0845235077103053        25.153846899255679     
   2.0682149158782854        25.052467045447198     
   2.0521714592061349        24.951636378842910     
   2.0363865329072484        24.851352509806400     
   2.0208537417871577        24.751613038895343     
   2.0055668916122249        24.652415547097473     
   1.9905199797151674        24.553757582953949     
   1.9757071872072975        24.455636662582425     
