   45036804315.9083781717305292236145184      
   45036804315.9083781717305238801473716      
   45036804315.9083781714428923325321070      
   45036804315.9083780303004766622410902      
   45036804315.9083671601012625479618648      
   45036804315.9080853843634434545791334      
   45036804315.9045748992157364108196002      
   45036804315.8785818920571275698694173      
   45036804315.7469335465106387303631514      
   45036804315.2447270527224620398886711      
   45036804313.7011822992496221964133614      
   45036804309.6906368719386521788637713      
   45036804300.5678202112105138210097268      
   45036804281.9233700576523326713459435      
   45036804247.0161192483053957992088600      
   45036804186.2537588818796476775223726      
   45036804086.8091579925075887222679050      
   45036803932.4197796304937273217766167      
   45036803703.5693768023263131001712130      
   45036803377.8909914373139711145359767      
   45036802930.9925073525626666187379000      
   45036802337.3537084270768389720037296      
   45036801571.6762903816957592393259679      
   45036800610.0892892730897779247338545      
   45036799430.9121400185917336865824608      
   45036798015.3838331709825073601368017      
   45036796347.8542894057599753120221489      
   45036794415.5108389045086577802801684      
   45036792207.5762617948257281875957841      
   45036789714.1193496840473195260481678      
   45036786924.4534981908777437764631251      
   45036783825.2511593447909164898736993      
   45036780399.0327519571704867296807760      
   45036776621.9693505514290727615757840      
   45036772461.9531210243470754768709162      
   45036767877.3007871964673272573420373      
   45036762815.3925518430652190213295032      
   45036757211.0628885775888055919819073      
   45036750986.5771139564498818247682748      
   45036744050.4204935363779998176966097      
   45036736297.5883625251141335571768662      
   45036727609.1081535093970659244501359      
   45036717852.3899763954583880472856984      
   45036706881.5071424978211204100382805      
   45036694537.7317255600532510562760740      
   45036680649.7796217195732759211702829      
   45036665034.2971745084364003589729385      
   45036647496.5697930849200279289189151      
   45036627830.6795620888842630196953486      
   45036605819.8586551074034620463574823      
   45036581236.7356536074731659695940656      
   45036553843.4301852752085682400352081      
   45036523391.4821315733043871333611532      
   45036489621.5854207569560146305608615      
   45036452263.3590695549640614250625787      
   45036411034.5431079983884829869082410      
   45036365640.6212873033396541533484337      
   45036315773.6542025570606251688333823      
   45036261111.3422496164500780045372224      
   45036201315.7786831493768100924204856      
   45036136031.9037306161397611555469663      
   45036064886.1899228905456249121740787      
   45035987484.5423195843913001617951968      
   45035903410.6195363942671347786581427      
   45035812223.4981450923124617465467927      
   45035713455.6786006527731110933399086      
   45035606609.7868499784433212214367912      
   45035491156.8655953423857885457289526      
   45035366532.9016551436743665638959089      
   45035232135.7815933196973282276301345      
   45035087321.9349761254361691553107786      
   45034931402.8051792858175750446123375      
   45034763640.9774207242739770240224315      
   45034583246.0312772797907766496061879      
   45034389370.1875050922156648061013051      
   45034181103.5365822918411656940997236      
   45033957469.0920017469845191828387301      
   45033717417.1920791875994551180090911      
   45033459819.7706985692804268935047408      
   45033183463.9651395697002231495518999      
   45032887045.3693020553519791440369316      
   45032569160.5810517060578411104293419      
   45032228299.1464595795079024199874718      
   45031862834.7590946483223546552696500      
   45031471015.6284396989774409499321462      
   45031050953.8379455795260499939546808      
   45030600613.5660706177198322281355034      
   45030117798.0179419613257570478750076      
   45029600134.9237035618072885620672603      
   45029045060.2491157213915231671416709      
   45028449799.9220789083626849644796934      
   45027811349.8166806047587768894147278      
   45027126452.7803926104433166369836510      
   45026391573.8560282899385378924863224      
   45025602872.8500382599392858620422887      
   45024756174.7560199503024601894806473      
   45023846938.6466480286744185523091409      
   45022870225.6188294759873689394122172      
   45021820667.2842234750962824545444989      
   45020692436.1707097465452956836936679      
   45019479220.1727494244545631480610118      
   45018174203.1401130277160900936418664      
   45016770053.5715148147241306714498572      
   45015258922.9517034769875668050646453      
   45013632455.0189539238992810161475997      
   45011881805.3270091604730916612616015      
   45009997670.6836650075449655199514225      
   45007970325.7991150313334265857310572      
   45005789664.7495140704449401179166575      
   45003445244.1276802055842468855096753      
   45000926324.9770496173202696440363622      
   44998221905.2788897999350912778308595      
   44995320773.9246814566744963344017138      
   44992211508.0574404791816985874662747      
   44988882510.6854874976047923406007732      
   44985322020.1690096785454115320768855      
   44981518118.1511611913147842847071825      
   44977458732.8619852359791681131802642      
   44973131638.5562577304493827517829507      
   44968524452.2683645370557644085265901      
   44963624628.7143923443524154139130357      
   44958419453.6908568798559131920631536      
   44952896037.1122989962687140379111817      
   44947041305.5777328005303384473730313      
   44940841994.6732418357347364445822362      
   44934284643.5234789795613911308474544      
   44927355586.0121737189506862734822365      
   44920040946.2993622579446605317275964      
   44912326632.8629642701617883729648614      
   44904198334.0422215673430424840275304      
   44895641513.5376843737386608391436529      
   44886641407.1393440000089915450182838      
   44877183019.5592696727245268828374083      
   44867251122.5236943352232068415308888      
   44856830252.8364748028902322876636795      
   44845904711.4955437418381681929644389      
   44834458563.1959456745649608347609401      
   44822475636.8291902727268555005843380      
   44809939525.9947811762982963042200649      
   44796833591.4511907435300798209389696      
   44783140962.7420907380320312505268610      
   44768844542.1205888293614376230094724      
   44753927008.1448748029089831735381042      
   44738370820.9755125232674571835963142      
   44722158227.8609116857339966436396433      
   44705271270.5789596924036583936063706      
   44687691792.5478134834274893999789997      
   44669401448.0961431225905811083688440      
   44650381711.4279584202406032093843660      
   44630613887.7436634678876672621147404      
   44610079126.0153034992992030296920363      
   44588758442.5320081167083325110691069      
   44566632662.4778223399236736887670314      
   44543682549.7014179513072972659216001      
   44519888736.4445075464710959941351133      
   44495231755.6011919525323093032498268      
   44469692051.6976793987965566413529392      
   44443249991.2449790114867441613584130      
   44415885870.7617219141837954203887751      
   44387579921.1389633019142537845293525      
   44358312325.1334088815447891880772779      
   44328063202.2495595802833879386406864      
   44296812622.3069972699990229732246189      
   44264540600.7045987435479323026857761      
   44231227095.4587316712381408446066290      
   44196852001.0251295950795872261038615      
   44161395140.3943697199066747794072340      
   44124836255.3225071039135250594161586      
   44087154994.8501094832574649306817283      
   44048330902.5102593028637180998579998      
   44008343402.6148445363143174523240732      
   43967171786.6751040396483458716114290      
   43924795198.5932210253282328039285632      
   43881192623.0743216035593679548389710      
   43836342869.7323551909718461215750264      
   43790224563.8267638910783880152776583      
   43742816134.0526884197129475395765457      
   43694095803.8769202808263877421478689      
   43644041582.6539851977521399307045182      
   43592631259.4618514979002123433891235      
   43539842396.8873878938179119147033496      
   43485652326.7804929211585986222064582      
   43430038147.5098784551840572939038759      
   43372976720.5781860781984251183050938      
   43314444670.0224396893701437513494197      
   43254418381.2363232854983098250701864      
   43192874000.5291868744111460381449993      
   43129787435.1160469529147780714331286      
   43065134354.3368311144635624349009781      
   42998890223.1457472507222226824336607      
   42931030176.2479323992074475423069216      
   42861529201.1969088315580442102150735      
   42790362032.4254162956435035104547096      
   42717503169.2359926521070292030506720      
   42642926879.8292210867520083565063860      
   42566607205.9802506874882479040814601      
   42488517962.8745061906187233976336047      
   42408632741.9124382814943179961092731      
   42326924911.4557971869394580945269432      
   42243367619.0935560134805871631801445      
   42157933792.9483816826820528748906763      
   42070596143.1668678410846550538900395      
   41981327163.5209255939473516619199732      
   41890099133.3572078690427598141032810      
   41796884117.1718915937456934273108276      
   41701653967.1775984609596709864813421      
   41604380324.6701168932805693551644801      
   41505034621.0270209375909650616375082      
   41403588078.6549168451659276094656238      
   41300011711.8180331560939378307224048      
   41194276328.0950709934554154145207364      
   41086352529.2172541155161916124837126      
   40976210711.7946033323697847826944872      
   40863821068.2473992083203497323265011      
   40749153587.7327651318375392747615782      
   40632178056.0053875524675203585824531      
   40512864058.1799336302286374639481948      
   40391180977.1407129016898854867120101      
   40267097991.7767250206956339460767105      
   40140584092.5657350277716878617214477      
   40011608058.6927871860660530514877918      
   39880138474.8331963193843485335069003      
   39746143726.8933815723708579091373958      
   39609592003.8125884757198483606170050      
   39470451297.1434879858564054214609789      
   39328689401.3515556307419091656927340      
   39184273912.6042310973555434795959827      
   39037172232.0641102981660508912787487      
   38887351565.5170293750345694188886247      
   38734778923.3853017490207100561165489      
   38579421120.4622031187284187449180480      
   38421244777.8506899466838283660136187      
   38260216321.1400731333206087094775747      
   38096301981.9123928005519407778986710      
   37929467798.8860091174612144520229445      
   37759679615.3837437335207222313568834      
   37586903081.7191501888394169415818743      
   37411103655.8012895873834218167703499      
   37232246602.4007015991636137064922882      
   37050296993.9560024088872189426454101      
   36865219708.6615721239699507840647294      
   36676979433.3792692741198564488176310      
   36485540663.6317620514945267965496288      
   36290867701.4348871882567740988189595      
   36092924655.0328778552169983771588579      
   35891675444.5827989085911259682215722      
   35687083798.4616994875979068049402179      
   35479113249.2838255810255445629092124      
   35267727142.4463822257144977550260230      
   35052888626.9093910116567231370569759      
   34834560665.7122771657632754188323741      
   34612706028.9453679627840485211695370      
   34387287295.2182599749728676171804415      
   34158266852.1425209323693294017378219      
   33925606896.2343728401345213694194950      
   33689269432.6092880672702988000684856      
   33449216275.9107172625683072934492017      
   33205409049.7234646718873267682362849      
   32957809188.2756287492444801268970877      
   32706377934.2565088982551609059590049      
   32451076339.7738989601403678931495017      
   32191865266.4865330444208862715559187      
   31928705384.9310444073398986567148909      
   31661557174.9540889227718653235037608      
   31390380927.2438717835773225881445477      
   31115136741.5694560022225264734556308      
   30835784527.6716951271706733687180132      
   30552284003.3735574272897208638638766      
   30264594698.1721707240546716452827685      
   29972675949.4722566416235041108167807      
   29676486903.0562910937583312270691945      
   29375986518.4718091074428515170987697      
   29071133564.1392264648294878101303133      
   28761886617.6240798132552168685270586      
   28448204065.8029576895701297851286715      
   28130044104.2201489390215591364465671      
   27807364744.8089377547505791571216170      
   27480123795.4776926010583267969323087      
   27148278884.8778001247134715792495624      
   26811787453.7687335197870116870683851      
