   47.264480568500304        64.282271955736931     
   47.254570464881319        64.276941488637547     
   47.243630994977359        64.271026879270167     
   47.231611780897026        64.264498653560580     
   47.218461782583937        64.257328344222614     
   47.204128701789323        64.249488390257540     
   47.188558309610038        64.240951945802607     
   47.171693685169750        64.231692588596744     
   47.153474408886098        64.221683946358382     
   47.133835718926754        64.210899245921979     
   47.112707657328080        64.199310798010757     
   47.090014225151961        64.186889435270956     
   47.065672566078746        64.173603911625463     
   47.039592210300505        64.159420291019927     
   47.011674371666047        64.144301324933807     
   46.981811342930648        64.128205848557286     
   46.949885984275340        64.111088200630505     
   46.915771316162541        64.092897678025608     
   46.879330229272895        64.073578044006339     
   46.840415324045587        64.053067090786982     
   46.798868872459920        64.031296273872471     
   46.754522908219343        64.008190416670416     
   46.707199441685013        63.983667491320077     
   46.656710814757680        63.957638493672704     
   46.602860147003703        63.930007377610174     
   46.545441924849456        63.900671101428856     
   46.484242672845930        63.869519738292432     
   46.419041461710634        63.836436555078450     
   46.349611632562109        63.801298659324289     
   46.275720378924795        63.763976765779837     
   46.197130400825749        63.724335880926866     
   46.113600551964296        63.682235601864399     
   46.024886609866016        63.637530491499902     
   45.930741934688982        63.590070434719969     
   45.830917975220856        63.539700936771510     
   45.725164599206543        63.486263371474735     
   45.613230193753331        63.429595114183599     
   45.494861499532448        63.369529560542077     
   45.369803173982824        63.305896007055594     
   45.237797447699378        63.238519566437667     
   45.098581290191838        63.167219845166578     
   44.951887937817808        63.091811728276255     
   44.797443188317153        63.012103571539143     
   44.634964711065336        62.927896850537998     
   44.464157353554192        62.838983742638966     
   44.284713713466239        62.745147332929690     
   44.096309690982665        62.646159252757819     
   43.898601831294805        62.541778161025761     
   43.691224057546947        62.431747888237105     
   43.473784167830061        62.315795414711161     
   43.245860028857521        62.193628667338892     
   43.006995495936025        62.064934121986738     
   42.756695888545039        61.929374164331712     
   42.494423149625824        61.786584268568340     
   42.219590485976937        61.636169878041478     
   41.931556428054172        61.477702986867087     
   41.629618292764498        61.310718418545576     
   41.313004891480347        61.134709723985807     
   40.980868326815298        60.949124637453401     
   40.632274926620639        60.753360150557242     
   40.266195106147990        60.546757103059825     
   39.881492207280047        60.328594375206592     
   39.476910352572041        60.098082715499444     
   39.051061950621040        59.854358654217712     
   38.602417284434502        59.596479946217862     
   38.129286229985546        59.323416750388908     
   37.629825419600287        59.034057939743363     
   37.102037641751721        58.727213094819454     
   36.543803975180076        58.401633421788596     
   35.952955173329379        58.056054817134374     
   35.327411648934735        57.689279070479813     
   34.665422298496082        57.300309280347705     
   33.965917609655477        56.888547041083122     
   33.228931143200896        56.454025018242142     
   32.455948361284420        55.997597274928360     
   31.649997036024548        55.520988054288509     
   30.815446659653670        55.026685375304567     
   29.957719888552507        54.517791127726241     
   29.083110775566198        53.997927330288661     
   28.198655044154400        53.471159274046023     
   27.311871690803734        52.941835056813545     
   26.430318804165292        52.414316754559401     
   25.561091739756851        51.892683851351677     
   24.710351035390687        51.380459147591047     
   23.883060897505580        50.880462700087847     
   23.082892125093949        50.394762412839434     
   22.312282798296980        49.924715727139436     
   21.572596294186059        49.471065844952406     
   20.864323263959314        49.034061196739543     
   20.187287592303541        48.613575301563948     
   19.540829364411945        48.209211801560905     
   18.923971700796756        47.820400498117543     
   18.335522043449288        47.446452993907123     
   17.774177414207927        47.086623026874541     
   17.238585549974271        46.740140246947533     
   16.727389962082722        46.406235232780205     
   16.239260457422191        46.084156299885407     
   15.772912145261495        45.773179941244877     
   15.327117209115256        45.472617185853998     
   14.900711220071457        45.181816926526004     
   14.492595805891778        44.900167212715246     
   14.101738886710001        44.627095178565561     
   13.727173305633494        44.362066067645429     
   13.367994430355944        44.104581678443409     
   13.023357129446788        43.854178460119684     
   12.692472400886606        43.610425418900924     
   12.374603853828191        43.372921951582107     
   12.069064165344933        43.141295681326014     
   11.775211624865854        42.915200357853742     
   11.492446811717286        42.694313853934545     
   11.220209438170237        42.478336273230944     
   10.957974204905575        42.266987170546571     
   10.705252926512038        42.060008102933899     
   10.461584496408189        41.857154747541436     
   10.226537623985378        41.658199850268375     
   9.9997074280173894        41.462930935114123     
   9.7807134159064617        41.271149128107986     
   9.5691976750421706        41.082668131220117     
   9.3648232162068776        40.897313285954517     
   9.1672724537805248        40.714920719922958     
   8.9762458163170535        40.535336570979091     
   8.7914604737094830        40.358416279731564     
   8.6126491710025981        40.184023945747633     
   8.4395591602820961        40.012031737754789     
   8.2719512181169499        39.842319355416727     
   8.1095987450897962        39.674773535476440     
   7.9522869378259688        39.509287598992671     
   7.7998120229456811        39.345761033743834     
   7.6519805571062092        39.184099111761995     
   7.5086087718285812        39.024212532118852     
   7.3695219870144335        38.866017101115546     
   7.2345540400862758        38.709433419162544     
   7.1035467736077464        38.554386598793869     
   6.9763495869763261        38.400806024405526     
   6.8528189636388905        38.248625088291561     
   6.7328180577847672        38.097780956588942     
   6.6162163557890352        37.948214397558743     
   6.5028892594714449        37.799869529326827     
   6.3927178105812539        37.652693683799704     
   6.2855883553965395        37.506637210036715     
   6.1813922556379532        37.361653310625407     
   6.0800256349013679        37.217697903979790     
   5.9813891019134831        37.074729456004157     
   5.8853875516195489        36.932708882466684     
   5.7919298983596814        36.791599374956377     
   5.7009289168035213        36.651366328843331     
   5.6123010059142633        36.511977187119598     
   5.5259660318803094        36.373401361356343     
   5.4418471609589227        36.235610131942607     
   5.3598706618875642        36.098576514909318     
   5.2799658054507903        35.962275227722102     
   5.2020646759291651        35.826682551179914     
   5.1261020556096151        35.691776269415683     
   5.0520153098413685        35.557535606941045     
   4.9797442417235400        35.423941124879853     
   4.9092309857477696        35.290974657250146     
   4.8404199216007653        35.158619272460051     
   4.7732575423706773        35.026859172015833     
   4.7076923721690509        34.895679642173974     
   4.6436748805471595        34.765067009280521     
   4.5811573877241587        34.635008568426350     
   4.5200939846368495        34.505492535210877     
   4.4604404525649581        34.376507992443273     
   4.4021541981818961        34.248044850168462     
   4.3451941705551462        34.120093775950153     
   4.2895208239291280        33.992646225854820     
   4.2350960086197684        33.865694284605375     
   4.1818829470060761        33.739230709894059     
   4.1298461623984899        33.613248869427494     
   4.0789514322503537        33.487742711360731     
   4.0291657245452157        33.362706714730436     
   3.9804571608011754        33.238135872424188     
   3.9327949651772900        33.114025654480329     
   3.8861494179344724        32.990371973405850     
   3.8404918132193622        32.867171156543925     
   3.7957944221352680        32.744419923019308     
   3.7520304499290451        32.622115353205714     
   3.7091739960520300        32.500254856501378     
   3.6672000292707541        32.378836165470943     
   3.6260843437864358        32.257857295144390     
   3.5858035368191965        32.137316538611188     
   3.5463349663963122        32.017212426661146     
   3.5076567295443639        31.897543721166183     
   3.4697476335187298        31.778309392701477     
   3.4325871679547966        31.659508604618207     
   3.3961554781982666        31.541140693134025     
   3.3604333435188498        31.423205154324215     
   3.3254021479940232        31.305701622738390     
   3.2910438670396247        31.188629870776555     
   3.2573410382827608        31.071989781457422     
   3.2242767448934426        30.955781344085711     
   3.1918345914872241        30.840004631519445     
   3.1599986875282342        30.724659794573299     
   3.1287536344452822        30.609747064875883     
   3.0980844999336323        30.495266723516245     
   3.0679768003199483        30.381219087987720     
   3.0384165016874904        30.267604550304167     
   3.0093899768057129        30.154423492505728     
   2.9808840150749987        30.041676348148730     
   2.9528857956244461        29.929363558237110     
   2.9253828768675310        29.817485573708399     
   2.8983631832662518        29.706042848580509     
   2.8718149894212024        29.595035823232763     
   2.8457269169653929        29.484464946971602     
   2.8200879172934181        29.374330653129846     
   2.7948872540266683        29.264633343175792     
   2.7701145048203721        29.155373408841864     
   2.7457595353997828        29.046551179568240     
   2.7218125238798860        28.938167053364410     
   2.6982639017705679        28.830221295817068     
   2.6751043771682097        28.722714165736654     
   2.6523249201553600        28.615645889236763     
   2.6299167525569569        28.509016650113889     
   2.6078713396345630        28.402826587903110     
   2.5861803803074772        28.297075791403746     
   2.5648358082666283        28.191764318622045     
   2.5438297719178369        28.086892163976675     
   2.5231546382248506        27.982459284980308     
   2.5028029754891388        27.878465571840525     
   2.4827675579882551        27.774910877830916     
   2.4630413461360736        27.671794974535903     
   2.4436175067729007        27.569117649514535     
   2.4244893815257234        27.466878618983188     
   2.4056504715774958        27.365077449912498     
   2.3870944628872883        27.263713738398526     
   2.3688152191705569        27.162787058207936     
   2.3508067501648351        27.062296875751375     
   2.3330632263292705        26.962242621211185     
   2.3155789697555744        26.862623673116477     
   2.2983484496622713        26.763439359052835     
   2.2813662778229258        26.664688955371439     
   2.2646272044953797        26.566371688700947     
   2.2481261143348377        26.468486736679147     
   2.2318580225468088        26.371033229233795     
   2.2158180706276522        26.274010247542780     
   2.2000015230144663        26.177416826441682     
   2.1844037638903373        26.081251957707604     
   2.1690202920074739        25.985514582141029     
   2.1538467206417677        25.890203606203247     
   2.1388787705026968        25.795317884600681     
   2.1241122692788958        25.700856235285297     
   2.1095431479009359        25.606817435053749     
   2.0951674375907090        25.513200223258220     
   2.0809812667188416        25.420003299575541     
   2.0669808582117359        25.327225325958370     
   2.0531625273482232        25.234864930795187     
   2.0395226786256866        25.142920706769434     
   2.0260578039287038        25.051391215721143     
   2.0127644802447833        24.960274990881928     
   1.9996393650013486        24.869570523232664     
   1.9866791963137593        24.779276278821538     
   1.9738807910231082        24.689390699788323     
   1.9612410411784973        24.599912198685637     
   1.9487569125120268        24.510839162192397     
   1.9364254422570548        24.422169950468078     
   1.9242437378146835        24.333902903490923     
   1.9122089741399977        24.246036336697735     
   1.9003183929684369        24.158568548354364     
   1.8885692997480681        24.071497812713339     
   1.8769590620926480        23.984822381790899     
   1.8654851096339593        23.898540495896405     
   1.8541449310016498        23.812650376474103     
   1.8429360722699255        23.727150225704023     
   1.8318561364945254        23.642038237456983     
   1.8209027812531411        23.557312587535620     
   1.8100737176781263        23.472971440658402     
   1.7993667090465637        23.389012950378270     
   1.7887795692699435        23.305435258701749     
   1.7783101616742136        23.222236497818223     
   1.7679563981837871        23.139414794042796     
   1.7577162369805268        23.056968259945595     
   1.7475876814882136        22.974894997843233     
   1.7375687824703687        22.893193124137920     
   1.7276576315603311        22.811860730352347     
   1.7178523634504546        22.730895908008339     
   1.7081511542969381        22.650296746359988     
   1.6985522207835166        22.570061333412362     
   1.6890538186001298        22.490187752672757     
   1.6796542416728713        22.410674084905327     
   1.6703518215329825        22.331518412485025     
