   8088153109149691.65426787869676326752      
   8088153109149584.80618424086072475437      
   8088153109149222.89632914368240404045      
   8088153109148259.47113432262895430739      
   8088153109146098.35046972061056631386      
   8088153109141850.60595071580310076471      
   8088153109134343.12148493947415939416      
   8088153109122181.63884390260576719937      
   8088153109103850.97654926723378073297      
   8088153109077825.23826053482529723025      
   8088153109042663.43209333374723129552      
   8088153108997075.79153317841787875029      
   8088153108939957.22966736959246940395      
   8088153108870392.43151193172217900112      
   8088153108787641.12698681263575981992      
   8088153108691112.55979658064798690394      
   8088153108580336.63070042609255933322      
   8088153108454936.52318930336775907718      
   8088153108314605.54861914065574635471      
   8088153108159088.32127332078999349795      
   8088153107988164.85118565452615118153      
   8088153107801636.07894212899832635591      
   8088153107599307.70676611697886114472      
   8088153107380970.00891104708329830495      
   8088153107146371.01695240733843923157      
   8088153106895180.44350304035656575724      
   8088153106626942.79899242896011664697      
   8088153106341018.29098251723459195913      
   8088153106036509.64365859853645771178      
   8088153105712173.49793761110127419435      
   8088153105366317.95753641183102469660      
   8088153104996678.13561842102842624168      
   8088153104600282.79482359717258396423      
   8088153104173294.59135892232262011765      
   8088153103710836.74409118352486132604      
   8088153103206796.05893689702790116513      
   8088153102653604.06686191663580372518      
   8088153102042002.62538571398144282305      
   8088153101360769.94632112669271445902      
   8088153100596435.37368115285591711142      
   8088153099732952.60421027228018642490      
   8088153098751349.96203710458364429664      
   8088153097629341.83629910706539861611      
   8088153096340891.20101925758759892505      
   8088153094855739.95875054665835333489      
   8088153093138910.76953112284691982652      
   8088153091150138.94485648529829204152      
   8088153088843273.13394664065626037727      
   8088153086165584.75281852459130208302      
   8088153083057153.15419556307298363466      
   8088153079450071.15738163486607624313      
   8088153075267759.84534600466193859664      
   8088153070424235.68213200850352143090      
   8088153064823398.53099337490939899249      
   8088153058358479.37328006222626127202      
   8088153050911532.17814889052597419374      
   8088153042353147.06951462503643320457      
   8088153032542398.63362581659168867691      
   8088153021326982.00797310119770206199      
   8088153008543620.91399205123325341811      
   8088152994018918.91445747284565189091      
   8088152977570422.43407902198381042962      
   8088152959008128.26263179161695342830      
   8088152938136840.68543720031284393907      
   8088152914759389.17305276430589832358      
   8088152888681678.20003368900662558613      
   8088152859719660.02150973736121746145      
   8088152827707992.96972637943858154119      
   8088152792508179.85759024534554394430      
   8088152754011474.52421623445408931791      
   8088152712131612.39207419001180588737      
   8088152666788432.66621375829604087809      
   8088152617891006.42578836440185189021      
   8088152565330916.96155544275464316199      
   8088152508986406.55482783803314700798      
   8088152448730675.86919416472855829097      
   8088152384438605.38033363207909335387      
   8088152315988571.32056559321553874421      
   8088152243262394.97188375040039160294      
   8088152166143772.79966032708828218255      
   8088152084516506.22630480515978878588      
   8088151998262998.87262459110355369667      
   8088151907263980.47144940198468858559      
   8088151811397451.70111324161399775530      
   8088151710539493.41840893781958867718      
   8088151604562948.22616803636312604944      
   8088151493337910.64586166830036558818      
   8088151376732101.24121101736277608847      
   8088151254610314.25027538066272055333      
   8088151126835202.13110634406734890476      
   8088150993266861.15077277846985613283      
   8088150853763191.57530849454516934643      
   8088150708179750.40943374639916120094      
   8088150556370125.44915448465215635984      
   8088150398185587.81345455441220256270      
   8088150233475496.64856093618552172666      
   8088150062087068.73114818123988575393      
   8088149883865737.68822512914704012544      
   8088149698654815.99790023642249208683      
   8088149506295828.61652757548206058111      
   8088149306628254.53641062186560874766      
   8088149099489868.95037061388109787558      
   8088148884716437.30870356256675712554      
   8088148662141929.23396814726535229787      
   8088148431598413.94855426015614493617      
   8088148192916246.95715375826622329201      
   8088147945923827.71059851026635361196      
   8088147690447829.74503478681458111532      
   8088147426313024.29225173077222961916      
   8088147153342436.84295414520930874846      
   8088146871357209.67183654904722367798      
   8088146580176719.94977383183895961426      
   8088146279618514.05565226110928292273      
   8088145969498264.03579058014988209524      
   8088145649629900.63308768903413775806      
   8088145319825458.23405529527690609008      
   8088144979895264.57625465903861746147      
   8088144629647693.15675315531572740334      
   8088144268889464.67063795185328301061      
   8088143897425285.90002853297593057511      
   8088143515058244.26691665375300396932      
   8088143121589408.86295086767316629608      
   8088142716818178.42038714035028806101      
   8088142300542028.61542793177991963159      
   8088141872556667.69765555895722262784      
