   330.82036135975665        568.35342633331265     
   330.81282921050325        568.35336437994181     
   330.80309137673640        568.35326249393199     
   330.79078516367389        568.35310001325558     
   330.77553670023315        568.35284847430466     
   330.75696335648365        568.35247020367058     
   330.73467571584399        568.35191743191069     
   330.70827856995527        568.35113200963485     
   330.67737151621930        568.35004600968819     
   330.64154892428991        568.34858319577563     
   330.60039949235937        568.34666141070909     
   330.55350523778236        568.34419575120432     
   330.50044003177277        568.34110235051890     
   330.44076762359299        568.33730255966918     
   330.37403890325845        568.33272726408973     
   330.29978868128734        568.32732107250195     
   330.21753182918934        568.32104615408275     
   330.12675880126409        568.31388549529822     
   330.02693074332177        568.30584542915801     
   329.91747412598045        568.29695725877707     
   329.79777516720554        568.28727796710996     
   329.66717417651637        568.27688991552873     
   329.52495987990250        568.26589956991006     
   329.37036401530628        568.25443528990468     
   329.20255637356433        568.24264423768170     
   329.02064023765882        568.23068850429706     
   328.82364865204858        568.21874061718177     
   328.61054140140226        568.20697847666236     
   328.38020296369041        568.19557988100485     
   328.13144138119685        568.18471685953398     
   327.86298827185732        568.17454974819680     
   327.57349988086054        568.16522139684662     
   327.26155913555027        568.15685141403731     
   326.92567886939241        568.14953071094988     
   326.56430599561008        568.14331639055490     
   326.17582528944854        568.13822727770980     
   325.75856972247112        568.13423895960875     
   325.31082047664671        568.13128144276402     
   324.83081754074061        568.12923552668610     
   324.31676548010574        568.12793077858305     
   323.76683987705439        568.12714404776307     
   323.17919297888233        568.12659856312234     
   322.55195856008982        568.12596377193813     
   321.88325523216884        568.12485564764359     
   321.17118804253761        568.12283746157505     
   320.41384782275418        568.11942091485435     
   319.60930847544546        568.11406738779021     
   318.75562133378924        568.10618925171696     
   317.85080897717143        568.09515096340363     
   316.89284418472948        568.08027041400908     
   315.87965285215472        568.06081847187841     
   314.80908977354198        568.03601944110994     
   313.67890631807370        568.00505038480594     
   312.48674721680345        567.96703894172583     
   311.23011512458703        567.92106122717257     
   309.90634438487200        567.86613815502278     
   308.51256986163071        567.80123124745546     
   307.04569225502939        567.72523721610219     
   305.50233923305171        567.63698153148528     
   303.87882316002811        567.53521124950817     
   302.17109143454047        567.41858639574548     
   300.37467253189493        567.28567072685451     
   298.48461223310323        567.13492098051006     
   296.49540109730793        566.96467545726784     
   294.40089734579641        566.77314182622990     
   292.19419191187535        566.55838002984262     
   289.86753761249884        566.31829143679647     
   287.41217109899321        566.05059924366969     
   284.81814224943838        565.75283096373289     
   282.07409534855827        565.42229854473374     
   279.16699451978485        565.05607693215541     
   276.08177934446019        564.65098061099718     
   272.80093092926228        564.20353877407649     
   269.30392624154405        563.70996957448881     
   265.56656961640465        563.16615706545849     
   261.56022546035842        562.56763903877868     
   257.25111359249939        561.90963037303413     
   252.60019258752422        561.18714381949076     
   247.56511790622937        560.39535865094524     
   242.10771606098464        559.53053774321836     
   236.21182596654000        558.59178669189009     
   229.90714723590366        557.58282440564915     
   223.26762393975162        556.51076291861773     
   216.36968867425404        555.38216339768985     
   209.27175992281764        554.20293717645154     
   202.03619713792963        552.98166667971691     
   194.74569723704221        551.73071595467468     
   187.49765893725103        550.46453255120491     
   180.38881129255364        549.19709425140661     
   173.50146703643335        547.93991712947218     
   166.89605556419417        546.70113742509307     
   160.61005609956030        545.48557711996023     
   154.66070128043805        544.29529114121840     
   149.04978755851900        543.13036163423544     
   143.76840599027247        541.98959011306624     
   138.80099642111989        540.87104375192348     
   134.12842227207011        539.77243659104045     
   129.73009889725844        538.69136888125900     
   125.58544846055447        537.62549139453313     
   121.67462107922654        536.57254859037982     
   117.97902668356480        535.53043894489610     
   114.48150846592321        534.49721974701220     
   111.16638714514319        533.47110678839749     
   108.01941688183608        532.45046856233034     
   105.02769560632653        531.43381852207551     
   102.17955536922562        530.41980692497964     
   99.464447776767301        529.40721285489599     
   96.872833109767896        528.39493641896297     
   94.396076538240465        527.38199095248251     
   92.026352957993467        526.36749524984452     
   89.756561571973265        525.35066563554506     
   87.580248578154539        524.33080802299071     
   85.491538262724262        523.30731001917661     
   83.485063313039277        522.27962778183394     
   81.555944369787952        521.24730081271571     
   79.699687974827867        520.20991090846132     
   77.912179852311880        519.16709865763528     
   76.189637540046434        518.11855196751833     
   74.528575987260481        517.06400038851086     
   72.925777518340723        516.00321035747618     
   71.378265149072760        514.93598093703463     
   69.883279026810399        513.86214012342680     
   68.438255501243830        512.78154152718605     
   67.040808658172679        511.69406163571421     
   65.688713827722097        510.59959735396842     
   64.379893455304611        509.49806436593627     
   63.112402599764430        508.38939361599614     
   61.884419574963331        507.27353239268786     
   60.694234352430577        506.15044132525549     
   59.540239358164726        505.02009364063133     
   58.420921478315066        503.88247426051549     
   57.334854351100716        502.73757887956077     
   56.280691949426455        501.58541335832018     
   55.257162449499397        500.42599304016221     
   54.263062665474315        499.25934219737559     
   53.297253104610157        498.08549354344183     
   52.358653491390314        496.90448777085714     
   51.446238791836777        495.71637322049679     
   50.559035196893205        494.52120543760356     
   49.696117064445716        493.31904696292719     
   48.856603325505681        492.10996679016199     
   48.039655030170806        490.89404032948653     
   47.244472640243430        489.67134905890339     
   46.470293287176702        488.44198008559221     
   45.716389066918751        487.20602623694293     
   44.982064318789931        485.96358535604890     
   44.266654457610962        484.71476060426238     
   43.569523636071629        483.45965977812136     
   42.890063324956081        482.19839531863494     
   42.227690849093918        480.93108402489850     
   41.581847828626920        479.65784682883105     
   40.951998951593133        478.37880856507820     
   40.337630911350359        477.09409793025168     
   39.738250884043715        475.80384695481951     
   39.153385853029562        474.50819110828434     
   38.582581403652561        473.20726894117013     
   38.025400751798244        471.90122180202098     
   37.481424111136654        470.59019390933662     
   36.950247638274881        469.27433190221552     
   36.431482752970012        467.95378472713861     
   35.924755357689612        466.62870339083338     
   35.429705395997281        465.29924104357940     
   34.945985833903705        463.96555233281060     
   34.473262424470818        462.62779366879971     
   34.011212841679473        461.28612267965133     
   33.559526343492138        459.94069825202314     
   33.117903218592069        458.59168035413165     
   32.686054242724978        457.23922971767831     
   32.263700333316962        455.88350783357259     
   31.850571991377212        454.52467663264457     
   31.446409049832955        453.16289846220491     
   31.050960166445385        451.79833585977269     
   30.663982447011112        450.43115137111840     
   30.285241207287001        449.06150746356059     
   29.914509563320834        447.68956627330391     
   29.551568154017009        446.31548960357918     
   29.196204811839461        444.93943867242575     
   28.848214297980768        443.56157404250570     
   28.507398031746099        442.18205545938133     
   28.173563821385859        440.80104160968847     
   27.846525699446428        439.41869059733688     
   27.526103547056337        438.03515891290709     
   27.212122945889437        436.65060186986699     
   26.904414971754761        435.26517341746904     
   26.602815978398493        433.87902601174170     
   26.307167401455271        432.49231052549641     
   26.017315574515070        431.10517614533177     
   25.733111561263748        429.71777032168097     
   25.454410951619018        428.33023858684948     
   25.181073743962340        426.94272461402858     
   24.912964155194700        425.55537003818546     
   24.649950484556623        424.16831443631571     
   24.391904970835178        422.78169523757953     
   24.138703649884580        421.39564769581096     
   23.890226219091659        420.01030478144583     
   23.646355926796705        418.62579721757498     
   23.406979429133600        417.24225332142021     
   23.171986690205244        415.85979903353763     
   22.941270855982747        414.47855784191546     
   22.714728170078818        413.09865083488302     
   22.492257852927011        411.72019658336222     
   22.273761991232174        410.34331110015370     
   22.059145471956715        408.96810791824095     
   21.848315856582193        407.59469793192483     
   21.641183338118886        406.22318958004388     
   21.437660613915501        404.85368865309573     
   21.237662817662315        403.48629834672039     
   21.041107444955337        402.12111926253704     
   20.847914275974336        400.75824942361055     
   20.658005307799701        399.39778428910239     
   20.471304651989684        398.03981659068677     
   20.287738531386751        396.68443666949440     
   20.107235154407604        395.33173222408948     
   19.929724647182315        393.98178821003546     
   19.755139086690157        392.63468741095147     
   19.583412342807705        391.29050992331241     
   19.414480000751990        389.94933302188821     
   19.248279456931400        388.61123202554990     
   19.084749706982258        387.27627946982278     
   18.923831374003683        385.94454553099274     
   18.765466643501348        384.61609797492127     
   18.609599197840300        383.29100199310369     
   18.456174253147726        381.96932106219629     
   18.305138349392870        380.65111546005693     
   18.156439518776974        379.33644394278298     
   18.010027066753864        378.02536258061667     
   17.865851620092542        376.71792534036297     
   17.723865069334767        375.41418400706289     
   17.584020535152330        374.11418823190678     
   17.446272328010334        372.81798554659395     
   17.310575937913590        371.52562157166068     
   17.176887908686744        370.23713940220023     
   17.045165955058557        368.95258070698037     
   16.915368813619619        367.67198491730051     
   16.787456260704030        366.39538963209020     
   16.661389070182100        365.12283055412706     
   16.537128980698917        363.85434148643185     
   16.414638734724150        362.58995503713572     
   16.293881860409030        361.32970065957193     
   16.174822903811069        360.07360741644254     
   16.057427222352199        358.82170216314347     
   15.941661034928611        357.57401024306091     
   15.827491376470082        356.33055538129247     
   15.714886076389201        355.09135972705246     
   15.603813741260616        353.85644392657940     
   15.494243733158477        352.62582715995853     
   15.386146147924819        351.39952717081189     
   15.279491795018387        350.17756030254787     
   15.174252178782506        348.95994154170012     
   15.070399479610796        347.74668455483157     
   14.967906535311297        346.53780172249031     
   14.866746823101723        345.33330417215791     
   14.766894454358775        344.13320193120501     
   14.668324134465095        342.93750371369293     
   14.571011158371073        341.74621709964737     
   14.474931403706679        340.55934863213088     
   14.380061307565937        339.37690378776455     
   14.286377859075737        338.19888704745534     
   14.193858565190750        337.02530179527002     
   14.102481456113120        335.85615049136953     
   14.012225066300761        334.69143466233925     
   13.923068421432546        333.53115493233236     
   13.834991028917381        332.37531109708891     
   13.747972859258441        331.22390206103717     
   13.661994334321593        330.07692589465267     
   13.577036321850240        328.93437990220764     
   13.493080122380135        327.79626065636177     
   13.410107456255307        326.66256399549150     
   13.328100455375457        325.53328507130914     
   13.247041649907645        324.40841834913840     
   13.166913962917132        323.28795767823698     
   13.087700696082518        322.17189627348455     
   13.009385523982132        321.06022678818914     
   12.931952476569721        319.95294121191188     
   12.855385939434290        318.85003103100547     
   12.779670644261167        317.75148723556174     
   12.704791656695862        316.65730029454295     
   12.630734370616535        315.56746021094318     
   12.557484499001330        314.48195652593665     
   12.485028067162098        313.40077836220814     
