   47.326235308428870        64.314490046515729     
   47.326235308428870        64.314490046515729     
   47.326235308428870        64.314490046515729     
   47.326235308428870        64.314490046515729     
   47.326235308428558        64.314490046515573     
   47.326235308390942        64.314490046496772     
   47.326235307206765        64.314490045905202     
   47.326235291404238        64.314490038010590     
   47.326235173501964        64.314489979107009     
   47.326234590192861        64.314489687668868     
   47.326232452244795        64.314488619363587     
   47.326226195577448        64.314485492394496     
   47.326210791935054        64.314477791781457     
   47.326177671290480        64.314461227773464     
   47.326113743566843        64.314429241542527     
   47.326000664407474        64.314372628936695     
   47.325814469449057        64.314279347001190     
   47.325525555178515        64.314134487798455     
   47.325098997464664        64.313920415491324     
   47.324495115756100        64.313617015432996     
   47.323670189124897        64.313202003220269     
   47.322577229347708        64.312651241392501     
   47.321166760432867        64.311939038999213     
   47.319387497516878        64.311038377661134     
   47.317187007930102        64.309921123839999     
   47.314512240467366        64.308558171446521     
   47.311310042292028        64.306919600353666     
   47.307527600896719        64.304974825090980     
   47.303112892160222        64.302692794943596     
   47.298015104063182        64.300042231688082     
   47.292185063515880        64.296991927187705     
   47.285575638755837        64.293511082535730     
   47.278142125964905        64.289569687109335     
   47.269842578595274        64.285138907402668     
   47.260638075297699        64.280191471069159     
   47.250492893218158        64.274702015942978     
   47.239374588181718        64.268647392569946     
   47.227253949844282        64.262006891852394     
   47.214104849985546        64.254762397359812     
   47.199903958591385        64.246898439254323     
   47.184630350985294        64.238402157809659     
   47.168265003338711        64.229263169689716     
   47.150790179275738        64.219473340170978     
   47.132188822942588        64.209026498348933     
   47.112443722507876        64.197918027841880     
   47.091536784187134        64.186144441121300     
   47.069448212164140        64.173702887023708     
   47.046155670134389        64.160590608439080     
   47.021633465845476        64.146804386714038     
   46.995851744928856        64.132339964528782     
   46.968775712985504        64.117191461142284     
   46.940364897778402        64.101350792286610     
   46.910572463799369        64.084807102647716     
   46.879344577369551        64.067546215195279     
   46.846619841039278        64.049550109660530     
   46.812328787401128        64.030796427528003     
   46.776393447380393        64.011258015528455     
   46.738726987477584        63.990902505693548     
   46.699233424880347        63.969691938956309     
   46.657807404122039        63.947582431058315     
   46.614334078702861        63.924523892590976     
   46.568689027098102        63.900459781362152     
   46.520738280493966        63.875326922484263     
   46.470338410258805        63.849055371558826     
   46.417336693802490        63.821568330404247     
   46.361571359886014        63.792782118412276     
   46.302871914958963        63.762606202690328     
   46.241059534525867        63.730943275001422     
   46.175947538413318        63.697689391390149     
   46.107341942128997        63.662734170334204     
   46.035042077860112        63.625961043641318     
   45.958841261212562        63.587247553024461     
   45.878527529162234        63.546465700094387     
   45.793884041638371        63.503482161388504     
   45.704691313120016        63.458159404122334     
   45.610725947834794        63.410355142150088     
   45.511762732582831        63.359923419841195     
   45.407575067141316        63.306714922000118     
   45.297935614005020        63.250577399953805     
   45.182616859775870        63.191356064128001     
   45.061391505039161        63.128893903710072     
   44.934032752713662        63.063031953865966     
   44.800314339103956        62.993609435790205     
   44.660010944682647        62.920464096815778     
   44.512895607584475        62.843430976290023     
   44.358742607306574        62.762344012762213     
   44.197324343170543        62.677034515304662     
   44.028410929444156        62.587331022065072     
   43.851769067624033        62.493058772611327     
   43.667160691193089        62.394039027293182     
   43.474342662211690        62.290088952332162     
   43.273061137457091        62.181018574554010     
   43.063055526650558        62.066632945051573     
   42.844053401531703        61.946729367050331     
   42.615769625137290        61.821096889981774     
   42.377904597547534        61.689515333425987     
   42.130142571038526        61.551754335371960     
   41.872149990210872        61.407572416067389     
   41.603573869019712        61.256716067022701     
   41.324040253936126        61.098918904987542     
   41.033152760573998        60.933900880661554     
   40.730491254500848        60.761367603194181     
   40.415610715511143        60.581009791503782     
   40.088040326902359        60.392502908986785     
   39.747282945174106        60.195507055401507     
   39.392814961354418        59.989667155181934     
   39.024086841462001        59.774613592901694     
   38.640524547240332        59.549963437291758     
   38.241532093828532        59.315322402143210     
   37.826495732122844        59.070287827141549     
   37.394790174945221        58.814452929964041     
   36.945787735315619        58.547412803501118     
   36.478870999178589        58.268772531804160     
   35.993450030412639        57.978157951128686     
   35.488985144969163        57.675229632774084     
   34.965016163839422        57.359700563736617     
   34.421198369468200        57.031357601086413     
   33.857345242967682        56.690086693598708     
   33.273476215857293        56.335900819128206     
   32.669866191601180        55.968968734086197     
   32.047092231004250        55.589641890986350     
   31.406072082855413        55.198476386923986     
   30.748088684989270        54.796246574299161     
   30.074796207333726        54.383947515881985     
   29.388205303343693        53.962784888669475     
   28.690647506297001        53.534152030110640     
   27.984719154527713        53.099594401923234     
   27.273208121098619        52.660763627140987     
   26.559008379843359        52.219364496386625     
   25.845029077617966        51.777099411395156     
   25.134105939597855        51.335615242858331     
   24.428922603630642        50.896457298835358     
   23.731947299256877        50.461033496427021     
   23.045387949514438        50.030590286132480     
   22.371166105421608        49.606200185157761     
   21.710907644285243        49.188759332315726     
   21.065944283007106        48.778991057122319     
   20.437341732079084        48.377465715732605     
   19.825900095655932        47.984601699577325     
   19.232194135971767        47.600691425554452     
   18.656595991598650        47.225915439069837     
   18.099301708946491        46.860358503027584     
   17.560356510266875        46.504024575446358     
   17.039678190253895        46.156850372189304     
   16.537078463355968        45.818717526122796     
   16.052281543143767        45.489462834645877     
   15.584941546913523        45.168887964760032     
   15.134656763996714        44.856767022746816     
   14.700982484716283        44.552853387426850     
   14.283441942712731        44.256885432513641     
   13.881535641821049        43.968591341583959     
   13.494749236257469        43.687693126665671     
   13.122560137000120        43.413909964562500     
   12.764442987479056        43.146960932332505     
   12.419874163480484        42.886567235723668     
   12.088335424774629        42.632454002399058     
   11.769316840514414        42.384351705143132     
   11.462319090526357        42.141997271851416     
   11.166855244972288        41.905134933861341     
   10.882452100021581        41.673516854587014     
   10.608651140419616        41.446903572876757     
   10.345009199288814        41.225064297114599     
   10.091098861040692        41.007777072820033     
   9.8465086541784252        40.794828848385080     
   9.6108418207806992        40.586014312518699     
   9.3837213540071946        40.381140475184260     
   9.1647818940389509        40.180019413941807     
   8.9536747588643575        39.982472892867150     
   8.7500662600407413        39.788330962939654     
   8.5536372725446945        39.597431724961112     
   8.3640827623929663        39.409621058700530     
   8.1811113087977017        39.224752358774609     
   8.0044446277852810        39.042686275289306     
   7.8338170456450325        38.863290419783070     
   7.6689750170314284        38.686439104213981     
   7.5096766061823637        38.512013053149644     
   7.3556909931113870        38.339899133542026     
   7.2067979961908826        38.169990092485257     
   7.0627875868666372        38.002184290499358     
   6.9234594287531248        37.836385445321092     
   6.7886224377027311        37.672502394018352     
   6.6580943325794930        37.510448837734749     
   6.5317012459987414        37.350143136072198     
   6.4092772978595827        37.191508059917702     
   6.2906642174775600        37.034470584140571     
   6.1757109938264270        36.878961699536504     
   6.0642735000545400        36.724916192734035     
   5.9562141668935702        36.572272466674235     
   5.8514016782280356        36.420972378095549     
   5.7497106431408547        36.270961040098733     
   5.6510213141829855        36.122186668559642     
   5.5552193064841680        35.974600419711038     
   5.4621953522842981        35.828156259770381     
   5.3718450294662858        35.682810799497872     
   5.2840685302043182        35.538523163798274     
   5.1987704362204301        35.395254855767192     
   5.1158595313961888        35.252969696940880     
   5.0352485420566415        35.111633593611096     
   4.9568539849160098        34.971214509746119     
   4.8805959787663449        34.831682341354124     
   4.8063980621600884        34.693008805209196     
   4.7341870303422029        34.555167348780735     
   4.6638927832856378        34.418133060308435     
   4.5954481732271537        34.281882573651686     
   4.5287888703832424        34.146393998037198     
   4.4638532147349936        34.011646819489052     
   4.4005821035002599        33.877621840855326     
   4.3389188639447793        33.744301102832672     
   4.2788091503782733        33.611667824746576     
   4.2202008130037196        33.479706320474918     
   4.1630438156528102        33.348401952771503     
   4.1072901327871953        33.217741072315683     
   4.0528936506082118        33.087710950226203     
   3.9998100930017801        32.958299740437916     
   3.9479969187514734        32.829496417661915     
   3.8974132633199066        32.701290740019843     
   3.8480198430075996        32.573673181501789     
   3.7997788949134921        32.446634903563996     
   3.7526541173182322        32.320167727024639     
   3.7066105841673007        32.194264058940924     
   3.6616147025013652        32.068916885102325     
   3.6176341388585338        31.944119715390535     
   3.5746377771486944        31.819866558415065     
   3.5325956582171676        31.696151888282721     
   3.4914789309951577        31.572970610530334     
   3.4512598056719659        31.450318036336139     
   3.4119115122313803        31.328189859572131     
   3.3734082463774886        31.206582115687766     
   3.3357251364205904        31.085491167195269     
   3.2988382027776990        30.964913678974447     
   3.2627243241192398        30.844846600305221     
   3.2273611899077461        30.725287130081735     
   3.1927272805041707        30.606232711008676     
   3.1588018275381211        30.487681003886149     
   3.1255647841841396        30.369629870355947     
   3.0929967961844844        30.252077356214194     
   3.0610791713813561        30.135021671687433     
   3.0297938600416101        30.018461185394383     
   2.9991234208581892        29.902394403415748     
   2.9690509955273980        29.786819932600025     
   2.9395603051463004        29.671736555641825     
   2.9106355988405985        29.557143094612787     
   2.8822616514207700        29.443038480686422     
   2.8544237385008451        29.329421723758472     
   2.8271076170698839        29.216291902283512     
   2.8002995070440395        29.103648154248077     
   2.7739860735201032        28.991489668320988     
   2.7481544093363586        28.879815673994752     
   2.7227920207745551        28.768625440121117     
   2.6978868097973105        28.657918259867355     
   2.6734270615893818        28.547693455811203     
   2.6494014261739309        28.437950352295474     
   2.6257989095634464        28.328688292825952     
   2.6026088588805827        28.219906624794326     
   2.5798209536862111        28.111604717810323     
   2.5574251779550492        28.003781867661779     
   2.5354118332368181        27.896437430506875     
   2.5137715112997636        27.789570727357930     
   2.4924950876507097        27.683181063235953     
   2.4715737117312790        27.577267725045019     
   2.4509987969612408        27.471829977758581     
   2.4307620122898288        27.366867065458486     
   2.4108552713764508        27.262378200417817     
   2.3912707259159376        27.158362569353770     
   2.3720007569530166        27.054819329444179     
   2.3530379667988881        26.951747605944089     
   2.3343751715923573        26.849146491276233     
   2.3160053940336569        26.747015043841394     
   2.2979218571490754        26.645352290027873     
   2.2801179742805733        26.544157209741929     
   2.2625873514274333        26.443428773709915     
   2.2453237643524728        26.343165868726633     
   2.2283211723222656        26.243367384646007     
   2.2115737003284917        26.144032161684468     
   2.1950756367449560        26.045159004517561     
   2.1788214271749258        25.946746677636309     
   2.1628056700413838        25.848793908034743     
   2.1470231118612744        25.751299387091770     
   2.1314686418556437        25.654261768176475     
   2.1161372877813927        25.557679668622857     
