0.
0.
0.
6.063298011819522e-13
7.776179700158536e-11
2.6112161322089378e-9
3.835086204162508e-8
3.2028030242751504e-7
1.7712973203742877e-6
7.171489812662912e-6
0.000022833638363787635
0.000060273985373745134
0.00013721933599223726
0.00027755613598401396
0.0005102325408567291
0.0008674265883522974
0.0013824093805870539
0.0020874969203911555
0.0030123699163198125
0.004182890958096171
0.005620428571215067
0.007341663357190479
0.00935865945261109
0.011679143705540202
0.014306856884199231
0.017241894822414373
0.020481003955410415
0.02401782635405425
0.02784309965692463
0.031944831637768324
0.03630852823541393
0.040917385988554614
0.045752586298903
0.05079359945705164
0.056018549659199834
0.061404557706964624
0.06692822937212858
0.07256596971547916
0.07829442896003988
0.08409081877316757
0.08993324386218168
0.09580102380201083
0.1016748378900445
0.10753709331784003
0.11337180529106186
0.11916493370511225
0.12490425490724988
0.1305794708693213
0.1361821856640309
0.14170585268984343
0.14714570035380348
0.15249861382251123
0.15776318929931676
0.16293947167269113
0.16802887535171368
0.17303419645024104
0.17795944325617558
0.18280959367154992
0.187590714127424
0.1923097757531404
0.196974532168601
0.20159351686596477
0.20617589310414058
0.21073138100377758
0.21527041657790846
0.2198037600527319
0.224342710397688
0.22889896438196428
0.23348463288117688
0.23811218992735422
0.24279446346237893
0.2475446352010522
0.2523762041727669
0.25730305335223613
0.2623393425563544
0.2674996478666193
0.2727988367370813
0.2782521837856583
0.2838753332945979
0.28968435398603753
0.295695693982888
0.30192661550242406
0.3083944251838773
0.31511527927714644
0.3221101405719935
0.3293967869482799
0.33699481761557115
0.34492449156113025
0.3532075150909577
0.36186426176749364
0.3709177405328129
0.3803910902006843
0.390308404874124
0.4006946993161856
0.4115760052694858
0.4229794058501568
0.43493312478920154
0.4474666049650958
0.46061059789457204
0.4743972001877049
0.4888600842457246
0.5040344416409445
0.5199572139970126
0.536667152785526
0.5542049539947225
0.572613459798589
0.5919377136694095
0.6122251904000109
0.6335259430751421
0.6558927653166127
0.679381440307613
0.7040508845223883
0.7299633977420303
0.7571849121422456
0.7857851903038977
0.8158381134031742
0.8474219203173827
0.8806194740575581
0.9155185757457314
0.9522122246891627
0.990798878831157
1.0313827521641485
1.074074044172439
1.1189891936651386
1.1662510414133274
1.2159889466017453
1.2683429359429303
1.3234545426985371
1.381453403515716
1.4425236660299086
1.5068124536293133
1.5744875482801226
1.6457197816583196
1.7206802043645553
1.79954271580714
1.8824786743358097
1.96965490020753
2.061229964764588
2.15734869004648
2.2581377012432853
2.363697643774505
2.474095336912602
2.5893537567923444
2.7094405951441205
2.8342548351789247
2.963611271871467
3.097223001382247
3.2346817761517883
3.3754379548130373
3.5187771263256975
3.6638002114769916
3.8094036969860143
3.9542663307623185
4.096843538972555
4.2353746468883315
4.367898973762015
4.492320848192952
4.60648667466838
4.708114684176891
4.795127337201526
4.865599453541071
4.917954599173726
4.950864724120217
4.963554119473477
4.955699273760965
4.927479277288276
4.879554376659726
4.813021190879445
4.7293490785799435
4.630300730121268
4.517846131885221
4.394082659937991
4.2611339486014845
4.121055410789914
3.975910442486016
3.8275188413716092
3.677563947536453
3.527529227517978
3.3786943009005697
3.2321361241599904
3.088737923463455
2.949202888216502
2.814071222410445
2.6837389113463344
2.5584771830290123
2.4384507338299555
2.3237355697660957
2.2143348828393927
2.1101933814180427
2.011209712574093
1.9172471623914498
1.8281428552869294
1.7437152445289712
1.6637704216769174
1.5881071922482577
1.5165211470697315
1.4488079325930117
1.3847658907552507
1.3241974852492127
1.2669113217528234
1.2127229228913259
1.1614551721049011
1.112939143550701
1.0670141183442943
1.023527685591624
0.9823355962911565
0.9433016011102342
0.9062976120529573
0.8712028531507201
0.8379038316518077
0.8062940310578111
0.7762735296671093
0.7477500493971465
0.7206349010486857
0.6948386496342494
0.6702963072642802
0.646929492271737
0.6246713875373071
0.6034587446272397
0.5832323698290836
0.5639367741437304
0.5455199650469957
0.527933264608927
0.5111310716281459
0.4950706196782839
0.47971158258508295
0.46501665968584993
0.45095044751176994
0.43747981146020953
0.42457361875738064
0.41220275080575897
0.4003396862779608
0.38895819393484565
0.3780345630467714
0.3675456893030482
0.3574703194293166
0.3477877577083266
0.33847911001635766
0.3295263517328202
0.3209125296846196
0.3126215546955843
0.304638344876631
0.29694860648580246
0.28953875890141434
0.282396103177998
0.2755086097249594
0.268864751386344
0.26245376324792247
0.2562653903125529
0.2502930736986002