   40859684062.7335652015164469344555677      
   40859684057.1698983285367961830961393      
   40859684044.5238667504225366411296656      
   40859684018.6870505358221674228521454      
   40859683970.2370058690485358290406290      
   40859683885.5322710580693419888357676      
   40859683745.8758489398141557232448274      
   40859683526.7356497805575992570218664      
   40859683196.9020544803442034078695856      
   40859682718.4494647273555264070644854      
   40859682045.9787026498464140638349349      
   40859681126.3757959845052628064346332      
   40859679898.7218149573311636270799617      
   40859678294.3073565534910609446524184      
   40859676236.7953036200237193573566611      
   40859673642.5344938608187312916814075      
   40859670421.0309750124181278072194540      
   40859666474.8785833917114757840150444      
   40859661702.8304754996186498595985748      
   40859655998.2515944614659840598969071      
   40859649251.0652270235129057162691522      
   40859641348.9888058917631575963988557      
   40859632178.6899833984487751127872923      
   40859621626.9544038116843449137540957      
   40859609581.7601065392810041904146882      
   40859595933.2702551265708666616855993      
   40859580574.5753071779558543167370025      
   40859563402.1783811209882608076406438      
   40859544316.3130051151464837712476328      
   40859523220.4647543964213101644460049      
   40859500021.5207812812296144221484554      
   40859474628.6365795736754986490083813      
   40859446952.2731446141291396121658727      
   40859416902.8496839673132637129671323      
   40859384389.6091873542384592772716230      
   40859349316.8451662212972705919283020      
   40859311585.3358356535222197647191525      
   40859271087.6118218964076945694749093      
   40859227706.7668892780864876707532168      
   40859181314.3774303428131635891133633      
   40859131767.8952979105850416127529229      
   40859078909.2286659528821504995355042      
   40859022563.1239805403507569525588803      
   40858962534.1976665831846169996426498      
   40858898606.2342268137817103854858792      
   40858830540.4026368904824200147272338      
   40858758073.9381943182064272673439528      
   40858680919.2232229807717060856235131      
   40858598762.6050693119702636137536005      
   40858511263.6348407495382223408247419      
   40858418054.5593544158931848946792232      
   40858318739.5437065668197992241827656      
   40858212894.4849582454238469586306369      
   40858100066.9145134906118946188485987      
   40857979775.8154977167792846283261864      
   40857851511.4831863604433404088080716      
   40857714734.9243518374252964385297099      
   40857568878.9275780985686619400606741      
   40857413347.4576602627934645584240610      
   40857247515.9220420713749673780966628      
   40857070730.9968505407331707120890980      
   40856882311.0477756069419480861838321      
   40856681546.1690480108769956112765257      
   40856467697.8626622780893852754873948      
   40856239999.1246929613849208852980226      
   40855997654.0454524397829954835455419      
   40855739838.1467174889129141807074707      
   40855465698.0416016821949598702144248      
   40855174350.3852613689514257915934787      
   40854864882.4886460734096147464407450      
   40854536351.0751348243806134368845357      
   40854187781.8456001397818815135640304      
   40853818168.9198809517094566376244504      
   40853426473.5008251921107824439168238      
   40853011624.0180423145057827845606211      
   40852572514.1648753072406229923009930      
   40852108002.2517521796944375233344230      
   40851616909.6440215963629808786325897      
   40851098019.6693466407842480220608361      
   40850550076.1685142836144839374633848      
   40849971782.1909398700474344081555933      
   40849361797.5729852001977391870580560      
   40848718738.0888794877062824237429740      
   40848041172.8455028910421424919610441      
   40847327622.7035029589878305753576274      
   40846576558.0389220180799473113043598      
   40845786396.5816170119121229794035160      
   40844955500.7020660396870405502846431      
   40844082175.4351088382419888725934832      
   40843164665.5648599107649017855738295      
   40842201152.9395083833629896645343729      
   40841189753.5750024616138654029610946      
   40840128514.7603563218565730716016604      
   40839015413.8463191443966884196023895      
   40837848347.2588967770274244528850527      
   40836625138.0269451332925888929846441      
   40835343525.1996389790604695238052750      
   40834001161.8905017044050637047502288      
   40832595610.9953938091538425502124352      
   40831124341.4580299566867193057787578      
   40829584723.8739797937286306162398951      
   40827974025.6963016774191057206576751      
   40826289406.9597506730552989783056694      
   40824527914.6597276262423823293969802      
   40822686478.1880971573433646890013969      
   40820761904.0755861970053111673504387      
   40818750869.5976728044623915923298339      
   40816649917.0700611389919964322209042      
   40814455448.4449355145420623816199399      
   40812163716.5753928195400927601109966      
   40809770820.6155472554549911500574934      
   40807272697.0494469523279435548284509      
   40804665112.6100998686871326826687298      
   40801943656.3487138540169253832251019      
   40799103730.6584842713648092507803158      
   40796140541.0041396636770156340954868      
   40793049088.4137776454386971707061249      
   40789824157.3819306698907700127770926      
   40786460305.3148498091679692887954691      
   40782951851.1094281720815318693836008      
   40779292861.9638555113166496007414268      
   40775477140.3232005909775075284408217      
   40771498209.6511563392959773766317441      
   40767349298.4188603531484066517353067      
   40763023323.8842747588298154412267968      
   40758512873.5745342482435152129865455      
   40753810186.9174199354178370101284416      
   40748907131.8836309996523953626810902      
   40743795185.6882299737635420578442927      
   40738465405.6638082457675711269881740      
   40732908405.1641299139687164700718598      
   40727114334.6109117828347519155908952      
   40721072802.8122330825928018247923456      
   40714772908.2379028633304351815340908      
   40708203154.4232455491718479032582800      
   40701351420.4980171749376859843976885      
   40694204912.9172078712152678263683269      
   40686750108.9050675328716702983940576      
   40678972707.4222746017113693447754365      
   40670857560.4231859331423819151245729      
   40662388606.5364291568525926358479148      
   40653548804.0194610583712288342556500      
   40644320050.2885859379798653919266188      
   40634683104.9404225194198495022726180      
   40624617512.9979323902260014092288844      
   40614101520.3827157697438126038322038      
   40603112013.7483652446447905683573153      
   40591624448.1242996025876550273384640      
   40579612803.7527088968290314105465889      
   40567049553.5206798329034888236158310      
   40553905668.1024871202514083974815333      
   40540150631.6044002909811215117695262      
   40525752506.0977539594043340795089869      
   40510678017.0434682190334102848271551      
   40494892675.4537029023231098352903705      
   40478360929.1128049099708315873207563      
   40461046322.6590151454207600451073299      
   40442911684.2018478155734573736944247      
   40423919302.4629892942081511577752424      
   40404031140.7592107276303518072341356      
   40383208850.0510659266944348649927489      
   40361414194.8226481321609027330403696      
   40338608906.6800159917372974372080832      
   40314754905.1943929173442121733790922      
   40289814353.8867159927926990978856940      
   40263749702.0848790289898637653569995      
   40236523720.4117627861387924411840247      
   40208099506.8737961986658783965271945      
   40178440490.3862670111697703365756363      
   40147510416.1268144867167051962185119      
   40115273328.4316014004805223133099408      
   40081693544.9391252286300825978948171      
   40046735638.0609910780900593492710068      
   40010364401.7273382284579645300475439      
   39972544826.8444373938077483375116149      
   39933242086.8635290474236515982708503      
   39892421506.4721343481608169067513966      
   39850048541.8027786620031345874938164      
   39806088774.4385241619239577782305602      
   39760507896.6554086392556709470139136      
   39713271702.5398597442576526910857809      
   39664346078.4578509230573474491146306      
   39613697000.7791782996789442600587431      
   39561290541.2117824121552462103445917      
   39507092863.8719615594811038569570355      
   39451070233.4478290939362672363780838      
   39393189014.2390372875982225239622098      
   39333415681.3483657510357284130315535      
   39271716825.9615933869091754506240924      
   39208059161.5627039641596923005446000      
   39142409528.6196538398526243958568218      
   39074734900.7404582588085709782976353      
   39005002383.9566600806407144554303657      
   38933179218.6906329812436459040949708      
   38859232775.5156280427738385495029044      
   38783130547.0482077067454452271315099      
   38704840140.3370739103642755039574035      
   38624329338.0430216579760426733467105      
   38541565771.2156739666599960674456298      
   38456517378.8044959104405967354512381      
   38369152059.7479001294371197975101075      
   38279437730.8440699748745994893086572      
   38187342303.4509110841054701808023076      
   38092833657.5010601016174245573081947      
   37995879615.7520354701125639025395981      
   37896447918.8006252460238048648782111      
   37794506200.3865500618891496670354583      
   37690021964.9165199788653438473530491      
   37582962566.3016180551703180861157483      
   37473295187.6853499845235297837404500      
   37360986826.1101670258439073362963433      
   37246004275.9244868449925061736371398      
   37128314116.1881724179671302051213294      
   37007882699.5149740927462752918550804      
   36884676144.4216348640758781257892122      
   36758660326.0267396715111783545695968      
   36629800872.1984391892632572855931581      
   36498063158.3056999438681029092037016      
   36363412305.5974904343308917019154782      
   36225813178.1299972791093865123918950      
   36085230382.8229882474433195279767338      
   35941628270.0469223875041836724405703      
   35794970932.8391160834963182733192559      
   35645222209.6213761297653498327033458      
   35492345685.5179046116360968733142287      
   35336304693.6118426806261202327476019      
   35177062318.8488955129182885820951966      
   35014581399.3802205831298251534599598      
   34848824528.7123566050919760092072758      
   34679754060.4351257837399088552359637      
   34507332108.7088193851581827932804395      
   34331520552.7681550013234355409487795      
   34152281038.8595467435318506472372740      
   33969574982.1123069322000619404109141      
   33783363571.1210901986119455367722054      
   33593607768.0232268570768023938253755      
   33400268314.0033829289061133320271902      
   33203305832.8859478367411140263282698      
   33002680411.2183925245001096048085671      
   32798352244.4507481068514648764139604      
   32590281205.3212863014951402047662830      
   32378426953.2161319838313973920665877      
   32162748937.5443513793353353016757187      
   31943206398.4273671416141887756840651      
   31719758370.6646903559789278925729762      
   31492363682.4628859473186437073065734      
   31260980957.9503893709839330440622871      
   31025568620.7664639243671333302840378      
   30786084890.6833858589014282887446181      
   30542487789.5586808561858575441258721      
   30294735138.0571998243260271045088034      
   30042784561.4109065943665814821372846      
   29786593487.0642537342118567715675700      
   29526119144.8444712924460421896987009      
   29261318572.2490332644381839220311450      
   28992148610.2258048869884868718620137      
   28718565909.2032214187429151525500208      
   28440526925.8535992171400881586890202      
   28157987919.5350316436611062730583781      
   27870904968.0947447155574970833785197      
   27579233948.8247562588756815826063308      
   27282930557.1343182963673859123259820      
   26981950292.8467605648430799676478895      
   26676248464.8094745528996606467154911      
   26365780204.0428712104420117886153472      
   26050500436.7777483934936129652514886      
   25730363912.4250350385363986510140550      
   25405325193.4338217298501598137121287      
   25075338650.6792766580287503918424757      
   24740358464.8304125967166162986306421      
   24400338636.3631741492515055391187121      
   24055232974.8943460252479372363619570      
   23704995104.4749439894660981023933094      
   23349578464.3882577113187788557774381      
   22988936307.6874249887503230139413464      
   22623021700.8761151723939124909216472      
   22251787524.7243681027258035568516192      
   21875186475.2302430454782778118915976      
   21493171063.4910068043020808656441171      
   21105693614.4980240460123802708642821      
