   40859684065.8273143156226345999022917      
   40859684065.8211808265676879326397168      
   40859684065.7780051211974607772693407      
   40859684065.5683795540018453240260736      
   40859684064.7942483655650778375556152      
   40859684062.4708852471408835446809140      
   40859684056.5334979561288723849809146      
   40859684043.1533268725071785854366584      
   40859684016.0086908990464470956315141      
   40859683965.3938509946710422572873603      
   40859683877.3202509892900873032188100      
   40859683732.6840401779037066803913491      
   40859683506.4873201845784286905783712      
   40859683167.0102348209334522927854639      
   40859682675.8117152999724947134327896      
   40859681986.9192513914097330344748868      
   40859681046.6419314888118713832168164      
   40859679793.4805024772510292915116695      
   40859678158.1519567489344557871593591      
   40859676063.7636572475579980603360724      
   40859673426.1383990166265469994052556      
   40859670154.2976065132226186114481051      
   40859666150.3582516486992902264013507      
   40859661312.8116491282060654980920701      
   40859655534.6657256527962889779442047      
   40859648705.6408525440947986546717873      
   40859640713.3359226333374913511280483      
   40859631444.3876720014741327289652454      
   40859620785.6354552164366559823107787      
   40859608625.1857936722656973696104216      
   40859594853.3970925853688722011455066      
   40859579363.6007457592683194611982108      
   40859562052.6509023505449788243191501      
   40859542820.7932936799751071086224279      
   40859521572.0211658197937570447673924      
   40859498213.3408552300907726809200695      
   40859472654.0447812634499984278165240      
   40859444804.6406384924680080767384615      
   40859414575.4838797551625413487004406      
   40859381875.6103280242654944647325066      
   40859346609.0251774927081953985449616      
   40859308676.0061513656960598963659745      
   40859267968.4432091936417554837978310      
   40859224368.6458389568273203821666402      
   40859177747.2356331633064289968729239      
   40859127960.5764843213254964153719643      
   40859074849.3200172303999592112419438      
   40859018236.8318044055138596558153243      
   40858957926.2178173049553280058177989      
   40858893699.6450055727953543204746883      
   40858825316.5176093172951809526227314      
   40858752512.2864524530702631469259675      
   40858674997.4293022561240143808015185      
   40858592456.3302874449713372621677389      
   40858504546.5272601225104021747710909      
   40858410898.2100630786785632026601329      
   40858311113.7519929705674819730459432      
   40858204766.0526238908200912404073020      
   40858091401.4250266484695866937361174      
   40857970536.4137620386694402080884213      
   40857841659.1712682603214203640122892      
   40857704228.5817594889166758738333016      
   40857557675.3001812575133929245878611      
   40857401401.1698553369253666088893834      
   40857234779.4604831164853427982121754      
   40857057154.7546442054725379042432248      
   40856867843.3080923869129963589350201      
   40856666133.1002531010538618701917376      
   40856451283.5135484410371785970884584      
   40856222525.4197583553268810333286341      
   40855979060.7891457397888067110559271      
   40855720063.1250766197921917075736663      
   40855444676.4364228466988717638091312      
   40855152015.6262661649823340341252569      
   40854841165.6181447666448834938375003      
   40854511180.8596045470527391981583170      
   40854161084.7108663866726401793216477      
   40853789868.9147009496456457096891082      
   40853396492.2320491601280566449658325      
   40852979880.5897916543895243379073009      
   40852538925.0617919309221588554685442      
   40852072481.2809414656566443114001598      
   40851579367.8372294663892696547366097      
   40851058365.1513418526176700069339968      
   40850508214.1061235316046391927070323      
   40849927614.5836225132486802531247746      
   40849315223.2970302976730335053092862      
   40848669652.5253316163158672219266326      
   40847989467.9118167162893326000014432      
   40847273186.6635461361603137159467239      
   40846519275.2512730169300243243682168      
   40845726147.4398410627938854433564901      
   40844892161.3986240584327537419393589      
   40844015617.7951030881725005989880179      
   40843094756.8721080886229804431157582      
   40842127755.6412313047657890894734796      
   40841112725.1322956569926435018073712      
   40840047707.4473126474310260528403602      
   40838930674.3790200083925455569479386      
   40837759516.7835119713836673090956754      
   40836532051.5114171076859685266522392      
   40835246011.5244447718199677298673993      
   40833899043.2650800113981550487380369      
   40832488702.9572218871724157627108680      
   40831012452.1365196276682748628136345      
   40829467654.1477033255386405953338612      
   40827851568.4771577135380501352435275      
   40826161347.0536556639744096911204116      
   40824394028.2506346677338744897520069      
   40822546532.6005277285329752132630885      
   40820615657.1703459342991686231879654      
   40818598069.4805039281825109902680072      
   40816490301.7451739721259723943859839      
   40814288744.6395626417200940896219447      
   40811989640.3403377275628638350584831      
   40809589075.9404003663494397586468043      
   40807082975.8578457488512937889900090      
   40804467093.6520996065775647076316776      
   40801737004.8695165841155841114960067      
   40798888097.7109584694076181002425705      
   40795915562.7482247739307189221015513      
   40792814385.2515673194550361914443736      
   40789579333.3931385928802230482682223      
   40786204947.1027759184224982784739207      
   40782685527.3366570175461241366666445      
   40779015121.6297953844651700144190019      
   40775187512.6705607758349229593279389      
   40771196202.3821938407273147354740604      
   40767034396.7909863795823346025660782      
   40762694989.2682212152514316226404070      
   40758170542.2597719846287709039963130      
   40753453268.3264181040083074986612022      
   40748535007.1397733317812379159617214      
   40743407205.8656495414115512430235081      
   40738060889.7218680047604539053791061      
   40732486637.8150098794656328244345604      
   40726674564.3693453966774149488808587      
   40720614238.5861445227531413444396983      
   40714294717.3888213573535497529998080      
   40707704459.4925594362182093246937384      
   40700831295.5571589373508313118099437      
   40693662380.1861464508606128340961587      
   40686184134.2015288311732606660932523      
   40678382196.4651139165165397466559641      
   40670241353.5075782510593536272180099      
   40661745473.1812357341855271520950464      
   40652877438.0888362526512546535772134      
   40643619063.8370808592864505712159203      
   40633951022.5883613179390066579212519      
   40623852765.8740409647019353625961160      
   40613302440.1707306314369294441923998      
   40602276828.7402119179661985182833917      
   40590751278.3140653178475994579383213      
   40578699658.0294201144449183266594578      
   40566094329.7756128631522249874930976      
   40552906150.0568512625336578625215628      
   40539104497.8459957204317656515690142      
   40524657331.4180541314450420192015724      
   40509531281.8454072579652917145782735      
   40493691775.6920413285269014324278510      
   40477103187.7077069796719304775867517      
   40459729003.2400596959207459213295736      
   40441532004.2080996561635904197076938      
   40422474426.7009293021159745154503071      
   40402518276.9524061028225480397738415      
   40381625128.4818812814284771983689468      
   40359756776.2977983402498433785354052      
   40336874958.4351521266494871828709652      
   40312941609.7260924621684417157245703      
   40287918913.9939285160553103002128921      
   40261769343.2211592228678107629330284      
   40234455692.4808802063549900970816612      
   40205941084.2517150265311761519075241      
   40176188971.5570891525340754306660153      
   40145163122.4553275480532917711813272      
   40112827602.5344968412911255554961802      
   40079146748.9365439910657890762906883      
   40044085151.6440977691004856331120176      
   40007607620.0818644005967092632793252      
   39969679159.1135678082008342369475062      
   39930264954.4242348619356865055605934      
   39889330341.0487349430929175652098796      
   39846840785.0943301588206435601287173      
   39802761876.4619608671432103651435334      
   39757059314.8879011316510882519990550      
   39709698901.9837017030217061194234259      
   39660646530.7734486193348431389964797      
   39609868183.7401766381012077034049935      
   39557329942.1052598537229542756494374      
   39502997974.7007551175613530717134400      
   39446838554.0818325215710437177920509      
   39388818052.2560050841307031719837301      
   39328902953.5209209392143202336524176      
   39267059857.3463671576477369029107248      
   39203255486.5347581959182712865721708      
   39137456691.4879440852957558982069764      
   39069630455.4723873872568524910738746      
   38999743894.5958707357517312786137191      
   38927764258.9936567139318287095276913      
   38853658928.7400010301272188680525512      
   38777395405.1825663345474186593531695      
   38698941303.3078178374783765672824576      
   38618264412.0594217107443500033352262      
   38535332369.0217325861895830922504019      
   38450113116.8643221206302563879504584      
   38362574556.4218652407731288612566538      
   38272684604.9573077171626186135778628      
   38180411172.4436607340080429829711861      
   38085722135.5281818448954276873058543      
   37988585311.6578608984354605170013309      
   37888968434.2081225996614732801442905      
   37786839128.2587896402705628698989113      
   37682164887.6643186649305443532027724      
   37574913054.3511575188624997334368366      
   37465050798.1712470531669273843890886      
   37352545101.6126789162233585397735134      
   37237362743.4637569305535504447497170      
   37119470286.4708342643158352437364436      
   36998834065.8603892304972973566541822      
   36875420182.5709033503268734990598814      
   36749194493.4328198092766118613550428      
   36620122607.7517608141844927470578228      
   36488169882.0449790136118334640780577      
   36353301418.5428635476777524459653187      
   36215482062.2836672438155895941483839      
   36074676401.1086249936674576242866420      
   35930848766.1785271624024005845918269      
   35783963231.8750529625872164696185257      
   35633983617.2401244486999302545518935      
   35480873489.0301103009799004698142535      
   35324596161.8093278216279137024662389      
   35165114701.8371685724779646329026125      
   35002391929.2210162912870983820640453      
   34836390419.6708025431519597125617143      
   34667072508.8337532849796662289055343      
   34494400292.9962776961276442453484366      
   34318335634.3845941278985025653243575      
   34138840162.0154820692016406066426907      
   33955875273.9390047217012882096036091      
   33769402142.0544094647007870036245909      
   33579381711.8126623834239754696679433      
   33385774707.9334501563920888535908120      
   33188541737.4320769787690828890772037      
   32987642872.0274064283018394954233568      
   32783038290.4100342458104448691433341      
   32574687849.5145543978569684457439933      
   32362551193.4221705372049565683588354      
   32146587755.5483105810439173315318773      
   31926756760.9260261634356209799494718      
   31703017228.8185502779157774998555926      
   31475327972.5682988526716412307870930      
   31243647600.9387135179251841118118108      
   31007934522.5800184616227831772277592      
   30768146942.7093548708464457669286878      
   30524242867.9503018820248005338472228      
   30276180104.8490103331463671030269003      
   30023916263.1758838078292458267671682      
   29767408756.4563993958187872018306637      
   29506614799.6772129413335435745143318      
   29241491416.1619249615159388331798853      
   28971995432.0836977509812871367932696      
   28698083483.9470060275603346077402367      
   28419712012.4575314556100730212155800      
   28136837267.1658190367262636125011402      
   27849415307.4956567006747882955849922      
   27557401997.9407905124707567256822880      
   27260753019.6191501245439691832792051      
   26959423858.8322174565990295118183572      
   26653369809.5276184718502326269413639      
   26342545989.2705914073814461811107726      
   26026907310.7235601118643187818362223      
   25706408508.5659056443449390904041825      
   25381004131.6958299747102722221855352      
   25050648537.0410756652225801245349219      
   24715295891.6883511968309540310854675      
   24374900181.5972534422995100396763695      
   24029415203.1588985634277727836164007      
   23678794566.1295838651983643683897473      
   23322991696.3922151239550759291311481      
   22961959833.0229538600579071687097647      
