   4.51435266305709793489584583683196151E-0003
   2.60689826643446929561842329460674941E-0003
   4.08126849329599561713321795997346675E-0004
  -1.83243723591639506381400948646890414E-0003
  -3.85952074370529373997630238345906874E-0003
  -5.46434385281050865108079541073080244E-0003
  -6.48105140374016547237037800210442775E-0003
  -6.84535627132670424611368976462041278E-0003
  -6.55919722812838216115075092082883198E-0003
  -5.70900877434430154556625749663567160E-0003
  -4.42726476722580109156596888290675249E-0003
  -2.89320059823198169995412483990640414E-0003
  -1.28070032197631727258319443941136159E-0003
   2.31455668650925302891776766917957343E-0004
   1.52772567281912040376406765410202862E-0003
   2.51272617429592569763055680427312573E-0003
   3.14944542291356254440611447341525251E-0003
   3.43957305109153413753064644666732573E-0003
   3.42184425658826077683955765612542611E-0003
   3.16606811437051777904226021451758135E-0003
   2.73807394453649236289976365296300817E-0003
   2.21575065981627426877952730741409098E-0003
   1.66167998714626369717852566040964853E-0003
   1.12674806269934520573055486826959288E-0003
   6.54791933580051282795342639645961465E-0004
   2.61892364764173164688079471882816281E-0004
  -4.14668498560151126286123300990846111E-0005
  -2.45305800607157879868256119749111371E-0004
  -3.66251462975367372605841377752429036E-0004
  -4.09457531592771323616534715439660472E-0004
  -3.94688243040162955747215224623946934E-0004
  -3.23507099179888946495210653745800554E-0004
  -2.22686062690523945919061076736023208E-0004
  -1.03255321025504589046802697571233831E-0004
   3.19592273421292640168096202853391922E-0005
   1.72087641162329900835292049591637216E-0004
   2.98856136868331497318650053478355221E-0004
   4.14086982896164896684916790987694521E-0004
   5.09010005821643358640440601180676697E-0004
   5.88574828080215004015098200972885481E-0004
   6.43581862209053211176130154546674652E-0004
   6.80300262729750400661816554515398887E-0004
   7.02611155546500617167946738308180549E-0004
   7.03281760439103966500312099230188233E-0004
   6.94401977395538174788400363494178943E-0004
   6.70483605877905772806988697261504620E-0004
   6.39052961114419252364731752058286581E-0004
   6.29742892608022508610148624605367550E-0004
   5.46272237239226652029134323174888197E-0004
   5.01041795454322422448972598112350308E-0004
   4.37244140193844219765981458365069233E-0004
   4.19062052539634985383718721227710441E-0004
   2.87648419900789363030349665004728077E-0004
   3.98202339738093485764592448555650923E-0004
   3.72620319299992387356600012280741434E-0004
   4.15500896659130607192546393824862620E-0004
   3.44363507683323306142884935105222562E-0004
   3.35417763463482772326754212656007268E-0004
   1.95130452160760007023139153586809735E-0004
   1.71975584674322038349652732061517546E-0004
   1.43996994447363266582239119840930991E-0004
   7.70671662651053958849940214116219528E-0005
   3.21378974131367228779920313431581407E-0005
   7.02796031743845899840056964660388805E-0005
   2.30794665923214621651112370384240962E-0005
  -6.99092825287822065181553598091807153E-0005
  -1.31007842314743954256998411323487272E-0004
  -2.96884277964469776238029216063726004E-0004
  -6.03071280643176793915614860963825719E-0004
  -1.11336813146502342689449240620046861E-0003
  -1.81768470914768642017051402603109539E-0003
  -2.90959132262733498572553491333793489E-0003
  -4.89531336782339205956119388256345928E-0003
  -7.21358552667146513467724999746667825E-0003
  -1.08787386998682274315122369328233144E-0002
  -1.65105933931647958834072071276401819E-0002
  -2.46115993751013734714905005848368102E-0002
  -3.41314877174694993548914286883167733E-0002
  -3.95277188980683921695427011328433089E-0002
  -1.55897582161054569081035769327289448E-0002
  0.109578455565047686828357987059285559      
  0.436261878389057815401322084679411437      
  0.907526840931325705554383190301587155      
   1.24652714527826914571138325137921465      
   1.20827689187037816447652160552894848      
  0.742163585703894904235031399939477158      
  -7.11335022966766476808206040138009835E-0002
  -1.11177403599518556983711610820455925      
  -2.21843848017182255038203134634563090      
  -3.23220633181668286221036582344895261      
  -3.95498181320965977917457195952705560      
  -4.14249877124336122769819017795308262      
  -3.63065306207117925844799493756205723      
  -2.38156560173674520482513819272985388      
 -0.443521746758771979580760378948154113      
   1.94670985612104704067805735107665552      
   4.38142082477604518074916530327055334      
   6.44537191807557115652141084228823677      
   7.78105783042190232393626906738859309      
   8.08651630112130561314504402747061682      
   7.19791138397531711719963409510779382      
   5.21611217748490466753644920750724697      
   2.43694484059694078158707289787952926      
 -0.780714428626479366813889413399920858      
  -3.96903868117048269854465846427667469      
  -6.60916596744920137999939405058622702      
  -8.29592618981273284947784663089795204      
  -8.82619046260634354499084202195726584      
  -8.14751491482063476442726123804124360      
  -6.37434021990150080519973154990859958      
  -3.86695763254915144861507962819775075      
  -1.08545806727475676373910883753269419      
   1.52930698922788565820664315540643074      
   3.57583588998437893769694494541709446      
   4.78986960273903336203953377363537758      
   5.14447883058174917656037893009518780      
   4.77503238584191583156415680538497074      
   3.91854383963814470211454949232733192      
   2.80364670699383736146625365238553897      
   1.55610123582146537112529185450530131      
  0.287551267453658959721208034349789699      
 -0.761228998588229019607437556412847061      
  -1.35950599137170492585168606694894522      
  -1.49686549456227009396818976696635824      
  -1.32134618336222187021575981920016595      
  -1.00661025659676724920848185436137208      
 -0.682188837306393951237969690567780559      
 -0.416788862790976907141810496127946105      
 -0.229861786426473648926480484839202420      
 -0.110263714942644923348697805288216262      
  -4.04972712656698896083392408849277765E-0002
  -4.33209103039755358551888214212237705E-0003
   1.26325763068192439543032538667434282E-0002
   1.86632439064063545168207825162884289E-0002
   1.87190022532817623865469905607821720E-0002
   1.53237394261439177962305400591186455E-0002
   1.26878763012674873636538018385213785E-0002
   9.89622773465519012136200412173217992E-0003
   7.33216926509399209891941666267913602E-0003
   5.82277650731946280053002058346615538E-0003
   4.93997023542642747391723732915232897E-0003
   3.54809693855588145159534608043836908E-0003
   2.95541375446664815859651778920188826E-0003
   3.20236676068952044711199319727554096E-0003
   3.13858110459508252123196742296958285E-0003
   3.47709908032301813480939567332451338E-0003
   3.58620221797358150695549741706571752E-0003
   3.41747224355764127053219775483835871E-0003
   2.94210518381668507581833882079138239E-0003
   3.20720244285566754891235996780986066E-0003
   3.21878418082253877153010837383309880E-0003
   3.27635929282045247456660026853483763E-0003
   3.22306571471112208933664381988521715E-0003
   3.17736961731457051230681211696362514E-0003
   3.18815540702036181677812979082756181E-0003
   3.02701927461807936623621280537073010E-0003
   2.67205819386452860466961798216178510E-0003
   3.22397530973754399192203307085385375E-0003
   3.46662620034972313465203131356231429E-0003
   3.35027961444584798696230027843659494E-0003
   2.79577875348586909231437578197430248E-0003
   2.55239311505780710589487315419263297E-0003
   1.75371766437354543779335637496294463E-0003
   1.54677281786369677759029968436425534E-0003
   1.30968052123099848335362829273835371E-0003
   1.14077378131321583331334816077267854E-0003
   1.01604601090919263129883652473973675E-0003
   1.43828747762274249613961632610750979E-0003
   1.35817291767712782388281046035044429E-0003
   1.27098264624503736642646369411308940E-0003
   1.58500696659843615517814698984975753E-0003
   1.49804685054587286730380784772449877E-0003
   1.42408778027202595186288352732962391E-0003
   1.06974572588286639040940314038346172E-0003
   9.95565354528064225148919072327761833E-0004
   8.60940364333213387124468126180846135E-0004
   1.81191044362494730360673345793880906E-0004
   8.79102074195312849262423518840655463E-0005
   1.28658151094251956921898819221161273E-0005
  -3.09119649560070625765370482054726392E-0004
  -3.77625092432091595450359589617366522E-0004
  -3.66445441376647867109999989287782255E-0004
   3.98266052534238782669570161917948246E-0005
   5.35462709315893137191774640890262084E-0005
   6.44881780736782208499377094185920675E-0004
   6.51516372419406292636132764219675424E-0004
   6.63935070269749887931891901310297048E-0004
   5.51870837033820845444476949075139411E-0004
   5.33007444362873965809308129515698724E-0004
  -1.00373021747962354453948195884288212E-0004
  -1.51122048247651877328754141906985562E-0004
  -7.72362579021763133751415305057227429E-0004
  -6.87945715247991367557624084780971779E-0004
  -8.99785529464901676917148824885666333E-0005
   6.83137359768190781465965697223228304E-0004
   5.61545291276478551323034919447897284E-0004
   1.00957767450557132204570663740726446E-0004
  -2.57845228342869265641398401218682801E-0005
  -3.91730648900065019576714415554738088E-0004
  -3.81858358689616001739157635252623212E-0004
  -3.97673210039352389723892989034034310E-0004
  -2.49337221863658566498923557085475437E-0004
   1.15971994655324001871474010374861096E-0005
   1.88634795813411738650770888517884356E-0004
   2.16950333735054075380432138762937436E-0004
   4.28999874182114619119632947906083665E-0004
   4.15708751474946981789826538568743801E-0004
   3.59074343769722254265236934331379593E-0004
   1.13249634079914571508172856822201819E-0004
   1.01235836968267006976320560892734950E-0004
  -8.23111805179977768607786477101832533E-0005
  -3.48154485292177130074675633406108249E-0004
  -3.42269824506947635612270872900729117E-0004
  -3.95762887733799021754718748354059335E-0004
  -3.66901614046405092365425066175388801E-0004
  -2.58873843447267278726308073538632996E-0004
  -1.41017266276323144482092299593727379E-0004
   7.09075736246728797188815523231086672E-0005
   1.10241760805177905246955898703207312E-0004
   9.50530648343185302931265159459729925E-0005
   3.08856831318875802715609583862216767E-0004
   3.32273419504631199417615809920276939E-0004
   1.37538200214572544731070090905336537E-0004
   2.61207690091098264638301595488346428E-0005
   7.04673423793590464428687377246806081E-0005
  -2.93858784054586507375033292569630199E-0004
  -2.70128395200003547360708942621945845E-0004
  -2.67403851240151155222859534094261198E-0004
  -2.54569059045390729742759201861758694E-0006
   3.54076429813354450662892214166506719E-0005
   3.72108511136850561705802521483537049E-0004
   1.58408517376142574906826378163546635E-0004
   1.84005069609855037343105084681179531E-0004
  -4.56656635690474235868902775393747136E-0005
  -3.47766495501797991320801754133235875E-0005
  -2.01210190043585099460233143681275253E-0004
  -1.93729390799906116193236736429639037E-0004
  -1.65035351315051416768317511542783542E-0004
  -1.35785942169148928317956705007479216E-0004
  -3.03761665034223296039137461962585436E-0005
   1.39249927302324972399019461484568776E-0006
   1.54832555041760906949613489119217593E-0004
   1.10243830514985560709074622668559462E-0004
   9.67795801760159051112492909874995957E-0005
   7.87210532760910423637873864987323022E-0005
   8.10432633087816444051882864473219258E-0005
  -5.59362678275347314023119518737882178E-0005
  -5.13650197975928635991724336207274269E-0005
  -1.14218274559036832931577442374639358E-0004
  -1.31968224035896889754363032033426471E-0004
  -1.22404891964517237335968605133659345E-0004
   7.13693262347013942823774190337294676E-0006
   7.37015570289809682750313204046969430E-0005
  -1.54445045604439922998027576140581890E-0005
   7.49654566527770334195109577901769904E-0005
   1.98254839439886492605747258095139794E-0004
   1.57590242050517057995911704819662543E-0004
   1.62372309160908068055682241034995135E-0004
   4.01013769841810267801486959974211026E-0005
  -8.38125002930223022939635982499912033E-0005
  -2.24891854266864317844481927037423517E-0004
  -2.01133906752168319637545073605205667E-0004
  -1.50387511211827662957170122088988617E-0004
   2.34668363001758998163219068862274962E-0005
   1.02818951070055687825931793807356917E-0004
   7.18054398591987427946799879838267146E-0005
  -5.64892293033085641033099786791494856E-0005
  -5.63333881983407818215318800749065497E-0005
   2.91251436580828624281068514381416617E-0005
   5.65062366084087480696656223671799189E-0005
   4.42472914582100434910213902527434785E-0005
  -6.46167552794889814734088586775803114E-0005
  -7.26447485079220778698170459871535783E-0005
  -9.13358274600746162486510032459477400E-0005
   3.95391898391326762906952531313265349E-0005
   1.99913926841400221949303318319426568E-0004
   2.02149309612858045145901024608318454E-0004
   1.25727914582811331316825318151690479E-0004
   5.22257726187067478127405878812164913E-0005
   1.54751813603516717948789461190809089E-0005
