   47.311778527564542        64.307142972635845     
   47.308036759480636        64.305213960745846     
   47.303640799161947        64.302936416409779     
   47.298526847649207        64.300273488674748     
   47.292628658432307        64.297186930135538     
   47.285877149447039        64.293637168760341     
   47.278199920206980        64.289583362230402     
   47.269520728260858        64.284983449780341     
   47.259758867792669        64.279794145504383     
   47.248828511682539        64.273970890170688     
   47.236637994648191        64.267467730292935     
   47.223089052110808        64.260237115815045     
   47.208076043047562        64.252229621510295     
   47.191485164186830        64.243393586712756     
   47.173193686269428        64.233674685796942     
   47.153069226238969        64.223015435711986     
   47.130969094704994        64.211354666347560     
   47.106739717298311        64.198626950519369     
   47.080216192786565        64.184762047952418     
   47.051221966758433        64.169684348657071     
   47.019568653843713        64.153312354907314     
   46.985056043047301        64.135558218965201     
   46.947472251189815        64.116327346190161     
   46.906594071417082        64.095518089504850     
   46.862187480886448        64.073021532231181     
   46.814008319069281        64.048721378759410     
   46.761802946147249        64.022493885122600     
   46.705309805855407        63.994208194063532     
   46.644259591395148        63.963726189088653     
   46.578376855051836        63.930902967171725     
   46.507380944027332        63.895587108813402     
   46.430987002118314        63.857621029462400     
   46.348906817518959        63.816841311683021     
   46.260849483276104        63.773079000808778     
   46.166521782861722        63.726159812624026     
   46.065628224084200        63.675904208436243     
   45.957870700116210        63.622127301848415     
   45.842947689480127        63.564638557930685     
   45.720553339330365        63.503241414133662     
   45.590373998733718        63.437731690158671     
   45.452088715679338        63.367897766242550     
   45.305365079791613        63.293518573235460     
   45.149854240073729        63.214361071720162     
   44.985189458183356        63.130179326402818     
   44.810980372372768        63.040711468024000     
   44.626808143701460        62.945676954053127     
   44.432219692755005        62.844773298279165     
   44.226721192922994        62.737672324387120     
   44.009770665856728        62.624015861408914     
   43.780769551893556        62.503410823631867     
   43.539052935367501        62.375423486549728     
   43.283879153375786        62.239573365913955     
   43.014412390213558        62.095323289460886     
   42.729712184413437        61.942073025242216     
   42.428710195164825        61.779146115172921     
   42.110186814624441        61.605776505557749     
   41.772740852887338        61.421091428861629     
   41.414750600547215        61.224089611888097     
   41.034323414361964        61.013613294841157     
   40.629228158628834        60.788311054176610     
   40.196802838085759        60.546587319156487     
   39.733824430920990        60.286531652617569     
   39.236318854735110        60.005815995941781     
   38.699271261394422        59.701538528753630     
   38.116164076329262        59.369975293807371     
   37.478193675276160        59.006159550034852     
   36.772868071260305        58.603130223068433     
   35.981221899590757        58.150439723493484     
   35.072136456478994        57.631124592438439     
   33.994971453861261        57.017891591301080     
   32.823078458451818        56.351989221560466     
   31.747810756764732        55.736325269525175     
   30.631939969757415        55.094754266271515     
   29.461864523453325        54.420392031683122     
   28.256829864950188        53.724333836033829     
   27.046181317780981        53.023255706942763     
   25.860009173075397        52.334216001651065     
   24.722571222651979        51.670947406500460     
   23.649525461356419        51.042299119157647     
   22.648344306790488        50.452488077088994     
   21.720312584265898        49.902246358592578     
   20.862766502314539        49.390096831218493     
   20.070880781868350        48.913362763663230     
   19.338923702388307        48.468872664768334     
   18.661014245858780        48.053380879751444     
   18.031541067437626        47.663797382254096     
   17.445374278113587        47.297302740017862     
   16.897920551332348        46.951373909056954     
   16.385133881882265        46.623788814412734     
   15.903473579213230        46.312601089296855     
   15.449850606239139        46.016109559287756     
   15.021570574437254        45.732826605794557     
   14.616279613075255        45.461448662855759     
   14.231915848153573        45.200830168730917     
   13.866667417270515        44.949961293202115     
   13.518936648856016        44.707949107844506     
   13.187309978981890        44.474001840741956     
   12.870531403647247        44.247414677647029     
   12.567486136672647        44.027562479982500     
   12.277174652241275        43.813884044820526     
   11.998702936161621        43.605878239022836     
   11.731267953659076        43.403095811894190     
   11.474146352730465        43.205133172077574     
   11.226684763018170        43.011626999096777     
   10.988291404975069        42.822249518546371     
   10.758428792457869        42.636704353791892     
   10.536607421965359        42.454722900187008     
   10.322380254337620        42.276061135489797     
   10.115337919896259        42.100496831375025     
   9.9151045425356141        41.927827115458712     
   9.7213340885524264        41.757866335581824     
   9.5337071918319456        41.590444200258155     
   9.3519283579980641        41.425404142227478     
   9.1757235485848270        41.262601907583630     
   9.0048380321677524        41.101904302873052     
   8.8390345152383052        40.943188110080818     
   8.6780914885254230        40.786339130029653     
   8.5218017784014197        40.631251347858701     
   8.3699712488278522        40.477826189851640     
   8.2224176600059131        40.325971872884125     
   8.0789696989801083        40.175602882501636     
   7.9394659229824622        40.026639264674898     
   7.8037541604174789        39.879006456412903     
   7.6716906480904150        39.732634691406105     
   7.5431394239596541        39.587458691458160     
   7.4179717322032017        39.443417330548840     
   7.2960654570129542        39.300453322131588     
   7.1773047318652399        39.158513012904280     
   7.0615793998580729        39.017546065137942     
   6.9487846896123111        38.877505295240063     
   6.8388208274923503        38.738346449109471     
   6.7315927077065005        38.600028019765944     
   6.6270095799987905        38.462511073026540     
   6.5249848198261118        38.325759129130574     
   6.4254355987735821        38.189737957007090     
   6.3282827315966808        38.054415512857595     
   6.2334503998921669        37.919761761296492     
   6.1408659834760844        37.785748593596708     
   6.0504598768579898        37.652349714923972     
   5.9621652921838741        37.519540527570896     
   5.8759181554778461        37.387298081395166     
   5.7916568982629668        37.255600934621299     
   5.7093223760195526        37.124429118477934     
   5.6288577045455970        36.993764029902898     
   5.5502081523292492        36.863588363759952     
   5.4733210635790117        36.733886079505041     
   5.3981456970466821        36.604642278721315     
   5.3246331819917296        36.475843193422200     
   5.2527364050222518        36.347476106329445     
   5.1824099234139842        36.219529291678931     
   5.1136098980767617        36.091991974859774     
   5.0462940288888305        35.964854292299506     
   4.9804214502986612        35.838107206627754     
   4.9159527041943658        35.711742502364110     
   4.8528496620283637        35.585752723963488     
   4.7910754650022529        35.460131134354775     
   4.7305944720185149        35.334871675590833     
   4.6713722151515320        35.209968939584371     
   4.6133753380041425        35.085418116709761     
   4.5565715666565563        34.961214982735484     
   4.5009296556010669        34.837355847501698     
   4.4464193375265344        34.713837525338128     
   4.3930113048239603        34.590657312654031     
   4.3406771576453407        34.467812947718627     
   4.2893893746266807        34.345302590842842     
   4.2391212779753520        34.223124796544354     
   4.1898470048893346        34.101278488875565     
   4.1415414677764906        33.979762925463007     
   4.0941803407007002        33.858577693583186     
   4.0477400175576399        33.737722668703576     
   4.0021975928675717        33.617198001131001     
   3.9575308359136021        33.497004094579580     
   3.9137181662280129        33.377141584793698     
   3.8707386305311613        33.257611320115053     
   3.8285718753779823        33.138414326583927     
   3.7871981499825074        33.019551858780289     
   3.7465982508087801        32.901025280147394     
   3.7067535257395781        32.782836115022661     
   3.6676458486020875        32.664986013656637     
   3.6292576077325061        32.547476749910807     
   3.5915716782623566        32.430310186245627     
   3.5545714159813078        32.313488279666359     
   3.5182406366097112        32.197013059388439     
   3.4825636019428647        32.080886616968229     
   3.4475250057692342        31.965111095510935     
   3.4131099605151149        31.849688679675818     
   3.3793039822880711        31.734621583452558     
   3.3460929798362011        31.619912041311327     
   3.3134632417233747        31.505562300886769     
   3.2814014250559458        31.391574615498929     
   3.2498945419849106        31.277951231139209     
   3.2189299515403746        31.164694382259430     
   3.1884953472699333        31.051806285889541     
   3.1585787468462332        30.939289131702623     
   3.1291684836401061        30.827145080322040     
   3.1002531966300926        30.715376255944204     
   3.0718218222959099        30.603984743406439     
   3.0438635820315385        30.492972576475069     
   3.0163679784699622        30.382341742202925     
   2.9893247824211078        30.272094165794680     
   2.9627240302891975        30.162231722419737     
   2.9365560120719238        30.052756222124117     
   2.9108112660926966        29.943669409045484     
   2.8854805712513074        29.834972963384040     
   2.8605549398915797        29.726668494360389     
   2.8360256114420457        29.618757538833325     
   2.8118840432297816        29.511241557166898     
   2.7881219106972912        29.404121940683552     
   2.7647310956789108        29.297400003754486     
   2.7417036820712495        29.191076982032374     
   2.7190319502895917        29.085154033206162     
   2.6967083717926319        28.979632236526665     
   2.6747256037038123        28.874512592179865     
   2.6530764836742189        28.769796021126854     
   2.6317540248342275        28.665483364895461     
   2.6107514044904612        28.561575356296345     
   2.5900619839874106        28.458072731950885     
   2.5696792694435571        28.354976072321683     
   2.5495969287606197        28.252285902526104     
   2.5298087855714400        28.150002682227775     
   2.5103088036233920        28.048126760228641     
   2.4910910990974129        27.946658440319563     
   2.4721499328443786        27.845597968562053     
   2.4534796884445034        27.744945458166281     
   2.4350748945221641        27.644700997998971     
   2.4169302059643880        27.544864591028119     
   2.3990404037549720        27.445436169048079     
   2.3814003919045437        27.346415595070141     
   2.3640051941110705        27.247802664311642     
   2.3468499506767819        27.149597105845078     
   2.3299299154584485        27.051798583954668     
   2.3132404595765585        26.954406737347007     
   2.2967770392432398        26.857421019760501     
   2.2805352427320655        26.760840966879268     
   2.2645107484135241        26.664665995740854     
   2.2486993307931051        26.568895450242234     
   2.2330968680262164        26.473528649588207     
   2.2176993302990309        26.378564846604903     
   2.2025027793904477        26.284003240066912     
   2.1875033669605006        26.189842978558790     
   2.1726973322339549        26.096083161873221     
   2.1580809997832113        26.002722842675325     
   2.1436507771871649        25.909761027170465     
   2.1294031531610775        25.817196677801093     
   2.1153346912660793        25.725028694283264     
   2.1014420471192361        25.633256007380801     
   2.0877219294220737        25.541877402177622     
   2.0741711350920764        25.450891698771841     
   2.0607865288016365        25.360297661822404     
   2.0475650442761304        25.270094017648724     
   2.0345036834253403        25.180279460552949     
   2.0215995149616712        25.090852655840756     
   2.0088496715242248        25.001812233868460     
   1.9962513493426035        24.913156797933656     
   1.9838018056650628        24.824884921471273     
   1.9714983580654222        24.736995152473156     
   1.9593383827157604        24.649486013681475     
   1.9473193136318896        24.562356008362102     
   1.9354386393724001        24.475603608722238     
   1.9236939033129528        24.389227268303262     
   1.9120827027757004        24.303225424329543     
   1.9006026863842316        24.217596491932106     
   1.8892515532958578        24.132338868097314     
   1.8780270527909164        24.047450936516022     
   1.8669269822310945        23.962931064310961     
   1.8559491860096184        23.878777603614296     
   1.8450915546905950        23.794988894366547     
   1.8343520239350828        23.711563264617954     
   1.8237285729949713        23.628499029000299     
   1.8132192239401173        23.545794491376917     
   1.8028220409083193        23.463447947660672     
   1.7925351291696197        23.381457686799088     
   1.7823566338504808        23.299821989510367     
   1.7722847389719145        23.218539128515754     
   1.7623176672073033        23.137607375582473     
   1.7524536779367066        23.057024992007140     
   1.7426910674318858        22.976790239255575     
   1.7330281671113914        22.896901372747752     
   1.7234633432937718        22.817356645607042     
   1.7139949964615226        22.738154310521701     
