 1145.62  805.82  941.73  497.57  516.84  138.87  498.44  768.85
 1145.62  805.82  941.73  497.57  516.84  138.87  498.44  768.85
 1145.62  805.82  941.73  497.57  516.84  138.87  498.44  768.85
 1145.62  805.82  941.73  497.57  516.84  138.87  498.44  768.85
 1145.62  805.82  941.73  497.57  516.84  138.87  498.44  768.85
 1145.62  805.82  941.73  497.57  516.84  138.87  498.44  768.85
 1145.62  805.82  941.73  497.57  516.84  138.87  498.44  768.85
 1145.62  805.82  941.73  497.57  516.84  138.87  498.44  768.85
 1145.62  805.82  941.73  497.57  516.84  138.87  498.44  768.85
 1145.62  805.82  941.73  497.57  516.84  138.87  498.44  768.85
 1145.62  805.82  941.73  497.57  516.84  138.87  498.44  768.85
 1145.62  805.82  941.73  497.57  516.84  138.87  498.44  768.85
 1145.62  805.82  941.73  497.57  516.84  138.87  498.44  768.85
 1145.62  805.82  941.73  497.56  516.84  138.87  498.44  768.85
 1145.62  805.82  941.73  497.54  516.84  138.87  498.44  768.85
 1145.62  805.82  941.73  497.51  516.84  138.87  498.45  768.85
 1145.62  805.82  941.72  497.47  516.84  138.87  498.45  768.85
 1145.62  805.81  941.72  497.41  516.84  138.87  498.45  768.85
 1145.62  805.81  941.71  497.32  516.84  138.87  498.45  768.85
 1145.61  805.80  941.70  497.21  516.84  138.87  498.45  768.85
 1145.61  805.79  941.69  497.07  516.84  138.87  498.45  768.85
 1145.61  805.78  941.68  496.88  516.84  138.87  498.45  768.84
 1145.61  805.77  941.66  496.65  516.85  138.88  498.45  768.84
 1145.62  805.75  941.63  496.38  516.85  138.88  498.46  768.83
 1145.62  805.72  941.60  496.06  516.86  138.88  498.46  768.83
 1145.63  805.69  941.57  495.70  516.86  138.89  498.47  768.82
 1145.64  805.66  941.52  495.27  516.87  138.89  498.47  768.81
 1145.65  805.61  941.47  494.80  516.88  138.90  498.48  768.80
 1145.66  805.57  941.41  494.27  516.89  138.90  498.49  768.78
 1145.69  805.51  941.35  493.68  516.90  138.91  498.50  768.77
 1145.71  805.45  941.27  493.04  516.91  138.92  498.51  768.75
 1145.74  805.37  941.18  492.35  516.93  138.93  498.53  768.73
 1145.78  805.29  941.09  491.61  516.95  138.94  498.54  768.71
 1145.82  805.21  940.98  490.81  516.96  138.95  498.56  768.68
 1145.87  805.11  940.86  489.97  516.99  138.97  498.58  768.65
 1145.93  805.00  940.74  489.08  517.01  138.98  498.60  768.62
 1146.00  804.88  940.60  488.14  517.03  139.00  498.62  768.59
 1146.08  804.76  940.45  487.16  517.06  139.01  498.65  768.55
 1146.17  804.62  940.29  486.14  517.09  139.03  498.68  768.51
 1146.26  804.48  940.11  485.09  517.12  139.05  498.71  768.47
 1146.37  804.32  939.93  483.99  517.16  139.08  498.74  768.43
 1146.49  804.16  939.74  482.86  517.19  139.10  498.77  768.38
 1146.61  803.98  939.53  481.71  517.23  139.13  498.81  768.33
 1146.75  803.80  939.31  480.52  517.27  139.15  498.85  768.27
 1146.90  803.61  939.09  479.31  517.32  139.18  498.89  768.21
 1147.06  803.40  938.85  478.07  517.36  139.21  498.94  768.15
 1147.23  803.19  938.60  476.81  517.41  139.24  498.98  768.09
 1147.41  802.97  938.34  475.52  517.46  139.27  499.03  768.02
 1147.60  802.74  938.07  474.22  517.51  139.31  499.08  767.96
 1147.79  802.50  937.80  472.91  517.56  139.34  499.14  767.88
 1148.00  802.26  937.51  471.57  517.62  139.38  499.19  767.81
 1148.21  802.00  937.21  470.23  517.68  139.42  499.25  767.73
 1148.42  801.74  936.90  468.87  517.74  139.46  499.31  767.65
 1148.65  801.47  936.58  467.49  517.80  139.50  499.37  767.57
 1148.87  801.19  936.25  466.11  517.86  139.54  499.43  767.49
 1149.10  800.90  935.91  464.72  517.93  139.58  499.50  767.40
 1149.33  800.60  935.57  463.33  518.00  139.63  499.56  767.31
 1149.56  800.30  935.21  461.92  518.06  139.67  499.63  767.22
 1149.79  799.99  934.84  460.51  518.13  139.72  499.70  767.13
 1150.02  799.68  934.47  459.10  518.21  139.76  499.76  767.03
 1150.24  799.35  934.08  457.68  518.28  139.81  499.84  766.94
 1150.46  799.02  933.68  456.26  518.35  139.86  499.91  766.84
 1150.67  798.68  933.28  454.83  518.43  139.91  499.98  766.73
 1150.88  798.34  932.86  453.40  518.51  139.96  500.05  766.63
 1151.07  797.98  932.44  451.97  518.59  140.02  500.13  766.53
 1151.26  797.62  932.00  450.54  518.67  140.07  500.20  766.42
 1151.43  797.25  931.56  449.11  518.75  140.12  500.28  766.31
 1151.59  796.88  931.10  447.68  518.84  140.18  500.36  766.20
 1151.74  796.50  930.64  446.24  518.92  140.24  500.44  766.08
 1151.87  796.11  930.16  444.81  519.01  140.29  500.52  765.97
 1151.98  795.71  929.67  443.38  519.10  140.35  500.60  765.85
 1152.08  795.30  929.17  441.95  519.19  140.41  500.68  765.73
 1152.16  794.89  928.66  440.51  519.28  140.47  500.76  765.60
 1152.21  794.47  928.13  439.08  519.38  140.54  500.84  765.48
 1152.24  794.04  927.60  437.65  519.47  140.60  500.93  765.35
 1152.25  793.60  927.05  436.22  519.57  140.67  501.02  765.22
 1152.24  793.15  926.49  434.80  519.67  140.73  501.10  765.09
 1152.20  792.69  925.92  433.37  519.78  140.80  501.19  764.95
 1152.13  792.22  925.33  431.94  519.88  140.87  501.28  764.81
 1152.03  791.75  924.73  430.52  519.99  140.94  501.38  764.67
 1151.91  791.26  924.11  429.09  520.10  141.01  501.47  764.53
 1151.75  790.76  923.48  427.67  520.21  141.09  501.57  764.38
 1151.57  790.25  922.83  426.24  520.32  141.16  501.66  764.23
 1151.35  789.73  922.17  424.82  520.44  141.24  501.76  764.07
 1151.09  789.20  921.50  423.39  520.56  141.32  501.87  763.91
 1150.80  788.65  920.80  421.97  520.69  141.40  501.97  763.75
 1150.48  788.09  920.09  420.54  520.81  141.49  502.08  763.58
 1150.12  787.52  919.36  419.11  520.95  141.58  502.19  763.40
 1149.72  786.94  918.61  417.69  521.08  141.67  502.31  763.23
 1149.28  786.33  917.84  416.25  521.22  141.76  502.43  763.04
 1148.80  785.72  917.05  414.82  521.37  141.86  502.55  762.85
 1148.27  785.09  916.24  413.38  521.51  141.96  502.68  762.66
 1147.71  784.44  915.41  411.94  521.67  142.06  502.82  762.46
 1147.09  783.77  914.56  410.50  521.83  142.17  502.95  762.25
 1146.43  783.09  913.68  409.05  521.99  142.28  503.10  762.03
 1145.73  782.38  912.78  407.60  522.16  142.40  503.25  761.81
 1144.97  781.66  911.85  406.14  522.34  142.52  503.40  761.58
 1144.16  780.91  910.90  404.67  522.52  142.64  503.57  761.34
 1143.30  780.14  909.92  403.19  522.71  142.77  503.74  761.09
 1142.39  779.35  908.91  401.71  522.91  142.91  503.92  760.83
 1141.41  778.54  907.87  400.21  523.12  143.05  504.10  760.57
 1140.38  777.70  906.79  398.71  523.33  143.20  504.30  760.29
 1139.29  776.83  905.69  397.19  523.56  143.36  504.51  760.00
 1138.14  775.94  904.55  395.66  523.79  143.52  504.73  759.70
 1136.92  775.01  903.38  394.12  524.03  143.69  504.95  759.39
 1135.64  774.06  902.17  392.56  524.29  143.86  505.19  759.06
 1134.28  773.07  900.92  390.98  524.55  144.05  505.45  758.72
 1132.86  772.06  899.63  389.39  524.83  144.25  505.71  758.37
 1131.37  771.00  898.30  387.78  525.12  144.45  505.99  758.00
 1129.80  769.92  896.93  386.16  525.42  144.67  506.29  757.61
 1128.15  768.80  895.52  384.51  525.74  144.89  506.60  757.21
 1126.43  767.64  894.06  382.84  526.07  145.13  506.93  756.79
 1124.63  766.45  892.55  381.15  526.42  145.38  507.27  756.36
 1122.75  765.21  891.01  379.44  526.78  145.64  507.64  755.90
 1120.80  763.95  889.41  377.71  527.16  145.91  508.02  755.43
 1118.76  762.64  887.77  375.96  527.56  146.20  508.42  754.94
 1116.65  761.29  886.09  374.18  527.97  146.50  508.84  754.42
 1114.45  759.91  884.35  372.39  528.40  146.82  509.29  753.89
 1112.18  758.49  882.58  370.57  528.85  147.15  509.75  753.34
 1109.84  757.03  880.75  368.73  529.31  147.49  510.24  752.76
 1107.42  755.54  878.89  366.87  529.80  147.86  510.75  752.17
 1104.92  754.01  876.98  364.99  530.30  148.23  511.28  751.56
 1102.36  752.45  875.03  363.09  530.83  148.63  511.84  750.92
 1099.73  750.86  873.04  361.17  531.37  149.04  512.42  750.27
 1097.03  749.23  871.00  359.24  531.93  149.47  513.02  749.59
 1094.28  747.58  868.93  357.29  532.51  149.92  513.65  748.89
 1091.46  745.89  866.83  355.32  533.11  150.38  514.31  748.17
 1088.58  744.17  864.68  353.33  533.73  150.87  514.99  747.43
 1085.65  742.43  862.50  351.33  534.38  151.37  515.69  746.67
 1082.67  740.66  860.29  349.32  535.04  151.90  516.43  745.89
 1079.64  738.86  858.04  347.29  535.73  152.44  517.19  745.09
 1076.56  737.04  855.76  345.25  536.43  153.01  517.98  744.27
 1073.44  735.20  853.44  343.19  537.16  153.60  518.80  743.43
 1070.28  733.33  851.10  341.12  537.91  154.22  519.64  742.56
 1067.08  731.44  848.72  339.04  538.69  154.86  520.52  741.68
 1063.85  729.52  846.31  336.94  539.49  155.52  521.43  740.77
 1060.59  727.59  843.87  334.84  540.31  156.21  522.37  739.84
 1057.30  725.63  841.40  332.72  541.16  156.93  523.35  738.89
 1053.99  723.66  838.90  330.58  542.03  157.68  524.36  737.92
 1050.66  721.66  836.37  328.44  542.93  158.46  525.40  736.93
 1047.32  719.65  833.81  326.28  543.86  159.27  526.48  735.92
 1043.97  717.61  831.22  324.11  544.81  160.12  527.60  734.88
 1040.61  715.57  828.60  321.93  545.80  161.00  528.75  733.82
 1037.26  713.50  825.95  319.74  546.81  161.92  529.95  732.74
 1033.91  711.42  823.28  317.54  547.85  162.88  531.18  731.64
 1030.57  709.33  820.57  315.33  548.92  163.87  532.46  730.52
 1027.26  707.23  817.84  313.12  550.03  164.92  533.78  729.37
 1023.96  705.11  815.08  310.90  551.16  166.00  535.14  728.21
 1020.70  702.99  812.30  308.67  552.33  167.14  536.55  727.02
 1017.48  700.86  809.49  306.45  553.54  168.32  538.00  725.82
 1014.30  698.72  806.65  304.22  554.78  169.56  539.50  724.59
 1011.18  696.58  803.79  302.00  556.05  170.86  541.05  723.35
 1008.11  694.44  800.91  299.79  557.36  172.21  542.65  722.08
 1005.11  692.31  798.01  297.59  558.71  173.63  544.30  720.80
 1002.17  690.18  795.09  295.41  560.09  175.11  546.00  719.51
  999.32  688.06  792.15  293.26  561.51  176.65  547.75  718.20
  996.54  685.95  789.19  291.13  562.97  178.27  549.56  716.88
  993.85  683.87  786.23  289.05  564.47  179.97  551.41  715.55
  991.25  681.80  783.26  287.01  566.00  181.74  553.32  714.21
  988.74  679.77  780.28  285.03  567.58  183.59  555.27  712.86
  986.32  677.76  777.30  283.11  569.19  185.53  557.28  711.52
  983.98  675.80  774.33  281.27  570.84  187.55  559.34  710.17
  981.74  673.88  771.36  279.53  572.52  189.67  561.44  708.83
  979.58  672.01  768.41  277.88  574.24  191.88  563.60  707.49
  977.50  670.19  765.47  276.36  576.00  194.19  565.79  706.17
  975.50  668.44  762.56  274.96  577.79  196.60  568.03  704.86
  973.57  666.76  759.69  273.71  579.61  199.11  570.31  703.57
  971.70  665.15  756.85  272.61  581.46  201.72  572.62  702.30
  969.90  663.62  754.05  271.69  583.34  204.44  574.97  701.06
  968.14  662.18  751.31  270.94  585.24  207.27  577.35  699.86
  966.43  660.83  748.62  270.39  587.17  210.20  579.76  698.69
  964.75  659.58  746.00  270.05  589.12  213.24  582.18  697.57
  963.12  658.43  743.46  269.92  591.08  216.38  584.62  696.49
  961.51  657.38  740.98  270.01  593.07  219.63  587.08  695.46
  959.92  656.44  738.59  270.32  595.06  222.98  589.55  694.48
  958.36  655.61  736.29  270.86  597.07  226.44  592.01  693.57
  956.81  654.88  734.08  271.62  599.09  229.99  594.48  692.71
  955.28  654.27  731.97  272.62  601.11  233.63  596.95  691.92
  953.77  653.78  729.96  273.84  603.14  237.37  599.40  691.19
  952.26  653.39  728.04  275.28  605.17  241.19  601.85  690.54
  950.78  653.11  726.23  276.93  607.20  245.09  604.27  689.95
  949.30  652.94  724.53  278.79  609.23  249.06  606.68  689.43
  947.85  652.87  722.93  280.84  611.26  253.11  609.07  688.98
  946.40  652.91  721.43  283.09  613.28  257.22  611.43  688.60
  944.98  653.05  720.04  285.51  615.30  261.40  613.77  688.28
  943.56  653.28  718.75  288.11  617.31  265.62  616.08  688.04
  942.17  653.61  717.56  290.86  619.31  269.90  618.36  687.87
  940.80  654.02  716.47  293.75  621.31  274.22  620.60  687.76
  939.45  654.52  715.48  296.79  623.30  278.57  622.82  687.71
  938.12  655.10  714.57  299.95  625.28  282.97  625.01  687.73
  936.81  655.75  713.76  303.22  627.26  287.39  627.17  687.81
  935.52  656.48  713.04  306.60  629.23  291.83  629.29  687.94
  934.26  657.28  712.39  310.08  631.19  296.30  631.38  688.14
  933.02  658.14  711.83  313.64  633.14  300.78  633.45  688.38
  931.80  659.06  711.35  317.28  635.09  305.27  635.48  688.68
  930.61  660.04  710.94  321.00  637.03  309.77  637.49  689.03
  929.45  661.08  710.61  324.77  638.96  314.28  639.46  689.43
  928.31  662.16  710.34  328.60  640.89  318.79  641.41  689.87
  927.19  663.30  710.14  332.48  642.80  323.30  643.34  690.36
  926.10  664.47  710.00  336.40  644.72  327.81  645.23  690.88
  925.04  665.69  709.92  340.36  646.62  332.31  647.11  691.45
  923.99  666.95  709.90  344.35  648.52  336.80  648.96  692.06
  922.98  668.25  709.94  348.36  650.42  341.29  650.79  692.71
  921.99  669.58  710.02  352.40  652.30  345.76  652.59  693.39
  921.02  670.94  710.16  356.45  654.18  350.22  654.38  694.10
  920.08  672.33  710.35  360.52  656.06  354.66  656.15  694.85
  919.16  673.75  710.58  364.60  657.93  359.09  657.90  695.63
  918.26  675.19  710.85  368.68  659.79  363.50  659.64  696.43
  917.39  676.66  711.17  372.77  661.65  367.89  661.36  697.27
  916.54  678.15  711.53  376.86  663.50  372.26  663.06  698.14
  915.71  679.66  711.93  380.95  665.34  376.62  664.75  699.03
  914.91  681.19  712.36  385.03  667.18  380.95  666.43  699.95
  914.13  682.74  712.83  389.11  669.01  385.26  668.09  700.89
  913.37  684.30  713.34  393.18  670.84  389.54  669.74  701.86
  912.63  685.88  713.87  397.24  672.65  393.80  671.38  702.85
  911.91  687.47  714.44  401.29  674.46  398.04  673.02  703.87
  911.22  689.07  715.04  405.33  676.27  402.26  674.64  704.90
  910.55  690.69  715.67  409.36  678.07  406.45  676.25  705.96
  909.90  692.31  716.33  413.37  679.86  410.61  677.86  707.04
  909.27  693.95  717.01  417.37  681.64  414.75  679.46  708.14
  908.66  695.59  717.72  421.34  683.41  418.87  681.05  709.26
  908.07  697.25  718.45  425.31  685.18  422.95  682.64  710.40
  907.50  698.91  719.21  429.25  686.94  427.02  684.22  711.56
  906.96  700.57  720.00  433.18  688.69  431.06  685.79  712.74
  906.43  702.24  720.80  437.08  690.44  435.07  687.36  713.94
  905.92  703.92  721.63  440.97  692.17  439.05  688.93  715.15
  905.44  705.60  722.48  444.84  693.90  443.01  690.49  716.38
  904.97  707.29  723.35  448.69  695.62  446.95  692.05  717.63
  904.53  708.98  724.24  452.51  697.33  450.86  693.61  718.90
  904.10  710.67  725.14  456.32  699.03  454.74  695.16  720.18
  903.70  712.36  726.07  460.10  700.72  458.60  696.71  721.48
  903.32  714.06  727.02  463.86  702.41  462.43  698.26  722.79
  902.95  715.76  727.98  467.60  704.09  466.23  699.81  724.12
  902.61  717.46  728.96  471.32  705.76  470.01  701.35  725.46
  902.28  719.16  729.95  475.02  707.42  473.77  702.90  726.82
  901.98  720.86  730.97  478.70  709.07  477.50  704.44  728.19
  901.69  722.57  731.99  482.35  710.72  481.21  705.98  729.57
  901.43  724.27  733.04  485.98  712.36  484.89  707.52  730.97
  901.19  725.97  734.09  489.59  713.99  488.54  709.06  732.38
  900.96  727.67  735.17  493.18  715.61  492.18  710.61  733.81
  900.75  729.38  736.25  496.75  717.23  495.79  712.15  735.24
  900.57  731.08  737.35  500.29  718.84  499.37  713.69  736.68
  900.40  732.78  738.46  503.82  720.44  502.93  715.23  738.14
  900.26  734.47  739.59  507.32  722.04  506.47  716.77  739.61
  900.13  736.17  740.73  510.80  723.64  509.98  718.32  741.08
  900.02  737.87  741.88  514.26  725.22  513.47  719.86  742.57
  899.94  739.56  743.04  517.70  726.81  516.94  721.40  744.06
  899.87  741.25  744.22  521.11  728.38  520.39  722.95  745.56
  899.82  742.95  745.40  524.51  729.96  523.81  724.49  747.07
  899.79  744.63  746.60  527.88  731.53  527.21  726.04  748.58
  899.78  746.32  747.80  531.24  733.09  530.59  727.59  750.11
  899.79  748.01  749.02  534.57  734.65  533.95  729.14  751.64
  899.82  749.69  750.25  537.89  736.21  537.29  730.69  753.17
  899.87  751.37  751.49  541.18  737.77  540.60  732.24  754.71
  899.93  753.04  752.74  544.45  739.32  543.90  733.80  756.25
  900.02  754.72  753.99  547.71  740.88  547.17  735.35  757.80
  900.12  756.39  755.26  550.94  742.43  550.43  736.91  759.35
  900.25  758.06  756.54  554.16  743.97  553.66  738.47  760.91
  900.39  759.73  757.82  557.35  745.52  556.87  740.03  762.47
  900.55  761.39  759.11  560.53  747.07  560.06  741.59  764.03
  900.73  763.06  760.41  563.69  748.61  563.24  743.15  765.59
  900.93  764.71  761.72  566.83  750.16  566.39  744.72  767.16
  901.15  766.37  763.04  569.95  751.70  569.53  746.29  768.73
  901.38  768.03  764.37  573.05  753.25  572.64  747.85  770.30
  901.63  769.68  765.70  576.14  754.79  575.74  749.42  771.87
  901.91  771.32  767.04  579.20  756.34  578.82  751.00  773.44
  902.20  772.97  768.39  582.25  757.88  581.88  752.57  775.02
  902.50  774.61  769.74  585.28  759.43  584.93  754.14  776.59
  902.83  776.25  771.10  588.30  760.97  587.95  755.72  778.17
  903.17  777.89  772.47  591.30  762.52  590.96  757.30  779.74
  903.53  779.52  773.85  594.28  764.07  593.95  758.88  781.32
  903.91  781.16  775.23  597.24  765.62  596.93  760.46  782.89
  904.31  782.78  776.62  600.19  767.17  599.88  762.05  784.47
  904.72  784.41  778.01  603.12  768.72  602.82  763.63  786.04
  905.15  786.03  779.41  606.03  770.27  605.75  765.22  787.62
  905.60  787.65  780.82  608.93  771.82  608.66  766.81  789.19
  906.06  789.27  782.23  611.82  773.37  611.55  768.40  790.77
  906.54  790.89  783.65  614.69  774.93  614.42  769.99  792.34
  907.04  792.50  785.07  617.54  776.49  617.28  771.58  793.91
  907.55  794.11  786.50  620.38  778.04  620.13  773.18  795.49
