   38.320508075688771     
   39.320508075688771     
   40.320508075688771     
   41.320508075688771     
   42.320508075688771     
   43.320508075688771     
   44.320508075688771     
   45.320508075688771     
   46.320508075688771     
   47.320508075688771     
   48.320508075688771     
   49.320508075688771     
   50.320508075688771     
   51.320508075688771     
   52.320508075688771     
   53.320508075688771     
   54.320508075688771     
   55.320508075688771     
   56.320508075688771     
   57.320508075688771     
   58.320508075688771     
   59.320508075688771     
   60.320508075688771     
   61.320508075688771     
   62.320508075688771     
   63.320508075688771     
   64.320508075688778     
   65.320508075688778     
   66.320508075688778     
   67.320508075688778     
   68.320508075688778     
   69.320508075688778     
   70.320508075688778     
   71.320508075688778     
   72.320508075688778     
   73.320508075688778     
   74.320508075688778     
   75.320508075688778     
   76.320508075688778     
   77.320508075688778     
   78.320508075688778     
   79.320508075688778     
   80.320508075688778     
   81.320508075688778     
   82.320508075688778     
   83.320508075688778     
   84.320508075688778     
   85.320508075688778     
   86.320508075688778     
   87.320508075688778     
   88.320508075688778     
   89.320508075688778     
   90.320508075688778     
   91.320508075688778     
   92.320508075688778     
   93.320508075688778     
   94.320508075688778     
   95.320508075688778     
   96.320508075688778     
   97.320508075688778     
   98.320508075688778     
   99.320508075688778     
   100.32050807568878     
   101.32050807568878     
   102.32050807568878     
   103.32050807568878     
   104.32050807568878     
   105.32050807568878     
   106.32050807568878     
   107.32050807568878     
   108.32050807568878     
   109.32050807568878     
   110.32050807568878     
   111.32050807568878     
   112.32050807568878     
   113.32050807568878     
   114.32050807568878     
   115.32050807568878     
   116.32050807568878     
   117.32050807568878     
   118.32050807568878     
   119.32050807568878     
   120.32050807568878     
   121.32050807568878     
   122.32050807568878     
   123.32050807568878     
   124.32050807568878     
   125.32050807568878     
   126.32050807568878     
   127.32050807568878     
   128.32050807568876     
   129.32050807568876     
   130.32050807568876     
   131.32050807568876     
   132.32050807568876     
   133.32050807568876     
   134.32050807568876     
   135.32050807568876     
   136.32050807568876     
   137.32050807568876     
   138.32050807568876     
   139.32050807568876     
   140.32050807568876     
   141.32050807568876     
   142.32050807568876     
   143.32050807568876     
   144.32050807568876     
   145.32050807568876     
   146.32050807568876     
   147.32050807568876     
   148.32050807568876     
   149.32050807568876     
   150.32050807568876     
   151.32050807568876     
   152.32050807568876     
   153.32050807568876     
   154.32050807568876     
   155.32050807568876     
   156.32050807568876     
   157.32050807568876     
   158.32050807568876     
   159.32050807568876     
   160.32050807568876     
   161.32050807568876     
   162.32050807568876     
   163.32050807568876     
   164.32050807568876     
   165.32050807568876     
   166.32050807568876     
   167.32050807568876     
   168.32050807568876     
   169.32050807568876     
   170.32050807568876     
   171.32050807568876     
   172.32050807568876     
   173.32050807568876     
   174.32050807568876     
   175.32050807568876     
   176.32050807568876     
   177.32050807568876     
   178.32050807568876     
   179.32050807568876     
   180.32050807568876     
   181.32050807568876     
   182.32050807568876     
   183.32050807568876     
   184.32050807568876     
   185.32050807568876     
   186.32050807568876     
   187.32050807568876     
   188.32050807568876     
   189.32050807568876     
   190.32050807568876     
   191.32050807568876     
   192.32050807568876     
   193.32050807568876     
   194.32050807568876     
   195.32050807568876     
   196.32050807568876     
   197.32050807568876     
   198.32050807568876     
   199.32050807568876     
   200.32050807568876     
   201.32050807568876     
   202.32050807568876     
   203.32050807568876     
   204.32050807568876     
   205.32050807568876     
   206.32050807568876     
   207.32050807568876     
   208.32050807568876     
   209.32050807568876     
   210.32050807568876     
   211.32050807568876     
   212.32050807568876     
   213.32050807568876     
   214.32050807568876     
   215.32050807568876     
   216.32050807568876     
   217.32050807568876     
   218.32050807568876     
   219.32050807568876     
   220.32050807568876     
   221.32050807568876     
   222.32050807568876     
   223.32050807568876     
   224.32050807568876     
   225.32050807568876     
   226.32050807568876     
   227.32050807568876     
   228.32050807568876     
   229.32050807568876     
   230.32050807568876     
   231.32050807568876     
   232.32050807568876     
   233.32050807568876     
   234.32050807568876     
   235.32050807568876     
   236.32050807568876     
   237.32050807568876     
   238.32050807568876     
   239.32050807568876     
   240.32050807568876     
   241.32050807568876     
   242.32050807568876     
   243.32050807568876     
   244.32050807568876     
   245.32050807568876     
   246.32050807568876     
   247.32050807568876     
   248.32050807568876     
   249.32050807568876     
   250.32050807568876     
   251.32050807568876     
   252.32050807568876     
   253.32050807568876     
   254.32050807568876     
   255.32050807568876     
   256.32050807568879     
   257.32050807568879     
   258.32050807568879     
   259.32050807568879     
   260.32050807568879     
   261.32050807568879     
   262.32050807568879     
   263.32050807568879     
   264.32050807568879     
   265.32050807568879     
   266.32050807568879     
   267.32050807568879     
   268.32050807568879     
   269.32050807568879     
   270.32050807568879     
   271.32050807568879     
   272.32050807568879     
   273.32050807568879     
   274.32050807568879     
   275.32050807568879     
   276.32050807568879     
   277.32050807568879     
   278.32050807568879     
   279.32050807568879     
   280.32050807568879     
   281.32050807568879     
   282.32050807568879     
   283.32050807568879     
   284.32050807568879     
   285.32050807568879     
   286.32050807568879     
   287.32050807568879     
   288.32050807568879     
   289.32050807568879     
   290.32050807568879     
   291.32050807568879     
   292.32050807568879     
   293.32050807568879     
   294.32050807568879     
   295.32050807568879     
   296.32050807568879     
   297.32050807568879     
   298.32050807568879     
   299.32050807568879     
   300.32050807568879     
   301.32050807568879     
   302.32050807568879     
   303.32050807568879     
   304.32050807568879     
   305.32050807568879     
   306.32050807568879     
   307.32050807568879     
   308.32050807568879     
   309.32050807568879     
   310.32050807568879     
   311.32050807568879     
   312.32050807568879     
   313.32050807568879     
   314.32050807568879     
   315.32050807568879     
   316.32050807568879     
   317.32050807568879     
