   44856511032.3653969698542799484673811      
   44856510059.9680260014232854928915489      
   44856508854.1567518084135903636404066      
   44856507392.5888901047007108612698365      
   44856505656.5856711830701829851203862      
   44856503632.0692255480345160319550117      
   44856501308.8070822117231331896550647      
   44856498679.7734591956336265711032724      
   44856495739.7892377927084659809568543      
   44856492483.6956736457378112606187927      
   44856488904.3835668885091898721574122      
   44856484990.6553709824392379847941914      
   44856480724.8005467154704229655643760      
   44856476080.6668685976534721635885961      
   44856471021.6442748180081695389775268      
   44856465499.1849548843627414524012809      
   44856459451.3434885856404475828539055      
   44856452801.8674160434064222884978174      
   44856445459.6196084675113502186044952      
   44856437318.3330046429577949446864164      
   44856428256.5540410120212118413306582      
   44856418138.0195828293889742334647540      
   44856406812.2083371682660252587716262      
   44856394115.0235921195067407863621204      
   44856379869.5701914791563197425382752      
   44856363887.2191664029738125017610038      
   44856345968.4886948955188956259369528      
   44856325903.9986540068730155009362859      
   44856303475.4146956717983320478711489      
   44856278456.3439115057358044615205329      
   44856250613.1471025066716155374434527      
   44856219705.6130957957920441876197514      
   44856185487.6426229788489713967506159      
   44856147707.6517816774710010615527963      
   44856106108.9470856129281392735189395      
   44856060429.9878220259372660474968410      
   44856010404.4579444923315242546908831      
   44855955761.2129583671024773594346317      
   44855896224.1991622559670871395536115      
   44855831512.0321440777290860618863304      
   44855761337.7475522885672487836499145      
   44855685408.0171958456098489752240619      
   44855603422.7722977906116803687730353      
   44855515074.0974965765746590357170689      
   44855420045.5579533836329937691885052      
   44855318011.0351681899886174644611921      
   44855208633.5856649823072529108760824      
   44855091564.1201600014590103823495919      
   44854966440.0354909501545961701601863      
   44854832883.6625652737921682294622414      
   44854690500.5358232295862834393386454      
   44854538877.6804649589661777815460704      
   44854377581.5527648918173643634398189      
   44854206156.0238895968768997762174983      
   44854024120.1246130663271499502552173      
   44853830965.5342864173774706628137998      
   44853626154.4681466680876688542374807      
   44853409116.3138402870306880495038636      
   44853179245.2343557243994381745449754      
   44852935896.8859834229669522169943211      
   44852678385.2964524136686544840953132      
   44852405979.3413538694151576190331674      
   44852117899.1584693707571048889928040      
   44851813312.2358392442818754921625961      
   44851491329.4525816649136025067285865      
   44851151002.0250536042550114138693296      
   44850791311.9533874746792193750652571      
   44850411174.3741099101597963577251407      
   44850009428.1237610455835257933633661      
   44849584831.2781800378404153046297018      
   44849136055.5715028647185671330433714      
   44848661680.5668014132878136489513695      
   44848160187.3084952030638373187457877      
   44847629951.6860157512411276165095887      
   44847069237.4859535259716605361958954      
   44846476188.9404685818664455339267188      
   44845848822.9933746904262140860951047      
   44845185020.9334249817195438768038863      
   44844482519.5878097139623697858308801      
   44843738902.1446617290542389611823690      
   44842951588.1290594439012402309695718      
   44842117822.9633154619396199150169434      
   44841234666.6840538767062682089635626      
   44840298982.0501143692628525053732949      
   44839307421.6985988523850386366741713      
   44838256414.4842056794245318886428984      
   44837142150.7564808579112789984794680      
   44835960566.6218303394200792014221672      
   44834707326.8881344491813510497014788      
   44833377806.6945840045615436535687684      
   44831967071.6315515404472923614195145      
   44830469856.0542740067787825808922619      
   44828880539.7654918127559863938234158      
   44827193122.3537163895177354982730648      
   44825401195.1734567454076879842203498      
   44823497910.8453596101495179812697995      
   44821475949.6547313455926055629658719      
   44819327482.7980809945284377302457250      
   44817044131.9471331209161436306150939      
   44814616925.0365394749537488116731804      
   44812036247.7600870269824742942809553      
   44809291790.5168762769905540671114271      
   44806372501.1253924434675845274135945      
   44803266484.7169291770112958070487874      
   44799960992.4524714515035206398243676      
   44796442317.2516478878150187127820245      
   44792695730.8696220144357613484074607      
   44788705412.2847581153189356192196971      
   44784454378.5728695715371506451087223      
   44779924421.5239231552632054871223098      
   44775096054.0878350751916186390415213      
   44769948471.3217464238769047697218240      
   44764459530.5981510751597879565056156      
   44758605755.7340343125812316498012674      
   44752362368.3425574379248534968476119      
   44745703349.0473484787110194807624513      
   44738601527.9356265494728393757202811      
   44731028697.5493525529621305797296226      
   44722955771.8336293256218507379891899      
   44714352901.8682672450538935837171994      
   44705189709.9352957833223756972885843      
   44695435356.6796632920740887199493886      
   44685058759.0128005621022319386771919      
   44674028687.0513077200549297173031847      
   44662313959.2381428037869434618052443      
   44649883431.0860139035643502438689787      
   44636706126.3270636617107107229024033      
   44622751272.5695198417728889501982862      
   44607988330.4838551272283413675105741      
   44592387005.9034214718579823204386054      
   44575917250.3358554704815139719063876      
   44558549251.1356271213222658393805595      
   44540253415.4394031710242601713067477      
   44521000351.7711933491443463916369268      
   44500760849.2543484545210394977061915      
   44479505858.2587263016361727488162067      
   44457206474.0470644698141289108821839      
   44433833922.3526358855487670711904646      
   44409359549.5659099377915545848200777      
   44383754816.8643709320149191278726078      
   44356991298.2373271924000815487455248      
   44329040682.1506479485148765082942669      
   44299874775.7817151579180777770820360      
   44269465511.8875343466021731134829152      
   44237784955.8754563689900575720728746      
   44204805314.2641577252946755043986043      
   44170498940.4234472654556261159233274      
   44134838340.6268069492344954656067364      
   44097796175.5716528990215855595845603      
   44059345259.8568982238906533787881485      
   44019458557.8235714320161199470264376      
   43978109205.7291790867246697728336672      
   43935270371.4364940663193513956712825      
   43890915435.6346206147829944977804482      
   43845017835.7093366191080518306492228      
   43797551076.0389115513110608220380490      
   43748488701.1501412479231282219238998      
   43697804266.6221792811004816029272488      
   43645471307.8332074636801863070379680      
   43591463308.3548053785561326003532363      
   43535753669.5287100464228995531798178      
   43478315680.5238331984624729190849598      
   43419122490.4496971374360654581213517      
   43358147083.0521737302112235708894004      
   43295362255.7111990968891683886957308      
   43230740601.0868553321935136031886883      
   43164254485.1917256985294878962510170      
   43095876044.9718414515594045306520756      
   43025577172.1815945284509741088233343      
   42953329507.4857068263227496284842109      
   42879104436.0571897516721404994213736      
   42802873085.0025038599376844133692550      
   42724606321.7897780527508115174304289      
   42644274754.4048227211767299597358058      
   42561848733.2393645429327992685936179      
   42477298352.0796089575633118607330750      
   42390593451.8162504350685063260044997      
   42301703622.3934153232835250440018103      
   42210598205.3740019575945042287275855      
   42117246299.3804065342975426241952938      
   42021616762.2492488294675304055252536      
   41923678213.6144661028325759783834194      
   41823399041.6005841518773755760144022      
   41720747401.3590066717159101940657014      
   41615691260.9233970026704270161377229      
   41508198245.0657762109924906552902285      
   41398235878.2178542042058521434109055      
   41285771425.7574921462924405330861044      
   41170771934.9341828549815773464838125      
   41053204241.7373668598579016061887164      
   40933034971.4376269716616920878814411      
   40810230536.0589519459521256085725620      
   40684757140.9042333512146817549906860      
   40556580787.3843161428172956284708158      
   40425667272.3604365228980375063347965      
   40291982191.1115601872448371819516374      
   40155490937.0542853177971335618427298      
   40016158704.4188552981610219923449759      
   39873950489.8634576919354732197391845      
   39728831092.2902683738455894058071777      
   39580765114.6393825277773280655022491      
   39429716964.8969032671004855991668779      
   39275650857.0046140695465762477128722      
   39118530811.4237403497150971386190036      
   38958320656.5032981646108684353883725      
   38794984028.4438035974731582562600301      
   38628484373.2889226635082287024667898      
   38458784945.9541656838150609632469989      
   38285848808.6835643458913640333479154      
   38109638837.2347351801691348054837128      
   37930117717.8778945391008819455006165      
   37747247947.8685069527096434944085184      
   37560991836.3223652365304336186622832      
   37371311504.4831986322024882577281572      
   37178168889.2595996477416271782268732      
   36981525731.3692530359303659584941011      
   36781343591.4485702181028062571605569      
   36577583841.4068185256259468354959875      
   36370207666.8119392655963725833354171      
   36159176066.9914902440442604891617251      
   35944449854.4717515768207269727934394      
   35725989653.8091996872735059787175158      
   35503755907.5823913412825822701350244      
   35277708869.3696353182011433435518813      
   35047808603.7236366830136694576796442      
   34814014996.6560644928057054968786462      
   34576287744.2403476280205600197624965      
   34334586354.4583028015075652420622185      
   34088870146.5304510026200303301833172      
   33839098271.8208374916539160172391702      
   33585229678.8957404122604115744211940      
   33327223130.2711139571284384625939917      
   33065037209.5308767792535137374144146      
   32798630312.4653055059953393766361813      
   32527960646.1333231674370537257946133      
   32252986238.3462249052454366407672573      
   31973664925.1553993062002258592318333      
   31689954359.3527099895701374028163779      
   31401812002.9421113992920015712972645      
   31109195138.1254388055315022561013798      
   30812060857.5509423748638751273618252      
   30510366068.9399613362712755621867511      
   30204067493.1546660020468568946771982      
   29893121663.5691295842614382592516631      
   29577484927.8940278071561266936207916      
   29257113449.4447509029791143935779904      
   28931963203.3588140993829380093610930      
   28601989978.0410665996540422662579589      
   28267149375.8539156258002300918336866      
   27927396811.1459267474287240284431371      
   27582687506.9749534751445583029888369      
   27232976515.4357411452593137110568172      
   26878218686.3536099008926143570229198      
   26518368687.5020385919798135750251559      
   26153380998.7915313333485161812190781      
   25783209913.1716200814420846544536086      
   25407809537.8689895328905147272911553      
   25027133792.0714251919174853757834563      
   24641136406.2441873663014702008239504      
   24249770926.6511858008472076418228408      
   23852990708.1419133035029910872419522      
   23450748921.1187669635594185549440797      
   23042998548.7073725884515315506919980      
   22629692384.8946348013719944833202204      
   22210783036.7584456115559539796774603      
   21786222922.6729645052894046911342797      
   21355964274.6753018790780901171689374      
   20919959136.8083105982675020209319112      
   20478159372.0357921863964473167039689      
   20030516631.3803541870081334613133946      
   19576982405.4244100023115987185117368      
   19117507988.8397080029639819687083187      
   18652044485.6833594335472707880652262      
   18180542813.4884401897652990963285384      
   17702953698.8753471737754197210405365      
   17219227674.2884369895763522219801517      
   16729315108.3603888734820941991050585      
   16233166160.7529036025413152484110778      
   15730730809.8245998120559690221261623      
   15221958836.0855013221184324338709743      
