   44856513486.1900663113344359035779321      
   44856513340.1432450317643984776901715      
   44856513120.5688352997155868524540765      
   44856512803.8780379893760164382991748      
   44856512363.5370546833700627160420830      
   44856511771.6521587015563234517144394      
   44856510999.1033707244040696356572753      
   44856510018.2234813068468361752279322      
   44856508803.0083093974071892222733855      
   44856507331.2454371851204405900415372      
   44856505584.4199030035743562202276970      
   44856503548.6229614393259685996150442      
   44856501213.7585723729069292381285708      
   44856498572.9035254893029364248990420      
   44856495620.9086224578724519618572673      
   44856492352.5852247945843967194004853      
   44856488760.7017671970072214368809415      
   44856484833.8566097658524645807176900      
   44856480554.0537875133725269136580649      
   44856475894.7731971785666899786232885      
   44856470818.9711388677947671643983212      
   44856465277.6143120587969245913722043      
   44856459208.2137342851041400133124859      
   44856452533.9790157291548001016233636      
   44856445163.1784303061766454747018800      
   44856436988.9618249000262442479771865      
   44856427889.3016966179336213780114608      
   44856417727.3788852201840257974640448      
   44856406352.1378377102039202198950401      
   44856393598.9760146981697240790877253      
   44856379290.5317529367095314534205107      
   44856363237.7397734698457951980674794      
   44856345240.7231477911393823444219445      
   44856325089.7419971582290457931654396      
   44856302566.1371102193143406904285663      
   44856277443.2237131524508302163592300      
   44856249487.0979847055874668041131907      
   44856218457.3134562171855033776065777      
   44856184107.5519810329133613676258213      
   44856146186.0289857195481054716729176      
   44856104435.8607244634318674475866076      
   44856058595.3229788078364224953327455      
   44856008397.9175728479086847333623880      
   44855953572.3127272290100072894517591      
   44855893842.2607295215491608649631786      
   44855828926.1668562984106442898969455      
   44855758536.8399381965663470460894378      
   44855682380.7007996774962931334876909      
   44855600157.4002000439061017579054495      
   44855511558.7121795751910290160595659      
   44855416267.8505240276672361562337497      
   44855313958.3046727374546373527453175      
   44855204292.6912380135652878302955449      
   44855086921.4293543748459604529897373      
   44854961481.3676152402521753769949526      
   44854827594.2259490853104076542380214      
   44854684864.8628125380092690393639627      
   44854532879.5546534644319125669823983      
   44854371203.9246228471280554490009585      
   44854199380.9613971328282865286370481      
   44854016928.6486778413233206190075287      
   44853823337.6111776393742049058348216      
   44853618068.8553869632196423689762433      
   44853400550.4778869644513021680977437      
   44853170175.2187223064749067460119493      
   44852926297.1974689865840005912578121      
   44852668228.7827070406694321229009946      
   44852395237.0467624491989882714745150      
   44852106540.1861879722115653940783054      
   44851801303.5923770174603633484250425      
   44851478635.8916546254444976100072390      
   44851137585.8841883569735283761938072      
   44850777132.9346363702255457590741263      
   44850396189.4456273609719233481259412      
   44849993591.2117573279431542598717829      
   44849568093.1256117214345272165687798      
   44849118363.5016471580994140140474794      
   44848642978.2438097383799368667348039      
   44848140414.4933635582836113824963230      
   44847609043.9776729163303534867244973      
   44847047126.0420843653835189534279395      
   44846452800.1864183983944095115652195      
   44845824078.3166128382717405367148571      
   44845158836.3334102075752550571215538      
   44844454805.4064570201037804300715409      
   44843709562.5873849507321735193583919      
   44842920520.9457822220534533111410839      
   44842084919.0161465049638334719472824      
   44841199809.4967219146930871713386049      
   44840262047.3474654398995543275502122      
   44839268276.8926598215294284163482400      
   44838214918.0967039185784497839782262      
   44837098151.9041434150918560633823745      
   44835913904.3337887417577615848329351      
   44834657829.4467661170028355183881207      
   44833325290.8999567249853348523975156      
   44831911342.0225853817587362136233539      
   44830410703.9829184921405992710189280      
   44828817742.5504857371628245815750488      
   44827126442.1885358715617458415500799      
   44825330378.0302433225393178815126806      
   44823422685.2233852567022309264581043      
   44821396025.2686351326385852267781124      
   44819242549.0739059064381757579867919      
   44816953856.3987640275520327846556938      
   44814520951.5026475073002706392367505      
   44811934194.4467464630806682351882980      
   44809183247.8904636375796946867241760      
   44806257029.6606685844088738647130145      
   44803143612.2969223707221378738733374      
   44799830211.9134051388382919644857453      
   44796303083.6347092657177892953150140      
   44792547458.6660094975588990323232355      
   44788547472.7151855710602339232562120      
   44784286097.0420247203288391136589165      
   44779745075.3519405514535782235676404      
   44774904870.7234664437157719438869979      
   44769744627.1933410371103495189998897      
   44764242150.7968864085466652044600353      
   44758373914.7120213986622645302874413      
   44752115091.6820520012358167420822884      
   44745439616.4145226049093628191641361      
   44738320277.0996707869378783609609125      
   44730728829.3682094991262129849880171      
   44722636155.9908812814033529505246335      
   44714012383.2773712317224937024177628      
   44704827114.2206006986522990455384522      
   44695049497.0001150213946098853881897      
   44684648441.2178474251639979979207396      
   44673592714.4559170346944799365550590      
   44661851137.4665854446778467021947828      
   44649392570.1975592692290298773150234      
   44636186043.5066056192020558961032307      
   44622200793.4179067983250255481910302      
   44607406289.9341465196115095235470782      
   44591772248.2808811295969818599456784      
   44575268629.2798720678311354998825898      
   44557865628.9869117013769813790136266      
   44539533662.7927517922518220201139510      
   44520243346.2722431098065424982558751      
   44499965475.1338462933435585860126359      
   44478671005.7441883919528781649013175      
   44456331038.4523633240624050061620576      
   44432916803.7780113819786766355560237      
   44408399652.6249521553682292106277957      
   44382751050.5667148393548986842381563      
   44355942575.7130120968772602378217828      
   44327945921.1996376618841052409051657      
   44298732898.8102608108496099330903043      
   44268275446.2488179686446531959704879      
   44236545634.1617480736916720663645268      
   44203515674.6166727111952665771156777      
   44169157926.7306656897276229002744727      
   44133444902.6784954384775308249919826      
   44096349269.1129375738493506315534418      
   44057843846.4423276746938432276574128      
   44017901604.6030258371979192682598816      
   43976495684.8668118926337015277352510      
   43933599260.0133851084255342593374170      
   43889185714.6049736121401871461669085      
   43843228488.9139200306313479923229959      
   43795701089.4119122019448470839136466      
   43746577061.6323598047470688497346143      
   43695829961.0223441356331367125519968      
   43643433321.3001472886735991920075233      
   43589360623.7277057950780939043352250      
   43533585265.7782951420430489620574733      
   43476080531.7174194649332347320244532      
   43416819564.8598452512539529181780759      
   43355775342.1200241958573029168399600      
   43292920653.2991304409213365495973615      
   43228228082.8681866080881571893821665      
   43161669988.0940629480974212461704568      
   43093218496.6948434688720493775560432      
   43022845490.9564757954714811719497326      
   42950522601.8341255502207271407958403      
   42876221204.6738933842938786425578272      
   42799912416.5655674106910223350838138      
   42721567095.0215539583618401539124469      
   42641155838.3703511941267727526802626      
   42558648986.9115595698165870659739614      
   42474016624.6671853834249479022384224      
   42387228582.9406834347047570700874544      
   42298254442.1214787887929875540308071      
   42207063534.5235769744402189049910561      
   42113624948.9412877182504353539388734      
   42017907534.3805385821324715678471490      
   41919879901.9773932037049552473592344      
   41819510430.0586901103625359158980888      
   41716767308.7397557214835117594789738      
   41611618368.5048535084745588256336880      
   41504031353.4369371722372545753106775      
   41393973738.5360310218471710670490668      
   41281412778.2653633932302304286238501      
   41166315513.4802542927016530547692213      
   41048648771.6452901051645001620007735      
   40928379169.7593312886861005198538596      
   40805473112.1303894645887009077869141      
   40679896796.0588523027568058182977085      
   40551616214.9123777154430879719975776      
   40420597158.0783790396867527861160359      
   40286805212.9714602813821149399755066      
   40150205765.1762767681351791337362073      
   40010764001.6250639021529504219554485      
   39868444911.2252128630844825262177261      
   39723213285.3702456610498727204469228      
   39575033719.5320809206858078411732520      
   39423870614.1964412749859042264525320      
   39269688175.9358259439985835448121061      
   39112450417.8014365812449605294868921      
   38952121160.7881385583066891624701584      
   38788664033.7788552200644805657891200      
   38622042475.5532089210092104664070334      
   38452219733.5658909891861335712003692      
   38279158862.8948293208026584268870959      
   38102822732.0409588487241664083534099      
   37923174020.1095908193928672814325958      
   37740175217.0395759149396613638131076      
   37553788624.7758574662478812933362026      
   37363976357.3987907108378324742313587      
   37170700344.5923630105435541643426688      
   36973922319.9432131863903776707333501      
   36773603836.8467908945374009253111375      
   36569706260.1069690901114052789203639      
   36362190768.1519729938850116576307984      
   36151018353.1963959804010900250896434      
   35936149820.4922754142761231315783136      
   35717545787.6155097643519178655561461      
   35495166690.0014306574631003442707541      
   35268972773.9777261866827658951209040      
   35038924097.0518437802552982347544467      
   34804980538.1707828133272826157390600      
   34567101786.1823436653910746996524066      
   34325247342.0506746309672182536678858      
   34079376517.7587104322715249919156426      
   33829448457.7046178361014416407140986      
   33575422103.1458677734605765286803312      
   33317256209.6625532656738410666441042      
   33054909353.6047772304118483766137704      
   32788339923.7076064868040439151990068      
   32517506119.8434497043286147747020823      
   32242365962.7779848108454470371776636      
   31962877281.3810871060773361136293160      
   31678997721.3092179596858195619833653      
   31390684737.5076408638531896772752305      
   31097895604.9864606042484523300302233      
   30800587409.2944095623373091411351594      
   30498717051.0044724622907735847754223      
   30192241243.8365062295510407975338417      
   29881116513.9115340831751116591420853      
   29565299202.0533688748632085198026042      
   29244745464.2662586555412323258473251      
   28919411268.5598921392474721480311166      
   28589252396.2290200838196250569597543      
   28254224442.4221242178193005069347677      
   27914282814.3740819489987135108789127      
   27569382727.9464515776201802857757067      
   27219479228.1358088336391486036255776      
   26864527157.5738008478345344120485097      
   26504481176.8768719815795380622562974      
   26139295758.7039253450848840482688885      
   25768925188.9882335189058158744707546      
   25393323567.6976380053952750158451032      
   25012444806.8042195899555853117275406      
   24626242629.6578805116879588117135458      
   24234670575.4135435108246380100641048      
   23837681991.5648281652837585956726265      
   23435230041.5203595904869494179958271      
   23027267701.0934777752450093277470439      
   22613747757.1386283099816385126327504      
   22194622809.4912231538372083136832035      
   21769845269.3739266533241564689474957      
   21339367361.6862848707533172603925683      
   20903141123.0956290815590423712294594      
   20461118409.5594178595753972338015672      
   20013250864.8474835585384973540878096      
   19559489972.4713928331815808112443654      
   19099787019.7738320221440667287976029      
   18634093103.5577133172437682895798580      
   18162359134.2266755830957909741546357      
