   44856469156.7499124281021898324737546      
   44856463437.3261206792930730072077789      
   44856457155.4992698389789113491918914      
   44856450225.0754782121213652768965104      
   44856442543.3082826077760409480561720      
   44856433990.4474566339753525048936337      
   44856424429.4324293763011469051136873      
   44856413705.9352988028362588650531284      
   44856401648.4466922974420348448568724      
   44856388068.4042595074431741227302853      
   44856372760.5354298697612248274777289      
   44856355503.0500756231486916179128293      
   44856336057.9531462233720599915331168      
   44856314170.9541545884089544649625431      
   44856289571.6070846124456525022243386      
   44856261973.0098944601311250000068395      
   44856231071.4624256020348371606393837      
   44856196546.0018538467804328251215279      
   44856158057.5386320790582158237865288      
   44856115247.7975921915643057051913526      
   44856067737.9840612832439351848430790      
   44856015127.2851388527773111674999005      
   44855956990.9917336442063428436652118      
   44855892878.4114753178679112372942746      
   44855822310.4072828613835428759434835      
   44855744776.7014441803031484456361882      
   44855659732.7888055786480834850693819      
   44855566596.6945626229075371433083633      
   44855464745.0848101303768061115458040      
   44855353509.4583836668062835918388861      
   44855232171.5392230515405849340767338      
   44855099958.5239617378318220080309075      
   44854956037.9984531536062194281194011      
   44854799512.1249326123681846584471037      
   44854629411.7172031363504997641478772      
   44854444689.6340472846327206668575610      
   44854244213.6847517104937687781592466      
   44854026758.9874860147680033046252968      
   44853790999.9098605855730031087978832      
   44853535501.1240363356198691900944813      
   44853258708.1512990179657671993155153      
   44852958937.4991703925960468983195981      
   44852634365.3237180924338536053666953      
   44852283016.1868548129915343711470194      
   44851902750.5792530984669818510748736      
   44851491251.8196177415971163809753198      
   44851046012.2396458683154084240393939      
   44850564318.6574615028570746333503214      
   44850043237.3029201736100788886217357      
   44849479598.2657577188931450411439400      
   44848869979.6090410166936075019204910      
   44848210694.3803832076130206742239634      
   44847497763.9414161869121090898741598      
   44846726918.6183949782258555743819966      
   44845893573.3587081381295081236844156      
   44844992817.1258315042080090712277150      
   44844019401.5081878770133742484139915      
   44842967731.5203535218754169519550747      
   44841831854.3074681487237242732445452      
   44840605471.5119601473384170203297680      
   44839281911.8958072781247385108295037      
   44837854149.1673527688253945760395463      
   44836314801.1092312657143259010864130      
   44834656135.1765833406898505530436369      
   44832870076.0155712281740989295874208      
   44830948214.7270355705464220461872779      
   44828881818.9984956543834661437182417      
   44826661843.9476827407617333517078411      
   44824278934.5768546347589378410721042      
   44821723468.1991870038940667013943177      
   44818985520.2924906159646073403189185      
   44816054900.9229305606229505915017202      
   44812921156.5393975692485681837779751      
   44809573576.9297675571820385950308654      
   44806001200.5903524250736085481966552      
   44802192819.0480602942256007159195324      
   44798136980.0240733975440129132580613      
   44793821989.3974895647500491817188464      
   44789235911.9627485021810715296166050      
   44784366571.7822689062839933510996593      
   44779201551.1700890172117393385419259      
   44773728189.4307527091664942901973410      
   44767933581.3024166549520049314335695      
   44761804574.6831447540563909938140041      
   44755327767.8859361915538647037236116      
   44748489508.2667670774176236695749844      
   44741275887.8136787476716429481292096      
   44733672743.6645638993279132374257733      
   44725665654.0140120300611383044321303      
   44717239937.5802511893968670168086323      
   44708380653.7088859606701587315708025      
   44699072600.8884582434196421644738208      
   44689300319.4505687557154134923702798      
   44679048094.3828807718615155877331039      
   44668299959.2227919456318650689652609      
   44657039703.3717707563669502467425047      
   44645250881.3751833173904398031147854      
   44632916824.1725527250518811282252518      
   44620020654.2014054297115609130248881      
   44606545302.9968195690847955785117748      
   44592473531.5991616156865640633173408      
   44577787953.6013681934966816490209004      
   44562471060.2189560251530808903762996      
   44546505244.1540516865830910982367399      
   44529872825.9068396490960460932171943      
   44512556072.1662514981334061997823335      
   44494537233.9496683160126768623408121      
   44475798536.4180682104990276278340605      
   44456322207.7433923382947226937189570      
   44436090481.2016322365349692704803349      
   44415085595.7265244481960676877801044      
   44393289814.3102131197181334394196237      
   44370685323.2964675054252846873945990      
   44347254361.9564331925711358336971060      
   44322979110.1865471750828332506466533      
   44297841696.2486311597948011248426038      
   44271824178.3658543659508682252428778      
   44244908525.8968374097172055195254303      
   44217076600.6683039909437164653354432      
   44188310138.4320514296043586716321637      
   44158590731.5555554161975249530146805      
   44127899812.6469741207265774216320959      
   44096218639.6860849727721116563712002      
   44063528282.3030158211542188612530346      
   44029809609.7505794248602315627169111      
   43995043280.2972976986163830352556703      
   43959209732.2762633620688799216792266      
   43922289176.2290236895748651323400987      
   43884261588.5596131054648225365240048      
   43845106706.7115980520487314245340290      
   43804804024.7268260861770481118098851      
   43763332790.8655573354737749977517826      
   43720672005.0241560922643349043600214      
   43676800417.8283739797518200213560302      
   43631696529.7926407377921361044752515      
   43585338591.3451841145968939681680411      
   43537704603.1903181305994995132861890      
   43488772317.7241173047691369124789723      
   43438519238.5539559000452357228399072      
   43386922622.9558142209027889271575862      
   43333959483.1485263782243402775275597      
   43279606588.6125568618145905015844129      
   43223840466.3639043600671464515445101      
   43166637436.3041907589168793916172363      
   43107973482.0707208470259491632367289      
   43047824450.7567725245507141890845076      
   42986165921.9664048637589232953369313      
   42922973242.2814827125392847651537002      
   42858221527.0475607732191208960830707      
   42791885663.1521894653708507666897598      
   42723940309.8396884033362678093060887      
   42654359900.7048004772969853979801245      
   42583118645.2935502398166958573387605      
   42510190530.2166388725440570135331503      
   42435549320.9973645027575137882726365      
   42359168564.8644650339037009700156150      
   42281021586.2571714356501272790087510      
   42201081496.9123856923353989925166076      
   42119321190.7681695291705208033209216      
   42035713348.5999739164529642979703673      
   41950230435.4238242415629883940218945      
   41862844703.8600251915274261991552495      
   41773528196.0882213007039651850329061      
   41682252743.3238774073157026454377327      
   41588989967.3263879353027370268862874      
   41493711281.3514537613214544654381090      
   41396387891.6737331471779767128964640      
   41296990795.3619921809265335172743961      
   41195490784.9033580722788865613963381      
   41091858447.0853348189694378126284897      
   40986064162.0616985437798582822146615      
   40878078109.1490755073380603471055750      
   40767870261.3725070669189676985586629      
   40655410391.2648218321248527716310807      
   40540668066.7699313690950458721844039      
   40423612656.3301534990251492794898379      
   40304213324.6263049753802884118915633      
   40182439039.7052037940322062588484703      
   40058258567.0437548355870975149960312      
   39931640472.1403547515938290478845688      
   39802553123.3168351552517674602789032      
   39670964686.4143290507160812211380570      
   39536843130.3149420928312585226771137      
   39400156226.4510226705166975281845930      
   39260871551.1949751787164757658517866      
   39118956482.5316658218012373333850492      
   38974378194.9938473012745780392634379      
   38827103677.2430097992770942737353764      
   38677099715.3293066380606165080358250      
   38524332892.1942793645984228012491469      
   38368769609.8746983010806401303358911      
   38210376070.0061558232796237848001886      
   38049118268.4846524204676652596997503      
   37884962020.5808812811281903951456811      
   37717872938.2584011957708791585370082      
   37547816433.6422386319849411480496738      
   37374757746.1834668795871392558347066      
   37198661908.2694983266435423262301921      
   37019493739.3688255195396260943476326      
   36837217896.2711484373002297343858271      
   36651798829.4781346942289521161309612      
   36463200792.2140215366655697209034836      
   36271387845.0586860463751476710628600      
   36076323861.6026658576414054989681986      
   35877972511.2731461700232324300179512      
   35676297288.2285253417665188102131432      
   35471261477.4414275307120500697418851      
   35262828170.7247661490068707953273729      
   35050960286.6178711636110631830839338      
   34835620529.3684648874344939546804839      
   34616771428.2925560027064085928914306      
   34394375308.6293704845332055082984126      
   34168394306.8607645081945729165512265      
   33938790367.6449305543071071792243806      
   33705525244.0462994941705081961160821      
   33468560489.7933769576970676871152957      
   33227857484.7741457601233507884776871      
   32983377401.8920047271661419669845388      
   32735081226.6541011855618033912756342      
   32482929753.5938124712010026597932398      
   32226883585.3535061118608227730997987      
   31966903133.0142078201591662631236416      
   31702948616.3140894631251941541764987      
   31434980063.4410080606512325957801334      
   31162957311.5661751585142292714948831      
   30886840006.7845111768903727531691234      
   30606587603.3544143256186270316728982      
   30322159364.9915806474880730694874058      
   30033514365.1596156885512015933165085      
   29740611488.2547333974829048929982079      
   29443409419.4552412898854667773715506      
   29141866657.7212608099960838478951428      
   28835941514.9722904711154115963075941      
   28525592110.3198292015813815066265867      
   28210776370.5382946082038986832459911      
   27891452032.2696378241378509111593882      
   27567576640.6970972638680360501776856      
   27239107553.0985570955247610866162586      
   26906001929.5409948228167857368471680      
   26568216746.7296463726211742174297733      
   26225708787.7263296231815543153612517      
   25878434641.2280207927199539332543403      
   25526350715.8678904291258055972449747      
   25169413223.5520572550360219650712654      
   24807578185.7130942167041008415987478      
   24440801433.2444406876947594615362979      
   24069038606.9626734592087309512806378      
   23692245157.3545719716276162031492096      
   23310376345.2819734299773916241183878      
   22923387232.6435668110339268500073916      
   22531232714.5308224409301731834161098      
   22133867461.6862047837684365101793991      
   21731245985.7397449252267201232337541      
   21323322598.8927051843098051484498965      
   20910051413.2262382774808450611852880      
   20491386362.5063912069468482439783464      
   20067281185.0475198518240139686791341      
   19637689430.4860584230345578697235586      
   19202564458.7612244824629975210431798      
   18761859439.7169671453183831612569863      
   18315527352.8249175073844189317577994      
   17863520982.4580308625262655065701029      
   17405792931.6943238700224295568954574      
   16942295612.6030424013424523340784535      
   16472981244.0846418677379527394812426      
   15997801856.9607758373484947166443448      
   15516709293.5430995064380746980949810      
   15029655205.4007492147413763250527845      
   14536591048.9075087122890764715780071      
   14037468097.2205931838433057744024931      
   13532237434.7309649462754486804954314      
   13020849954.4017555224907569389571020      
   12503256359.6653926856033800723391933      
   11979407164.2959611525797649791728771      
   11449252692.7417303241604315925897779      
   10912743079.0222791563096219576423747      
   10369828263.7794401943988583391365160      
   9820458005.05090503022263341318211178      
   9264581870.64530820342947386253567585      
   8702149238.03281284072862745099721500      
