   330.83792827168043        568.35350354919342     
   330.83792827168043        568.35350354919342     
   330.83792827168043        568.35350354919342     
   330.83792827168043        568.35350354919342     
   330.83792827167883        568.35350354919342     
   330.83792827146920        568.35350354919353     
   330.83792826446393        568.35350354919967     
   330.83792816722706        568.35350354928164     
   330.83792742166969        568.35350354988509     
   330.83792365998994        568.35350355269406     
   330.83790967075100        568.35350356156130     
   330.83786827698236        568.35350358014875     
   330.83776549058905        568.35350359814333     
   330.83754297960013        568.35350355394917     
   330.83711115905470        568.35350326468506     
   330.83634393673145        568.35350230097663     
   330.83507601278717        568.35349984139430     
   330.83310260615281        568.35349444422388     
   330.83018156715355        568.35348374425791     
   330.82603724370836        568.35346400275273     
   330.82036544950830        568.35342943981766     
   330.81283886893135        568.35337127978346     
   330.80311253847702        568.35327651376736     
   330.79082865014971        568.35312633487717     
   330.77562126414767        568.35289449803065     
   330.75712011141803        568.35254560766612     
   330.73495437348265        568.35203369651515     
   330.70875596972661        568.35130115629124     
   330.67816297909059        568.35027831126115     
   330.64282298940253        568.34888364867572     
   330.60239660085062        568.34702481896556     
   330.55656090438629        568.34460034676738     
   330.50501303416576        568.34150196579333     
   330.44747352004521        568.33761745681431     
   330.38368940551265        568.33283381875685     
   330.31343693562377        568.32704058910338     
   330.23652380401086        568.32013316992220     
   330.15279074802936        568.31201598357507     
   330.06211255498238        568.30260534719889     
   329.96439838184028        568.29183194715790     
   329.85959142119236        568.27964286688041     
   329.74766791615326        568.26600311375114     
   329.62863566229498        568.25089663933943     
   329.50253192879393        568.23432685406192     
   329.36942105112786        568.21631667404790     
   329.22939158648876        568.19690813556610     
   329.08255325482327        568.17616161646993     
   328.92903370480917        568.15415476653072     
   328.76897511385010        568.13098109941438     
   328.60253079032674        568.10674842044386     
   328.42986181224160        568.08157711093236     
   328.25113362749272        568.05559823760223     
   328.06651284772869        568.02895164938116     
   327.87616413394295        568.00178402853351     
   327.68024721213953        567.97424694338088     
   327.47891412536751        567.94649495538010     
   327.27230659299255        567.91868376365198     
   327.06055359163025        567.89096843839218     
   326.84376912058832        567.86350173905157     
   326.62205013586430        567.83643253248420     
   326.39547466976427        567.80990431358794     
   326.16410010791463        567.78405383674146     
   325.92796162641304        567.75900984834402     
   325.68707075621933        567.73489192627119     
   325.44141413412734        567.71180945646165     
   325.19095221570979        567.68986059525048     
   324.93561831662703        567.66913148519018     
   324.67531723852613        567.64969544619601     
   324.40992547655208        567.63161217628669     
   324.13928873001652        567.61492729938993     
   323.86322212624350        567.59967162355451     
   323.58150915999681        567.58586073021570     
   323.29390079363549        567.57349438874496     
   323.00011475939664        567.56255622630306     
   322.69983469757847        567.55301326281472     
   322.39270928189700        567.54481555133850     
   322.07835132929483        567.53789580362366     
   321.75633689968032        567.53216906598846     
   321.42620418540946        567.52753231170198     
   321.08745246846007        567.52386409443045     
   320.73954096689567        567.52102424693805     
   320.38188762188366        567.51885349211125     
   320.01386759375146        567.51717293818263     
   319.63481198640500        567.51578379986870     
   319.24400621009931        567.51446685569488     
   318.84068847084581        567.51298205175624     
   318.42404795747655        567.51106787818117     
   317.99322322564740        567.50844093457545     
   317.54730047620887        567.50479535786883     
   317.08531168583647        567.49980213893605     
   316.60623303638425        567.49310859229774     
   316.10898344920736        567.48433775267995     
   315.59242326326120        567.47308774835733     
   315.05535319518629        567.45893121077063     
   314.49651396167485        567.44141483572798     
   313.91458618361867        567.42005887621917     
   313.30819150523121        567.39435698797922     
   312.67589409786757        567.36377602408629     
   312.01620385548250        567.32775627913009     
   311.32758061138713        567.28571194785138     
   310.60844007776694        567.23703192422442     
   309.85716139791771        567.18108111761478     
   309.07209664445980        567.11720225057036     
   308.25158220165173        567.04471823100153     
   307.39395192554798        566.96293513519788     
   306.49755186096058        566.87114567894184     
   305.56075623648974        566.76863335081850     
   304.58198385989385        566.65467696312112     
   303.55971480732865        566.52855550645586     
   302.49250540836221        566.38955323624236     
   301.37900218499982        566.23696447308907     
   300.21795222789603        566.07009824915144     
   299.00820993757213        565.88828226457281     
   297.74873986984568        565.69086603015478     
   296.43861467172729        565.47722301114504     
   295.07700865773063        565.24675169180580     
   293.66318741271823        564.99887547244521     
   292.19649392243974        564.73304164552781     
   290.67633250599135        564.44871936390030     
   289.10215126780241        564.14539698904173     
   287.47342433182189        563.82257896688202     
   285.78964231890632        563.47978417501895     
   284.05026837395144        563.11653626684847     
   282.25476362365282        562.73236929199061     
   280.40255145755265        562.32681946236323     
   278.49301381508610        561.89942403337477     
   276.52548464128881        561.44971942495101     
   274.49924544890348        560.97723992798240     
   272.41352306380725        560.48151697661058     
   270.26748939953086        559.96207899595640     
   268.06026308237387        559.41845185868613     
   265.79091261573080        558.85015988925818     
   263.45846131445649        558.25672748672901     
   261.06189357275025        557.63768129609514     
   258.60016278558453        556.99255302191114     
   256.07220074254406        556.32088281973847     
   253.47692887948372        555.62222334377043     
   250.81327099427941        554.89614449464466     
   248.08016861251181        554.14223877360087     
   245.27659789483701        553.36012740315107     
   242.40158952895521        552.54946716852407     
   239.45425158733161        551.70995838600595     
   236.43379267790044        550.84135123374426     
   233.33955368537346        549.94345728302767     
   230.17103735629323        549.01615694823329     
   226.92794367018504        548.05940945884686     
   223.61020806428581        547.07326252372116     
   220.21804245017958        546.05786172375178     
   216.75197859724929        545.01345928113108     
   213.21291346984222        543.94042187709852     
   209.60215507404527        542.83923679061570     
   205.92146806605771        541.71051602143518     
   202.17311759830690        540.55499786525172     
   198.35990961238716        539.37354533135374     
   194.48522617107696        538.16714119011135     
   190.55305401113606        536.93687936951369     
   186.56800446814529        535.68395284217877     
   182.53532348993852        534.40963818034140     
   178.46089026014678        533.11527736561538     
   174.35117914277316        531.80225084596429     
   170.21332878454024        530.47198427842636     
   166.05495306630385        529.12588505596864     
   161.88418317240024        527.76535066855763     
   157.70957087032068        526.39174329990476     
   153.54000163808112        525.00637396791331     
   149.38459436616941        523.61048963511053     
   145.25258892573839        522.20526324322350     
   141.15322426494282        520.79178676256095     
   137.09561045083444        519.37106675444284     
   133.08859891242102        517.94402235414952     
   129.14065553937976        516.51148492879895     
   125.25974153906373        515.07419921783617     
   121.45320681463645        513.63282564979932     
   117.72769985902902        512.18794335727227     
   114.08909734236454        510.74005388222156     
   110.54245525504197        509.28958538545135     
   107.09198231407014        507.83689720494397     
   103.74103504781840        506.38228483428901     
   100.49213277381145        504.92598505572698     
   97.346990055547607        503.46818138032035     
   94.306563603670313        502.00900954722147     
   91.371110259907226        500.54856310156907     
   88.540252424742803        499.08689884311087     
   85.813048449913424        497.62404224574288     
   83.188064471678047        496.15999251395772     
   80.663445875184806        494.69472748066755     
   78.236986087435369        493.22820803418625     
   75.906191528615750        491.76038221686707     
   73.668341664719875        490.29118890545141     
   71.520543499482145        488.82056105703157     
   69.459780093666339        487.34842831248733     
   67.482954101035460        485.87472038467257     
   65.586923877017455        484.39936768617144     
   63.768535865208101        482.92230401869864     
   62.024651200142486        481.44346772780170     
   60.352156118937607        479.96279411300452     
   58.748028374004271        478.48025183342497     
   57.209277082414822        476.99578933423430     
   55.733004932785740        475.50937195242341     
   54.316404039489861        474.02097328128730     
   52.956761660001675        472.53057499610202     
   51.651464497622214        471.03816707383436     
   50.398001165994430        469.54374772981646     
   49.193963390160505        468.04732341539216     
   48.037045783697081        466.54890852862735     
   46.925045106354936        465.04852537901979     
   45.855858385767412        463.54620378408316     
   44.827480763195489        462.04198090266095     
   43.838002799046215        460.53590098271985     
   42.885607395687380        459.02801500849012     
   41.968566542750160        457.51838039371751     
   41.085237806174895        456.00706059431411     
   40.234060927041448        454.49412488030237     
   39.413554239289958        452.97964800353014     
   38.622311176163571        451.46370993111680     
   37.858996649881995        449.94639541881509     
   37.122343701532195        448.42779380273470     
   36.411150081384584        446.90799864755456     
   35.724275020939459        445.38710746553426     
   35.060636090338811        443.86522143448474     
   34.419206113832004        442.34244508323428     
   33.799010337528543        440.81888609894276     
   33.199123568879862        439.29465495749503     
   32.618667584404811        437.76986475909894     
   32.056808589190126        436.24463095081200     
   31.512754796088259        434.71907108301411     
   30.985754154439718        433.19330456959153     
   30.475092192138543        431.66745251022371     
   29.980089971384960        430.14163745991794     
   29.500102080887167        428.61598309233938     
   29.034514885263270        427.09061414926094     
   28.582744770898046        425.56565624758792     
   28.144236504561746        424.04123563628389     
   27.718461693673103        422.51747902672889     
   27.304917329385606        420.99451347257337     
   26.903124403480827        419.47246614396693     
   26.512626620563360        417.95146417255722     
   26.132989122220103        416.43163422662661     
   25.763797531438549        414.91310347435501     
   25.404656570600494        413.39599777191489     
   25.055189245950732        411.88044266862147     
   24.715035827885149        410.36656296856410     
   24.383852946846222        408.85448263430311     
   24.061312730218642        407.34432466075947     
   23.747101997494699        405.83621094670195     
   23.440921497712022        404.33026218915472     
   23.142485189669394        402.82659779306533     
   22.851519570602882        401.32533576158693     
   22.567763043274688        399.82659265871246     
   22.290965283480649        398.33048345767088     
   22.020886712823518        396.83712147060027     
   21.757297985507538        395.34661867728568     
   21.499979278647867        393.85908410507261     
   21.248720131863486        392.37462606047910     
   21.003318782605586        390.89335054263859     
   20.763581788768668        389.41536154368919     
   20.529323625673314        387.94076100064433     
   20.300366341975373        386.46964893207047     
   20.076539114530135        385.00212297262550     
   19.857677994771176        383.53827874330614     
   19.643625523594299        382.07820962303907     
   19.434230468056555        380.62200671403338     
   19.229347509443198        379.16975887183912     
   19.028836973702951        377.72155265314080     
   18.832564573500612        376.27747229410301     
   18.640401145441370        374.83759958631595     
   18.452222476859173        373.40201424021427     
   18.267909001433537        371.97079336418386     
   18.087345657272255        370.54401185719041     
   17.910421613297700        369.12174198710255     
   17.737030160284640        367.70405380585083     
   17.567068526217277        366.29101514943079     
   17.400437635106456        364.88269123306799     
   17.237042003483367        363.47914499021232     
   17.076789572727769        362.08043700743309     
   16.919591562239944        360.68662551940025     
   16.765362330485843        359.29776642192593     
   16.614019243379676        357.91391328937453     
   16.465482561924752        356.53511750218991     
   16.319675268817463        355.16142787569601     
   16.176523038416036        353.79289125897424     
   16.035954066666839        352.42955215956891     
   15.897898989932857        351.07145289100498     
   15.762290781765294        349.71863357725925     
   15.629064665039603        348.37113223179335     
   15.498158009533702        347.02898470082692     
   15.369510238866294        345.69222460422606     
   15.243062817852774        344.36088391417792     
   15.118759075694021        343.03499220025441     
   14.996544160614555        341.71457695963471     
   14.876365053875571        340.39966422198216     
   14.758170382826499        339.09027770470806     
   14.641910408073016        337.78643923432276     
   14.527537000948861        336.48816913706764     
   14.415003508887180        335.19548561649418     
   14.304264747581144        333.90840520523841     
   14.195276932288373        332.62694271304264     
   14.087997633073742        331.35111131083187     
   13.982385696782286        330.08092227504500     
   13.878401271498666        328.81638568865617     
