   47.326235308428870        64.314490046515729     
   47.326235308428870        64.314490046515729     
   47.326235308428870        64.314490046515729     
   47.326235308428870        64.314490046515729     
   47.326235308428643        64.314490046515616     
   47.326235308398651        64.314490046500637     
   47.326235307396558        64.314490046000017     
   47.326235293486860        64.314490039051037     
   47.326235186835170        64.314489985768347     
   47.326234648728366        64.314489716915858     
   47.326232647573242        64.314488716972519     
   47.326226726210948        64.314485757620844     
   47.326212022657870        64.314478407131361     
   47.326180192548520        64.314462488915694     
   47.326118420789207        64.314431582346316     
   47.326008669935121        64.314376637989014     
   47.325827293897490        64.314285774042290     
   47.325544998777886        64.314144240420191     
   47.325127144995918        64.313934548098985     
   47.324534300131958        64.313636713273667     
   47.323722949121880        64.313228564539074     
   47.322646266381398        64.312686060348625     
   47.321254897930743        64.311983590996277     
   47.319497645018906        64.311094207575607     
   47.317322132554565        64.309989837481623     
   47.314675344287402        64.308641427570805     
   47.311504150790974        64.307019103938259     
   47.307755762167339        64.305092318657032     
   47.303378194392771        64.302830048881390     
   47.298320719146183        64.300201034477368     
   47.292534329180064        64.297174078637312     
   47.285972193499973        64.293718394847403     
   47.278590116676959        64.289804001655185     
   47.270346963576074        64.285402137795387     
   47.261205044877208        64.280485683708761     
   47.251130436363319        64.275029563252502     
   47.240093230735468        64.269011115054994     
   47.228067692893916        64.262410406576677     
   47.215032327596525        64.255210487434255     
   47.200969846848643        64.247397567047344     
   47.185867041741233        64.238961115109845     
   47.169714558630275        64.229893880951323     
   47.152506601733947        64.220191840999377     
   47.134240550298379        64.209854068486592     
   47.114916528045626        64.198882545731621     
   47.094536908842116        64.187281912788166     
   47.073105791194841        64.175059170766090     
   47.050628447067659        64.162223348778426     
   47.027110743743542        64.148785130133149     
   47.002558572724176        64.134756467489581     
   46.976977271718610        64.120150176864598     
   46.950371022479274        64.104979509682423     
   46.922742418777986        64.089257785343406     
   46.894091760883278        64.072997909093502     
   46.864416648878731        64.056212006478333     
   46.833711472082385        64.038911017083393     
   46.801966944970530        64.021104307569445     
   46.769169670958092        64.002799299280966     
   46.735301731472802        63.984001110812876     
   46.700340308156186        63.964712220372803     
   46.664257318055391        63.944932137176899     
   46.627019078997812        63.924657093795780     
   46.588585999334057        63.903879754171030     
   46.548912263025763        63.882588927148966     
   46.507945569014126        63.860769306524901     
   46.465626851555953        63.838401213659964     
   46.421890022358653        63.815460352234155     
   46.376661717633397        63.791917570836837     
   46.329861060190048        63.767738640274374     
   46.281399400639593        63.742884019327754     
   46.231180079220330        63.717308641205001     
   46.179098171767912        63.690961691429308     
   46.125040231469747        63.663786388828463     
   46.068884023697649        63.635719766178987     
   46.010498225820747        63.606692427691364     
   45.949742140546867        63.576628326519902     
   45.886465378153787        63.545444519952866     
   45.820507502874378        63.513050906620286     
   45.751697658942426        63.479349954199471     
   45.679854174801143        63.444236410248266     
   45.604784130259794        63.407597004050729     
   45.526282867137738        63.369310097817653     
   45.444133483040581        63.329245341584972     
   45.358106257882589        63.287263278916356     
   45.267958031760443        63.243214924188678     
   45.173431533352442        63.196941306807325     
   45.074254621221520        63.148272965605472     
   44.970138709153780        63.097029004650828     
   44.860780767762044        63.043017985592563     
   44.745858165227311        62.986035120099899     
   44.625030239819480        62.925862913620783     
   44.497936445702329        62.862270023628902     
   44.364195008480536        62.795010364829835     
   44.223401457062309        62.723822134752204     
   44.075126970953967        62.648426714378097     
   43.918916522382347        62.568527438933472     
   43.754286852488519        62.483808263554252     
   43.580724171506326        62.393932249127602     
   43.397681602870783        62.298539896215281     
   43.204576264437591        62.197247241697582     
   43.000786052423486        62.089643778970995     
   42.785645897299801        61.975290072859693     
   42.558443638526498        61.853715127950693     
   42.318415246642260        61.724413399264876     
   42.064739420313913        61.586841441033137     
   41.796531437880382        61.440414145681736     
   41.512836112088955        61.284500502138528     
   41.212619778587069        61.118418850017200     
   40.894761165279810        60.941431576377120     
   40.558041050025125        60.752739225783174     
   40.201130563777077        60.551474002447030     
   39.822578260815476        60.336692779047141     
   39.420795939629315        60.107369694581614     
   38.994043900954196        59.862388789157237     
   38.540416634393573        59.600537371574767     
   38.057831106478218        59.320501456531723     
   37.544021936486068        59.020865798857216     
   36.996551734829538        58.700123279417689     
   36.412849899099150        58.356701144772735     
   35.790303054189984        57.989016977804752     
   35.126430236337946        57.595582546896388     
   34.419179857615880        57.175175483588227     
   33.667360481838656        56.727084467781225     
   32.871158572221489        56.251401985648208     
   32.032533886014228        55.749247270626377     
   31.155377538247599        55.222862969754765     
   30.245337671775680        54.675528757344615     
   29.309607031242848        54.111454291867659     
   28.356670278909714        53.535632331160677     
   27.395930666832694        52.953604058374182     
   26.437087362951267        52.371072048119245     
   25.489371545289032        51.793436851203062     
   24.560858735613934        51.225390172411629     
   23.658049070811654        50.670676359505613     
   22.785697365491867        50.132003905215925     
   21.946923894176116        49.611123270805187     
   21.143445459369016        49.108971270884595     
   20.375867787989517        48.625847674008938     
   19.643973054003531        48.161585604126095     
   18.946968973837468        47.715697184541618     
   18.283687346894439        47.287488374014764     
   17.652730455981889        46.876142581959257     
   17.052588894934701        46.480788797293805     
   16.481697441848016        46.100531014903765     
   15.938496933390860        45.734484057398483     
   15.421463227363938        45.381789134889623     
   14.929126585782701        45.041624013471449     
   14.460083539256383        44.713209022773746     
   14.013002856275895        44.395809709337577     
   13.586627926327715        44.088737447978765     
   13.179776593628491        43.791348646011990     
   12.791339370218950        43.503043075282854     
   12.420276598762714        43.223261673487130     
   12.065615009723913        42.951484072717179     
   11.726443961061419        42.687226026016823     
   11.401911546192480        42.430036836895063     
   11.091220769112379        42.179496890003207     
   10.793625783933432        41.935215298648075     
   10.508428329344508        41.696827711941467     
   10.234974367020374        41.463994288404841     
   9.9726509283006006        41.236397830242545     
   9.7208831859833769        41.013742076380183     
   9.4791317348893820        40.795750141396610     
   9.2468900804049703        40.582163091937055     
   9.0236823178158474        40.372738644994129     
   8.8090609941703750        40.167249980462032     
   8.6026051340307870        39.965484653332581     
   8.4039184193237801        39.767243598331959     
   8.2126275129863071        39.572340216359933     
   8.0283805095835419        39.380599534594715     
   7.8508455043639964        39.191857432560290     
   7.6797092761342016        39.005959931944311     
   7.5146760642263741        38.822762537482866     
   7.3554664333312560        38.642129622588691     
   7.2018162373613670        38.463933875385131     
   7.0534756455079339        38.288055769326313     
   6.9102082420111088        38.114383078060122     
   6.7717901933930209        37.942810423674999     
   6.6380094596635919        37.773238846309944     
   6.5086651006114895        37.605575432433383     
   6.3835665974250517        37.439732943818818     
   6.2625332029784824        37.275629452267523     
   6.1453934026563291        37.113188059117022     
   6.0319843226416259        36.952336549917156     
   5.9221507038370902        36.793006292807682     
   5.8157467217588046        36.635135464384831     
   5.7126320043800334        36.478663471708202     
   5.6126736226961498        36.323534311360824     
   5.5157451070577972        36.169695468898610     
   5.4217260766609972        36.017097696445035     
   5.3305018888355375        35.865694811777544     
   5.2419633499242702        35.715443545901742     
   5.1560063998414671        35.566303356506076     
   5.0725318179473344        35.418236245994400     
   4.9914450016708738        35.271206661275542     
   4.9126556772101271        35.125181290455558     
   4.8360777152538859        34.980129019861991     
   4.7616288573423491        34.836020686453821     
   4.6892305592742201        34.692829052767181     
   4.6188077736613771        34.550528651423292     
   4.5502887778916588        34.409095693735523     
   4.4836050001657863        34.268507962662618     
   4.4186908610667182        34.128744720075545     
   4.3554836207790091        33.989786614649049     
   4.2939232385902306        33.851615601496398     
   4.2339522377804135        33.714214859341141     
   4.1755155727382922        33.577568712511422     
   4.1185605132865390        33.441662554913790     
   4.0630365328764153        33.306482790094329     
   4.0088952002330931        33.172016763625237     
   3.9560900788509707        33.038252707854447     
   3.9045766273779505        32.905179673861745     
   3.8543121142755892        32.772787486038894     
   3.8052555293318839        32.641066686696426     
   3.7573675029526985        32.510008488312181     
   3.7106102335246010        32.379604733402431     
   3.6649474047943063        32.249847834647738     
   3.6203441260303597        32.120730751833960     
   3.5767668632739880        31.992246944213257     
   3.5341833813693304        31.864390341345221     
   3.4925626745784975        31.737155289854435     
   3.4518749239065101        31.610536545728095     
   3.4120914419649617        31.484529238635854     
   3.3731846143942525        31.359128827506588     
   3.3351278589448876        31.234331084303623     
   3.2978955763872744        31.110132063081071     
   3.2614631165961572        30.986528095624923     
   3.2258067290039656        30.863515746181111     
   3.1909035205379883        30.741091789394488     
   3.1567314315330832        30.619253213213508     
   3.1232691892246494        30.497997176008848     
   3.0904962804172222        30.377321005508222     
   3.0583929193013684        30.257222176804635     
   3.0269400123161891        30.137698291780559     
   2.9961191348098200        30.018747073736080     
   2.9659125018700006        29.900366351242948     
   2.9363029403925065        29.782554040531537     
   2.9072738654850481        29.665308137567909     
   2.8788092590507968        29.548626714721518     
   2.8508936437953758        29.432507900883508     
   2.8235120598651178        29.316949857025886     
   2.7966500563234318        29.201950843285786     
   2.7702936520459938        29.087509094585194     
   2.7444293315969523        28.973622897441459     
   2.7190440219518912        28.860290552485452     
   2.6941250767750846        28.747510380327832     
   2.6696602574660480        28.635280705508301     
   2.6456377246580169        28.523599864258763     
   2.6220460119453413        28.412466180695883     
   2.5988740212014880        28.301877981627776     
   2.5761110048495350        28.191833586115347     
   2.5537465510613502        28.082331290281935     
   2.5317705777462565        27.973369389398666     
   2.5101733125333796        27.864946148140596     
   2.4889452870288609        27.757059820879519     
   2.4680773232092030        27.649708633552457     
   2.4475605301526904        27.542890824025857     
   2.4273862667375381        27.436604496938482     
   2.4075461738071957        27.330847839792554     
   2.3880321356921561        27.225618971697727     
   2.3688362796343916        27.120915984295614     
   2.3499509667386080        27.016736938689156     
   2.3313687839155253        26.913079865585875     
   2.3130825359794818        26.809942764686141     
   2.2950852381366946        26.707323604561473     
   2.2773701087290910        26.605220322503804     
   2.2599305622933881        26.503630824599412     
   2.2427602029575966        26.402552986092477     
   2.2258528178446615        26.301984651008880     
   2.2092023716622853        26.201923636493380     
   2.1928029991559228        26.102367724336879     
   2.1766490005542263        26.003314667771214     
   2.1607348360041505        25.904762192179447     
   2.1450551214723901        25.806707998819675     
   2.1296046214317608        25.709149758226246     
   2.1143782446385173        25.612085111544047     
   2.0993710407640012        25.515511679343881     
   2.0845781945416024        25.419427055127681     
   2.0699950219695458        25.323828809059350     
   2.0556169661942651        25.228714488360225     
   2.0414395935916776        25.134081620916984     
   2.0274585900082864        25.039927716571690     
   2.0136697550830394        24.946250255760532     
   2.0000690005720454        24.853046702226770     
   1.9866523478084208        24.760314508813167     
   1.9734159222112133        24.668051107395513     
   1.9603559511290307        24.576253915368149     
   1.9474687605317218        24.484920335704487     
   1.9347507718628165        24.394047756436102     
   1.9221984996447499        24.303633556063851     
   1.9098085482057316        24.213675101685268     
   1.8975776090822474        24.124169750210207     
   1.8855024583967208        24.035114846974839     
   1.8735799547195822        23.946507732172215     
   1.8618070361511490        23.858345737959631     
   1.8501807181449468        23.770626190126137     
   1.8386980912624356        23.683346409611264     
   1.8273563189458453        23.596503713127905     
   1.8161526360217195        23.510095418640841     
   1.8050843452161911        23.424118834213456     
