   44574782309.9353150802946767761276923      
   44574782272.9318019199912979418946253      
   44574782207.9351768364855601545900143      
   44574782100.6448670735943152525308976      
   44574781932.6364984553463462814607381      
   44574781681.1631221715418121812607203      
   44574781319.3583355542332976313085593      
   44574780816.4635542097443502157260291      
   44574780138.3987664442497541384092892      
   44574779248.4630376370921810317612540      
   44574778108.0744616085841026932495505      
   44574776677.4653764306061901646015249      
   44574774916.2364970692876613887142064      
   44574772783.6973401863301202238671976      
   44574770238.9123951456992570450661873      
   44574767240.6071118052895574324151437      
   44574763746.5854386194195924575280734      
   44574759713.2708188404454495250226381      
   44574755094.6966293546230741961015458      
   44574749841.7318402129256449425771282      
   44574743900.9300865796273422787959669      
   44574737213.9545274374927949379320605      
   44574729716.4209389282699976597452595      
   44574721337.2242976753245506888060644      
   44574711997.8030769386687938553788046      
   44574701611.5529513938027625710353518      
   44574690083.9067146524167305341331515      
   44574677311.3376668653737553327580535      
   44574663181.9450312608657801654185372      
   44574647574.6596574848850692695403986      
   44574630359.8815019190543484270386349      
   44574611398.5905564868614176611063314      
   44574590543.5733125247628157069166512      
   44574567638.7169285517926726573745148      
   44574542519.1938423815615713589052595      
   44574515011.5588497652769721739382410      
   44574484933.5719008777240195538812528      
   44574452094.6490576709732630230071897      
   44574416295.1986814833504340247803309      
   44574377326.5512410949082492754613639      
   44574334971.1741066135638274048143045      
   44574289001.9954873790477925673960786      
   44574239182.1497690911185077474204242      
   44574185264.8134238147267502505205641      
   44574126992.6215704424623003328754514      
   44574064097.2688422164304250440889200      
   44573996299.0256985621857464323418436      
   44573923306.1970854994602550833174098      
   44573844814.5451294004747280170971428      
   44573760506.6406489179247737685361914      
   44573670051.3343696617980371708364426      
   44573573103.0002043885789015367719054      
   44573469300.8750746014745597882205438      
   44573358268.2328422151514868395968866      
   44573239611.7274759911408203277682567      
   44573112920.4148250471415117086523719      
   44572977764.9800446863907955016824902      
   44572833696.8348274996127907319681936      
   44572680247.0332004846412544226856294      
   44572516925.2631417214487178776882654      
   44572343218.7916034264804358983531020      
   44572158591.2391155219490750803516849      
   44571962481.2649080414557523444721843      
   44571754301.2506826072081084796040209      
   44571533435.9360682477327651284898253      
   44571299240.7296646509720113575045242      
   44571051040.0986705665434519871632052      
   44570788125.8449482477137871582350161      
   44570509755.1840671463040753917499889      
   44570215148.6990054824183892797100638      
   44569903488.2245509887021656978358538      
   44569573914.5375839524923510598990410      
   44569225524.9533749672126579020312085      
   44568857368.7981117032876751497332789      
   44568468452.2561424461579007539165911      
   44568057724.1210955817177226704127822      
   44567624080.2764438951764535186099518      
   44567166358.5452465421277472891512150      
   44566683335.2470574800380984232133270      
   44566173721.6505977025283150094128113      
   44565636160.0658891343772115536179661      
   44565069221.5876777152627356470340168      
   44564471395.3917105973349207115595092      
   44563841093.6198174455013325770645930      
   44563176640.7511248791313906096423781      
   44562476270.1903040988358482839304535      
   44561738119.1182268649145874233783542      
   44560960223.1466097717019035490197188      
   44560140510.6757019885554983808693361      
   44559276797.0451720809993594757393556      
   44558366778.3551203050848205279250267      
   44557408024.9211022063879857429473086      
   44556397974.6172645002737556853582936      
   44555333925.6990933015123759333877942      
   44554213029.3242582693105856994009239      
   44553032281.8521960950662926187150699      
   44551788516.4896461026712305128912381      
   44550478394.8192083241358242581167148      
   44549098397.6161047024576404554241672      
   44547644815.4521924483246891977724558      
   44546113738.5513823385286517552843872      
   44544501046.3335405132364469630482764      
   44542802396.2238931987605229018638124      
   44541013211.9127027280320467380553973      
   44539128670.9784829086717580905252440      
   44537143691.7136740612657273237577211      
   44535052919.2034536880666597908053026      
   44532850710.6755295818361571558355894      
   44530531119.7699376550637296457504771      
   44528087879.9610884180140869280975142      
   44525514386.8308498076591943450249203      
   44522803679.3754246020203245414344661      
   44519948419.7231000480914626131163968      
   44516940871.8689038837313667273818188      
   44513772878.7123581251322882999474749      
   44510435837.4964397822625932480784684      
   44506920673.6590079410917753492670785      
   44503217809.1192675870524759783993890      
   44499317146.7719582453127362068166576      
   44495208015.9513034289512235390407343      
   44490879152.5998647513539128970418482      
   44486318658.3288631937739897262195667      
   44481513960.3556656309574956075544376      
   44476451768.7563734418366879029414051      
   44471118030.4659370312877750451660402      
   44465497895.3748294437109148113364277      
   44459575605.7934037057972875929293388      
   44453334524.9187648664946648294980307      
   44446757024.0306613486569760085238650      
   44439824433.6402938516262219292124561      
   44432516979.0188212361373309951730448      
   44424813713.8284657940286622734820179      
   44416692452.9048209162633020643471530      
   44408129702.7237015370648709034362971      
   44399100598.2197268113006361618279230      
   44389578838.5611877064393903395974123      
   44379536631.3915359879270644970079219      
   44368944645.5680258805742360025450233      
   44357771976.7217303881077216939832360      
   44345986128.3060527375868428332097562      
   44333553012.9285835727415927337846579      
   44320436976.6378306300419613151199685      
   44306600849.5764715631696734635285247      
   44292006024.9164988043088436574776292      
   44276612566.7685011650005055052913056      
   44260379346.6114492876309509305944713      
   44243264205.7473281494117359993449217      
   44225224139.4955607176265096929661604      
   44206215498.1335435479668523143263325      
   44186194180.6450502209901204573050001      
   44165115931.6125522760800710543978383      
   44142936406.1305925534737668638228716      
   44119611483.6925121346772854787972924      
   44095097380.8439353671163951684733639      
   44069350961.0151506773351079957458291      
   44042329688.8293796744252864798454778      
   44013991865.1521320834982691302552053      
   43984296696.9625625450033017159221217      
   43953204373.4046369087428109147201098      
   43920676111.3383901431878442504317517      
   43886674180.1079515573808778439037049      
   43851161902.3224881822218601554755174      
   43814103633.5040350674940648335463958      
   43775464721.7399477077801649681271689      
   43735211450.2513482195777514423185993      
   43693310963.3035045851485360280110280      
   43649731182.1360779661057807097883588      
   43604440710.7174907320033496989275726      
   43557408768.0540785337650720019589405      
   43508604956.6880375277900622388399601      
   43457999369.0131828555729487589550900      
   43405562350.1872928852709967450681941      
   43351264446.5809882070788090002531965      
   43295076327.1283835816882399803113727      
   43236968713.0411346558574127035504003      
   43176912316.7314344006924669650841452      
   43114877791.9806480868149881749239350      
   43050835691.5165602666780763425068513      
   42984756434.0512156644214310856091753      
   42916610277.6866285048492404704234510      
   42846367299.7082186068867281171437208      
   42773997383.8102595723359028246881217      
   42699470206.6548241501210754069094609      
   42622755233.6105348056726998208067363      
   42543821713.4298064203242516343620000      
   42462638675.1053054157960767146855275      
   42379174929.5166589917328748576634660      
   42293399067.6346969096968284349644765      
   42205279463.1346945889180777549315937      
   42114784274.0121990071388040198610417      
   42021881444.9301823437312444536072967      
   41926538709.5455193631019461849290027      
   41828723592.5693516775676771451612134      
   41728403411.7772183200062657864300243      
   41625545281.3164150368349050470937010      
   41520116113.1377962423927188235621122      
   41412082620.9920059250127343076094650      
   41301411317.4784707577353536898341526      
   41188068524.0754735681826823682964551      
   41072020365.7793798495812487696087674      
   40953232773.8070258004538850340278733      
   40831671490.8779245388424800467133396      
   40707302068.4444313619376914920958065      
   40580089868.9134006068670275844176395      
   40450000104.8347011202968642179231758      
   40316997685.5695999501031657106042139      
   40181047453.8830017831123820460745365      
   40042114026.8126830853376539610115225      
   39900161836.0495741846863711801748360      
   39755155132.7935838499194085560281644      
   39607057973.5049171858548002300204089      
   39455834242.7429508304630274223582492      
   39301447638.8498270665311870812314498      
   39143861677.6071640108943569932406231      
   38983039688.7170788595959479169311717      
   38818944822.2539288527530989899758644      
   38651540045.2954797210778098814858041      
   38480788155.6773230939278900694710725      
   38306651736.3796929659198119546682142      
   38129093211.3086089154806685831583953      
   37948074837.7413374510564863604522584      
   37763558666.1521087473005798590071988      
   37575506571.5301619266551186092265536      
   37383880247.4871062406548246286342712      
   37188641206.4836942548297854877747881      
   36989750777.8909858404870059335404425      
   36787170108.8482345278987660803747981      
   36580860164.5075701128071563901530147      
   36370781727.5753438034902079290156456      
   36156895398.0458275118991535226511246      
   35939161592.5308107171851291186849428      
   35717540544.0390062799100870842472040      
   35491992303.5093694199946058507304788      
   35262476738.7796040498362334409496563      
   35028953533.5105948685743464929877861      
   34791382187.8276900903122196917682276      
   34549722017.7187602886453436170456143      
   34303932155.8170061694945736156144747      
   34053971549.6189730165530148117660413      
   33799798965.0741259787925166095816438      
   33541372975.7330645453842734447020110      
   33278651977.8945024256353700467523061      
   33011594180.2942692307918211420247331      
   32740157606.4163027414968294297158271      
   32464300093.6918663634204623322174725      
   32183979296.4956194485427577170270021      
   31899152680.4976365956637110846169084      
   31609777525.9914268291921453715142987      
   31315810928.0356434276163420806007687      
   31017209795.4549952542017675399688067      
   30713930849.9277496732645448051487437      
   30405930626.5815560928252000781761308      
   30093165473.6853073095127092180755498      
   29775591552.4789006237090458282520114      
   29453164837.0246796201694279038433760      
   29125841114.0237227777835450647927949      
   28793575977.7354702284116214763796209      
   28456324848.4658512990982229819962967      
   28114042945.2644955798324049806789456      
   27766685304.7979533143932158421243942      
   27414206774.1013603217677073570181940      
   27056562019.5438987177311009215363594      
   26693705499.7469180907306990838778419      
   26325591504.1197480302057963889686346      
   25952174126.8510432572217880632625587      
   25573407273.4386910083994930127067718      
   25189244660.5830335401960641628220871      
   24799639815.8448310197977725487544757      
   24404546079.7679218985908393634273243      
   24003916598.8351828991577802372513628      
   23597704335.0859221609392887850964971      
   23185862059.8966692196429981230360944      
   22768342355.0545773006924139984360139      
   22345097612.6575393063927212145558307      
   21916080035.8864638077532058441995313      
   21481241638.0008644355588043611447010      
   21040534242.6550511974868208519948824      
   20593909483.4805781060362464441778927      
   20141318803.3141118515266057496831916      
   19682713457.6481890526819992173414445      
