   47.311837794686646        64.307185167865114     
   47.308133835357012        64.305280012383591     
   47.303794957666291        64.303036600534142     
   47.298764956148268        64.300421319875113     
   47.292987355969004        64.297399897437728     
   47.286405374635493        64.293937584991198     
   47.278961824463813        64.289999362753363     
   47.270598935030890        64.285550137792683     
   47.261258073656059        64.280554908215947     
   47.250879400005587        64.274978891828056     
   47.239401383139807        64.268787570978205     
   47.226760256119597        64.261946671149687     
   47.212889369554965        64.254422043559487     
   47.197718475317522        64.246179458253835     
   47.181172947944333        64.237184301901436     
   47.163172970066761        64.227401193336476     
   47.143632704154633        64.216793524758003     
   47.122459464432396        64.205322938337432     
   47.099552934328862        64.192948765011849     
   47.074804419599104        64.179627423091787     
   47.048096189675647        64.165311815594819     
   47.019300898666337        64.149950723667331     
   46.988281125543153        64.133488228202040     
   46.954889037637450        64.115863167708724     
   46.918966170057431        64.097008642678873     
   46.880343370010038        64.076851587765020     
   46.838840874821607        64.055312421045585     
   46.794268523302151        64.032304762134771     
   46.746426130357897        64.007735252610104     
   46.695103993626532        63.981503465138125     
   46.640083514033925        63.953501895342733     
   46.581137743423220        63.923615971906983     
   46.518032948090529        63.891724531634715     
   46.450528464610187        63.857699635540691     
   46.378378265866907        63.821407137298074     
   46.301331724434746        63.782706967521236     
   46.219134460413287        63.741453484598537     
   46.131529107301539        63.697495834981311     
   46.038255919450009        63.650678267452022     
   45.939053188801587        63.600840385622618     
   45.833657392106581        63.547817291515898     
   45.721803098944442        63.491439627004212     
   45.603222511602837        63.431533437524209     
   45.477645136106055        63.367920092471707     
   45.344794668329499        63.300414851368771     
   45.204390817003315        63.228827756300376     
   45.056144221762899        63.152961181615261     
   44.899757496607776        63.072610307626540     
   44.734918241452760        62.987559598586671     
   44.561299986251157        62.897583128251831     
   44.378557150617368        62.802441919600540     
   44.186321681078219        62.701882025300279     
   43.984199038176506        62.595632243554554     
   43.771763766914852        62.483401559275684     
   43.548554658000505        62.364876324828828     
   43.314069307712131        62.239717080614945     
   43.067758195807784        62.107555069164121     
   42.809017884181770        61.967988265826392     
   42.537183514925729        61.820576994471089     
   42.251520050166491        61.664838858724721     
   41.951212407986475        61.500243080740283     
   41.635353805613114        61.326203876094723     
   41.302933813853855        61.142073746151539     
   40.952816671903783        60.947131435513292     
   40.583730655582563        60.740576191951348     
   40.194240249823260        60.521512657915963     
   39.782720470996949        60.288937209065082     
   39.347324706730681        60.041721074118747     
   38.885946769361368        59.778590691610439     
   38.396177456477794        59.498105656185210     
   37.875258144875225        59.198635816467309     
   37.320039461872248        58.878342201724152     
   36.726966429839806        58.535173822854837     
   36.092139645359815        58.166907742675683     
   35.411554827138787        57.771288463931313     
   34.681695880852153        57.346361151988120     
   33.900651180459725        56.891087080809655     
   33.069537737645540        56.406114960572268     
   32.193129543430352        55.894102011434320     
   31.278619006936779        55.359024766146725     
   30.333807348277066        54.805221550515036     
   29.366890912459407        54.237326753876225     
   28.387275154428988        53.660729592758976     
   27.405708304080761        53.081613117570768     
   26.433408307590430        52.506422457553342     
   25.480817626939793        51.941136589933663     
   24.556594639395861        51.390690162050106     
   23.667126796099659        50.858703779458565     
   22.816475533627425        50.347462721054988     
   22.006681695760996        49.858101832391988     
   21.238187826315439        49.390852566345444     
   20.510282089432895        48.945298749714105     
   19.821487970291457        48.520598592400191     
   19.169872742975105        48.115658770118458     
   18.553271768619016        47.729259746188511     
   17.969452804469345        47.360147799518401     
   17.416203049212800        47.007081607822705     
   16.891400388233411        46.668872279082407     
   16.393043858651104        46.344399612124974     
   15.919268918407024        46.032620351540288     
   15.468351330607534        45.732570272720992     
   15.038704251329426        45.443362602326651     
   14.628871557791504        45.164184404623306     
   14.237519282875233        44.894291927886258     
   13.863426295567310        44.633005512396529     
   13.505474926779071        44.379704425741330     
   13.162641886393894        44.133821813421413     
   12.833989680948905        43.894839882308432     
   12.518658617879582        43.662285374658680     
   12.215859446239856        43.435725363995410     
   11.924866633965335        43.214763391473554     
   11.645010971648784        42.999034864730277     
   11.375679231904270        42.788208176908221     
   11.116301190842961        42.581975165406298     
   10.866350566199184        42.380052991498282     
   10.625339676521136        42.182180715105829     
   10.392815777912338        41.988117156077301     
   10.168357854611093        41.797639032720269     
   9.9515737381963074        41.610539302177223     
   9.7420975833764629        41.426625738345912     
   9.5395873532144808        41.245719380455476     
   9.3437230911345424        41.067653714180629     
   9.1542048427705627        40.892273388810025     
   8.9707510597232947        40.719433342344971     
   8.7930971159705802        40.548997969998076     
   8.6209939595204386        40.380840372931900     
   8.4542069118718146        40.214841690114135     
   8.2925145730981598        40.050890492240292     
   8.1357078318992304        39.888882237480097     
   7.9835889725287910        39.728718778652258     
   7.8359708591194792        39.570307916351545     
   7.6926761948789517        39.413562992708435     
   7.5535368436230215        39.258402520387222     
   7.4183932188097259        39.104749849842527     
   7.2870937123847614        38.952532855055232     
   7.1594941651454667        38.801683640208033     
   7.0354574235070286        38.652138305359067     
   6.9148528830379687        38.503836691615021     
   6.7975560530885630        38.356722130277923     
   6.6834482463535725        38.210741290727057     
   6.5724162056819511        38.065843961318741     
   6.4643517569924454        37.921982851881303     
   6.3591515814414956        37.779113481067853     
   6.2567168663266131        37.637193961422604     
   6.1569531254723282        37.496184914941942     
   6.0597698945517520        37.356049283245468     
   5.9650805726350082        37.216752252272123     
   5.8728021723503954        37.078261094252824     
   5.7828551391438081        36.940545066278638     
   5.6951632103596115        36.803575339916868     
   5.6096531893670827        36.667324847585512     
   5.5262548143319021        36.531768211093166     
   5.4449006481756737        36.396881692427499     
   5.3655258724911983        36.262643039361507     
   5.2880682202088192        36.129031470744302     
   5.2124678077975162        35.996027550950977     
   5.1386670572066251        35.863613159753704     
   5.0666105701568700        35.731771403184013     
   4.9962450227227508        35.600486544752144     
   4.9275190892257070        35.469743966265995     
   4.8603833321917280        35.339530087144155     
   4.7947901235773029        35.209832313404391     
   4.7306935748055219        35.080639003800336     
   4.6680494534844712        34.951939402552860     
   4.6068150975849864        34.823723579778751     
   4.5469493743414242        34.695982416953491     
   4.4884125949022371        34.568707536583517     
   4.4311664552601737        34.441891265819578     
   4.3751739881063347        34.315526606769573     
   4.3203995015766843        34.189607191918071     
   4.2668085232584634        34.064127236070448     
   4.2143677544563145        33.939081515044755     
   4.1630450179834737        33.814465314421092     
   4.1128092368154192        33.690274463743989     
   4.0636303481403733        33.566505196370649     
   4.0154792947706026        33.443154198353234     
   3.9683279780604988        33.320218559831972     
   3.9221492146472756        33.197695741833307     
   3.8769167132714983        33.075583568547387     
   3.8326050252509085        32.953880176189074     
   3.7891895240973117        32.832584010862313     
   3.7466463705371678        32.711693799607865     
   3.7049524815758637        32.591208525909607     
   3.6640855042991092        32.471127413716239     
   3.6240237877104384        32.351449905698544     
   3.5847463574428224        32.232175646343201     
   3.5462328903183820        32.113304461829237     
   3.5084636915257423        31.994836346766800     
   3.4714196723861592        31.876771447075861     
   3.4350823259639292        31.759110044220794     
   3.3994337098649265        31.641852542249584     
   3.3644564226023244        31.524999449407233     
   3.3301335868004833        31.408551370823190     
   3.2964488292318932        31.292508992144093     
   3.2633862677719518        31.176873079213511     
   3.2309304876568650        31.061644451316742     
   3.1990665295247132        30.946823978439607     
   3.1677798727086928        30.832412574705739     
   3.1370564218553145        30.718411186814382     
   3.1068824875441057        30.604820777854751     
   3.0772447798915947        30.491642334893022     
   3.0481303907106354        30.378876853145496     
   3.0195267804498478        30.266525325908557     
   2.9914217671205892        30.154588741921387     
   2.9638035143468393        30.043068079268220     
   2.9366605199677931        29.931964299333714     
   2.9099816062013537        29.821278345373781     
   2.8837559069099110        29.711011129154997     
   2.8579728550279619        29.601163525006800     
   2.8326221850205004        29.491736395942475     
   2.8076939085029653        29.382730547977410     
   2.7831783131652603        29.274146750661728     
   2.7590659557181292        29.165985741233662     
   2.7353476393406289        29.058248169890735     
   2.7120144286534971        28.950934681481343     
   2.6890576199290224        28.844045828354698     
   2.6664687601874628        28.737582186700919     
   2.6442396054685151        28.631544197491124     
   2.6223621325721340        28.525932254030373     
   2.6008285471947454        28.420746751959882     
   2.5796312431529747        28.315987956593098     
   2.5587628189029736        28.211656094631334     
   2.5382160777688023        28.107751371742793     
   2.5179839995689330        28.004273887150372     
   2.4980597533547657        27.901223711060116     
   2.4784366868643861        27.798600852436476     
   2.4591083050455560        27.696405205927384     
   2.4400682908798412        27.594636648255761     
   2.4213104960693919        27.493295022099574     
   2.4028289175732711        27.392380064752221     
   2.3846177120063534        27.291891484714466     
   2.3666711843932515        27.191828940002495     
   2.3489837711662647        27.092191952970541     
   2.3315500614772784        26.992980070006872     
   2.3143647766897288        26.894192757906033     
   2.2974227695748382        26.795829426714825     
   2.2807190207850860        26.697889431597535     
   2.2642486350604010        26.600372073155054     
   2.2480068382025924        26.503276600501852     
   2.2319889734511236        26.406602211473551     
   2.2161904982059664        26.310348053838350     
   2.2006069806710440        26.214513225746327     
   2.1852340970208890        26.119096778063245     
   2.1700676282130091        26.024097714737817     
   2.1551034571908683        25.929514994481064     
   2.1403375661326320        25.835347532999933     
   2.1257660347342062        25.741594207942761     
   2.1113850345443099        25.648253845115292     
   2.0971908292748340        25.555325235195738     
   2.0831797709403985        25.462807128290702     
   2.0693483006296769        25.370698247920398     
   2.0556929406375972        25.278997269522915     
   2.0422102959900457        25.187702837374630     
   2.0288970514193561        25.096813562470128     
   2.0157499692310656        25.006328023744221     
   2.0027658872570426        24.916244769388140     
   1.9899417174433194        24.826562322490243     
   1.9772744428469646        24.737279173191485     
   1.9647611150853508        24.648393779297667     
   1.9523988552903591        24.559904581191571     
   1.9401848500716994        24.471809991087515     
   1.9281163509490902        24.384108400910634     
   1.9161906719868746        24.296798179306926     
   1.9044051882614144        24.209877673352974     
   1.8927573348523759        24.123345212405706     
   1.8812446049245790        24.037199107670240     
   1.8698645482540557        23.951437653189608     
   1.8586147689743655        23.866059120665419     
   1.8474929257428383        23.781061771727874     
   1.8364967294084726        23.696443851856511     
   1.8256239422585530        23.612203595952355     
   1.8148723761844967        23.528339225553502     
   1.8042398917694551        23.444848951349986     
   1.7937243971020791        23.361730975478434     
   1.7833238461079148        23.278983486095623     
   1.7730362382178861        23.196604668104065     
   1.7628596165691051        23.114592696600074     
   1.7527920673766721        23.032945741454334     
   1.7428317184125164        22.951661964648629     
   1.7329767376566083        22.870739518389154     
