   45111354113.1599050998835953016486193      
   45111349196.2608700459329816157739694      
   45111343649.6248900046902319692101077      
   45111337361.9942352092491797866525294      
   45111330207.3101803907037694282373623      
   45111322045.5691435527356194044510363      
   45111312722.8182005031291237484595609      
   45111302071.8737544883663739662994149      
   45111289912.8527453816942446295837738      
   45111276053.5318864509377344020614116      
   45111260289.9865436503528554374803953      
   45111242406.9388446183952420119614350      
   45111222177.9304602246485281687866210      
   45111199365.6186970015930106738848483      
   45111173721.7025075542593162232759348      
   45111144986.7577834950458931254407936      
   45111112889.9402296628595873703794043      
   45111077148.4477505069723622190532975      
   45111037466.7716896470881250979856833      
   45110993535.8470201086246664516961877      
   45110945032.0397981101050297493438512      
   45110891615.7278116212004633401366070      
   45110832929.9667114403807490467489152      
   45110768598.7977087123240242300046688      
   45110698225.4211729072244718122218863      
   45110621390.1526911202416409022592302      
   45110537648.4552462558109869239325961      
   45110446527.8066390665261201862677221      
   45110347526.0492138362966964343186955      
   45110240107.9242504885869551199299217      
   45110123702.2869647257627603301192747      
   45109997698.8240502808415825559291439      
   45109861444.5588127092201287521907727      
   45109714240.1040166857480398822657775      
   45109555335.7056906545767020081303206      
   45109383926.9822047702743427404238998      
   45109199150.3173500691072324088407296      
   45109000078.0004989771217811733371098      
   45108785712.9550657545733118940268229      
   45108554983.0516433731060082172841500      
   45108306735.0835786423000712310370902      
   45108039728.1545901539576671175660964      
   45107752626.5926698019624985501031447      
   45107443992.1958346930143805836759269      
   45107112275.8725116574288824907527996      
   45106755808.4231458225348515123072495      
   45106372790.5039552319998803640336497      
   45105961281.4389262072931938690623203      
   45105519187.0387434955935568363924336      
   45105044245.9069702559700986598887893      
   45104534014.4364091924776281301748513      
   45103985849.8973738470914441803721089      
   45103396891.8106473483744050401649082      
   45102764041.2449748795490697056670889      
   45102083937.9973093512178761443003816      
   45101352935.7143350790291196867239951      
   45100567075.1003411571889064339577710      
   45099722055.6954335337078904041807645      
   45098813206.6806201239689060721995417      
   45097835458.0951586878639183124317517      
   45096783313.4239886064901975443827660      
   45095650825.4570462259069604975824380      
   45094431577.1318314610047551990995950      
   45093118669.1131064101785085807138850      
   45091704715.7087123646138405009405831      
   45090181849.9707630065624434004725837      
   45088541738.2365032457168519478138661      
   45086775603.4205463209430438693637019      
   45084874255.3772528998943404032866751      
   45082828126.3895521780506345547806694      
   45080627308.9223560090813990045058683      
   45078261593.1807737974003819805379852      
   45075720502.3159874348838531818321863      
   45072993316.4983657304953667727057653      
   45070069124.4623514778758670811694915      
   45066936807.1566469626479657860111892      
   45063585074.8860295416380566234012063      
   45060002471.0321204003940727877411965      
   45056177376.7783364987858186776341036      
   45052098012.2924991325907045254979164      
   45047752436.3655683189155773443945633      
   45043128536.8461891895357751348713073      
   45038214034.1126399758697241058873372      
   45032996469.4298628860896483750512408      
   45027463199.8991228012990146286349515      
   45021601391.8055599050075215959953830      
   45015398014.7599506429566838711817384      
   45008839835.4228211269662567247218089      
   45001913411.8946428744652987110434842      
   44994605089.2598265431403242162105299      
   44986900994.9419784314650339971455238      
   44978787034.8653401873093070363090730      
   44970248890.6876878884907947497406125      
   44961272017.3280598875796325522249050      
   44951841640.9940069059690727269376760      
   44941942758.0784363455748267390704275      
   44931560135.0951742042115824143650273      
   44920678308.6307566832299446170458324      
   44909281586.7619865454452962103844119      
   44897354049.7671966813606944407515738      
   44884879554.3289306390685051008158489      
   44871841735.4758661460191928744237423      
   44858224011.2211313077173249324308815      
   44844009587.2099718888342690832698381      
   44829181462.6802979491262975211761208      
   44813722437.0869565008691558217313033      
   44797615117.6375061546754732676130380      
   44780841927.0055088487466062284013112      
   44763385112.4427371980314578919480255      
   44745226755.1513481497892221664452810      
   44726348779.9768930940051879327446580      
   44706732966.1406702468307960826651728      
   44686360976.1618514990469365552560243      
   44665214289.1077169298770421242947865      
   44643274327.5810817310862029196457181      
   44620522388.7130887078989965044625210      
   44596939673.1276856726730778203275078      
   44572507292.1408964311432152432339573      
   44547206275.2889649640913920385955227      
   44521017570.9271810704647215821108370      
   44493922067.1686874846500709869453869      
   44465900568.8095779440613076786476108      
   44436933814.4887830131590836797849897      
   44407002469.8461322450851067834288094      
   44376087124.9053297747175446210717908      
   44344168287.4761720577181767258275617      
   44311226375.8743617849743003514675195      
   44277241709.9572048978757379589044427      
   44242194500.4737250010698762946912457      
   44206064837.7413538801576515206508840      
   44168832679.3411340089561827376790570      
   44130477837.9848389266317390161911680      
   44090979969.0312475463457188342828319      
   44050318558.4100765207102473632929636      
   44008472912.1935326914978254785458483      
   43965422145.3880712647911514674379278      
   43921145172.6761609342487086640552916      
   43875620700.9294363400328323997025358      
   43828827221.7141851259391176987195487      
   43780743005.2544002664948343965001617      
   43731346095.5387373582721198340873002      
   43680614307.6846829846545177727487152      
   43628525223.5489820814971753716890122      
   43575056191.0434496005621640483439887      
   43520184321.8348492275298285395495395      
   43463886491.8262846180920654336274391      
   43406139340.3812029935464420776674789      
   43346919270.6831879179436090157922989      
   43286202450.0055900880608573096289711      
   43223964841.5044904961045720259863402      
   43160182082.4665197018860528326650654      
   43094829673.3016848677271432650204223      
   43027882852.1426141040512248650435871      
   42959316626.4589879347596201005372643      
   42889105779.0625003998229534707038332      
   42817224863.2654079777421611802545350      
   42743648212.4246147097620085828951414      
   42668349933.3340178190428274716953482      
   42591303915.3154320398249055371264832      
   42512483825.1054571123913103389507810      
   42431863114.3769876811956290302026807      
   42349415013.8047897113561168778437879      
   42265112543.6821261285037024389058386      
   42178928508.7951451986466622098384216      
   42090835500.8810120330706379239772160      
   42000805901.5212518956987705282640398      
   41908811878.3811251639438923646428246      
   41814825392.4785040879383011543533512      
   41718818197.2494611178454753012195626      
   41620761835.2579682485019595943037716      
   41520627645.8374893896057931816410881      
   41418386762.1860223800541495681213236      
   41314010116.0055373062476542011526854      
   41207468434.5751739944619182934150574      
   41098732236.7074192356479526607671078      
   40987771842.6223443531342056524416493      
   40874557371.0710401548366033521072508      
   40759058739.4887915953654580665530855      
   40641245664.9611650445285753398064938      
   40521087665.3650119337816649697784359      
   40398554058.8282396493710318261144244      
   40273613965.5240869289536082780364388      
   40146236307.4552173988123918558445143      
   40016389809.2472337851346700036397533      
   39884042995.9705845781995601550504584      
   39749164196.5805179616194186635624705      
   39611721544.6030446334181937666969615      
   39471682977.0685275345043747396358578      
   39329016235.9918731066569113061234039      
   39183688867.6808913772598594190352626      
   39035668223.9564813813443513644121336      
   38884921461.0784015573624069271875754      
   38731415539.5898953453672488431130589      
   38575117226.1000711544899079409266332      
   38415993095.0785088378682160236256857      
   38254009526.5913125199810864499318065      
   38089132705.4863483230579638829034414      
   37921328626.6414005107989816152844017      
   37750563088.5861612649079064701302580      
   37576801699.2639682324793567952896843      
   37400009871.9861053081498626457531738      
   37220152828.8178777109240419731931920      
   37037195598.8585443793086860174291605      
   36851103018.8453899697211479134909631      
   36661839731.7997331234803044063063361      
   36469370194.6630065664567422590504712      
   36273658662.7170934850609023577440015      
   36074669208.0784744726563337974198260      
   35872365706.0767657211990894485926694      
   35666711841.7629860456548418480117016      
   35457671112.5955825260967345381431187      
   35245206821.3343077330232518838162543      
   35029282076.6438823938212270378762009      
   34809859799.2278839581320809494882319      
   34586902717.9517237467309379560362900      
   34360373371.4641868828971184930892238      
   34130234106.2596516502346148382977120      
   33896447078.2723279293988383402358108      
   33658974249.9942188374099195034899155      
   33417777400.3854286981725478417597425      
   33172818107.5439847050793848611809184      
   32924057765.9265585748571831883321262      
   32671457580.8904547511275818355911919      
   32414978555.8707437603441048690235530      
   32154581518.5507083953062547768965153      
   31890227095.2264664036647429709495081      
   31621875727.8067939798254202602234263      
   31349487657.8618889189594327344515931      
   31073022946.0724953282331416756201571      
   30792441460.1302665349422681637957080      
   30507702877.3548287717746792654896411      
   30218766683.8260687043709597089333245      
   29925592175.3498800010744520163593839      
   29628138460.3531553416266638946936693      
   29326364446.7627853920772908815923865      
   29020228862.9774690486976144304005788      
   28709690243.1141789857022977718233251      
   28394706930.7768708615976673630005365      
   28075237079.4341710476064680075851674      
   27751238650.8646308961275555362506417      
   27422669419.1775883775861852613959452      
   27089486970.2451315595409537909818681      
   26751648682.3327430425644685487618878      
   26409111772.7859688090238154807858333      
   26061833247.1899492443855064081229573      
   25709769928.4980282819754618599814048      
   25352878446.5338463079985257715490574      
   24991115250.4224881977412954211629224      
   24624436568.3400062974728951865677243      
   24252798478.7224492639812054195776982      
   23876156850.1012137897550801659984190      
   23494467361.3546740810593936835059865      
   23107685501.3454840080603629823309690      
   22715766571.0205011278058230765516285      
   22318665680.3429976822765994965263245      
   21916337749.1904145719803397852743966      
   21508737506.9167887876165629898897214      
   21095819479.5404923305027426417069562      
   20677538052.0971660686899628763937786      
   20253847346.1469853339981001115823370      
   19824701345.3911982721644854206305576      
   19390053833.6165644247288530567754918      
   18949858390.1973131866814668229636780      
   18504068424.7888550770074144677531946      
   18052637138.6509944940041513201453760      
   17595517556.3592758518387873474939489      
   17132662507.2818209273955640402754119      
   16664024633.5830819866179585940972881      
   16189556382.1886024439466777096141675      
   15709210013.6093247976162418465433499      
   15222937598.6124692437392458450280129      
   14730691006.8563373546911027703094590      
   14232421937.8691349459136184965550179      
   13728081892.8210663405949531361860822      
   13217622182.2188075461748725341275589      
   12700993926.0963240347287520988991203      
   12178148057.3985151157549986980725795      
   11649035317.7572272425231109013346128      
   11113606260.2765750057592339733214103      
   10571811243.8103165864855562025861646      
