   372.874581664227749078831068494596882      
   510.644197475040280099146811450633258      
   676.754637495505859142156443366801021      
   870.976343656559179525605078130186441      
   1091.80337313330358439862553022194337      
   1336.57747213275842012720771776249632      
   1601.71146015522460850838276639967861      
   1883.16191333792555615249373120356567      
   2176.85597179907736669434623066799465      
   2479.24675851489796560720236228026395      
   2787.85913426585398334993360045341962      
   3101.71956680967729874721667338401196      
   3421.78176699578062598360015462617814      
   3751.13792879928254143034059222408082      
   4095.19509115003569199282020150912162      
   4461.58766204684561337583028776530507      
   4860.09805510646050797203614215427583      
   5302.43699701471099291396110589109075      
   5801.92959431355661134587275460281152      
   6373.19263443330069097817679821580202      
   7031.81334842991321075457234680987314      
   7794.02821661113531803682920294942961      
   8676.43266473196473085859115685231206      
   9695.71857691224761959818570630948909      
   10868.5045842384714667731037643691346      
   12211.1473764724021258072916908140682      
   13739.6745148354647890660620043981617      
   15469.7200603556897317859968041914515      
   17416.5466637780345416322098811961644      
   19595.0876482150198243066237964563360      
   22020.0158121943869044164409133308180      
   24705.8829915801461711028314166074269      
   27667.2862517097882469011909935703173      
   30918.9872624033853920983370584274923      
   34476.1736557641959364993933499122434      
   38354.6351998800447087571064271648682      
   42571.0002313491360816018865530546673      
   47142.9718202208342283874126810579777      
   52089.5725471989615660020263150461794      
   57431.3941966067753468160552976886145      
   63190.9002196149622818469465020740890      
   69392.6271327191430937671615939793184      
   76063.5256768060666653427985858380381      
   83233.1865874108193039336174104738678      
   90934.1921935381397625875337067761972      
   99202.3750435199147287975911710981111      
   108077.133031330435610356242292687814      
   117601.781810339852973091814779926829      
   127823.860662197242069556965860836935      
   138795.500206830621738925371415720366      
   150573.796405492377763568363858052562      
   163221.221670621917537012380458347056      
   176806.011280238448179031535549020849      
   191402.711940584962084435827946993116      
   207092.357430020798686086438559638137      
   223963.364786210551028165922908458242      
   242111.838699962763090698534741051876      
   261642.398873025363338180473913563477      
   282668.525027292247747073930888967768      
   305313.001871415347897760976655579682      
   329709.384079337840653140618372207304      
   356002.478126240405463395059599102606      
   384348.203038199436080035706508876428      
   414915.898679662509529014037163597174      
   447887.832419681405383199464624443940      
   483461.265764085499705792849645652466      
   521847.930048725550290562688783988772      
   563276.181537128722604893829535300328      
   607990.796805859424370645980380352747      
   656252.625769969201314745162492342979      
   708341.460890509039811479915692646616      
   764553.179788113819462424382698136460      
   825201.186900043490156758850430781072      
   890613.587765245672274628186333386597      
   961134.871805046931091356547100691097      
   1037123.15925883723354384689749377982      
   1118945.34896597784382038179894814918      
   1206978.79724654758770652847921690409      
   1301607.25499750492531189238932464291      
   1403215.56129758596301427327784354155      
   1512189.28027961226703550037672096237      
   1628909.99516847533497428307081315364      
   1753755.01519412423120858871901038491      
   1887089.81131046853903862731691675851      
   2029271.19846957084440110169985461134      
   2180644.76327241932725052284140987171      
   2341539.92552811566250160258144493567      
   2512274.68270938701283799890939716470      
   2693153.19865537843788392886746566965      
   2884466.56356478143235282474475637841      
   3086494.35068464049366561291917978135      
   3299504.47717752366978968514760315984      
   3523758.42102073164168289908605677856      
   3759507.74910744009230085368960590733      
   4006998.17854445925311787532534755749      
   4266473.05117249241414282617112100795      
   4538170.98744954612833221580077364651      
   4822328.97659736673762666064654244934      
   5119183.32128259592107431990436526423      
   5428971.11771304900369787439968324649      
   5751929.37731930956178695062531485395      
   6088297.40428318017332982005481075793      
   6438316.36330534068279281179207757313      
   6802229.12918427190839031736672666914      
   7180280.94547214014652489327631923979      
   7572720.29931986600009245685535020359      
   7979796.88480492738608406572570773261      
   8401762.85311479694852972500087310399      
   8838870.63954533310767804426265715191      
   9291374.97967352495778596931091855067      
   9759529.72394360103855820364436936414      
   10243589.4922110931083166471016916276      
   10743805.6328420750813864653267092951      
   11260425.3762335835221427192076036139      
   11793693.1886729159548163909075386579      
   12343844.4303477423022799508916379535      
   12911108.0543914491074290554764982177      
   13495698.3637448386020516986872180095      
   14097816.7489739088926962828308035536      
   14717649.8852183490106770311152077106      
   15355361.2293118436412482592144987619      
   16011098.1560560963187017932995994731      
   16684985.1761501310674889088435281160      
   17377124.9499906825142643734926191728      
   18087596.8630636893204850126382012428      
   18816466.3723027226714022454565439018      
   19563776.3609504878750260885831847610      
   20329554.1369748999530503546028604638      
   21113823.4668867251385229623501108301      
   21916595.6448829076975004332662966347      
   22737881.0575262425591406304992739180      
   23577692.3917919086013904244968540517      
   24436048.0909127725370146092611607497      
   25312977.9040507258157772834222958468      
   26208516.7149836287337185581946390317      
   27122719.9654319660560573848043952288      
   28055658.7860338407658259352071605123      
   29007414.1889877072886289449518535113      
   29978090.3976940656274462633829693356      
   30967806.5741570140468786693882110107      
   31976697.7364254863157567332877196995      
   33004914.9815267023715718150704373098      
   34052622.6763430744977933045252870930      
   35120001.5693984613363201808870174260      
   36207243.6383883928098447369793027680      
   37314551.0967736230794542190803173807      
   38442135.5061970235420877020742174113      
   39590217.8838927040167385957974232461      
   40759025.8044873519174963173325235679      
   41948793.8963803677229662732681584381      
   43159761.4144164949157490154364126562      
   44392169.0136172168238305123011171474      
   45646263.2446523523502926368194209694      
   46922287.7997208125211123577569993385      
   48220491.6399407711219503083696040018      
   49541122.7215138159183585445560473895      
   50884428.9976110079245096508105012679      
   52250655.0684423979786429657905884134      
   53640053.1460968799750976541920394276      
   55052865.4606345235440700097205571610      
   56489332.8490782320777579038901732894      
   57949704.0997490079738513066847877629      
   59434216.4721801278826449042024203164      
   60943108.8749742260440652389165844857      
   62476618.5126809989190202848022960488      
   64034980.6897889007940352789699805197      
   65618431.9216829489662897141264247729      
   67227197.7211175028139649421043294672      
   68861511.2053471388436520916480637913      
   70521603.1955744500254274859452937296      
   72207694.7967639416356846556244005224      
   73920013.6321568693150522878664511530      
   75658783.0288565999281786607518898785      
   77424224.5613828384355063614547538084      
   79216558.6576263612948833807377012856      
   81036002.9004060565812815288189066329      
   82882777.2026435800502115597566959603      
   84757096.2520658853451810426267067640      
   86659175.6911258293206668982773022787      
   88589229.7273456661683457766131455842      
   90547469.0993372940202436405016457416      
   92534106.7735043075002877614535449041      
   94549351.7136235335766832803789599955      
   96593415.4170507899758700370337914303      
   98666505.6296852267374360859708696657      
   100768830.124397674162001692479276304      
   102900595.884191033172885268390472195      
   105062008.895025156030175864070846886      
   107253274.362251716818026140634889240      
   109474596.732224008364308014168401492      
   111726179.532109692414414519266260233      
   114008226.359402013457476026104500006      
   116320939.570667575180996054697250203      
   118664520.800290864601228686927080443      
   121039171.516082452965419290273954284      
   123445092.560746504042285333261027279      
   125882484.685698047542123932544813991      
   128351546.637606874315737902282713227      
   130852478.026166799610682844782092320      
   133385478.066713031155235998216663520      
   135950744.488177717326372318476688027      
   138548475.138993904180316818102950822      
   141178868.676730996523029563018881427      
   143842121.199964403422619385555070206      
   146538429.768293622425457561918320001      
   149267991.368493073046056013056942936      
   152031002.833593961867456291040442278      
   154827658.534766589019489236760659908      
   157658154.761930080874103573221661863      
   160522687.368862816142372991706416074      
   163421450.937777360145772677044877638      
   166354639.642966524230661493947694362      
   169322448.250362776191287070993361098      
   172325072.481531572907651599515247323      
   175362705.748947858713060703071704932      
   178435539.937787215801403675202470176      
   181543772.677844315217297329990459923      
   184687595.234713063286002240097753842      
   187867200.348142673489114766081895607      
   191082782.802595975011377672951293515      
   194334534.682104561935711193433739847      
   197622649.779152966258720120121370336      
   200947319.538334221162688327374872311      
   204308736.752743606750803202959695854      
   207707096.178701677422202742954058679      
   211142587.154846526711192000811345743      
   214615403.177181161892625440702147687      
   218125737.557337826329306513190567512      
   221673780.730323183958411040594985246      
   225259725.569642693211313484425128905      
   228883763.707591841151518321400209004      
   232546087.715600350737890341395502893      
   236246888.485598295570456498882065304      
   239986357.670933401313892105576316286      
   243764686.610178196434636168829012176      
   247582067.323650360979817716094159808      
   251438690.120530846762922432619510214      
   255334747.160563929296969958536498067      
   259270429.694522941329281068551035761      
   263245928.863617424556623076151483669      
   267261435.770136917884126035130274362      
   271317142.411720865496319026164140519      
   275413238.934554333040432853419642859      
   279549916.162698103172772799971546738      
   283727365.219834205022446859976153142      
   287945777.231672198715533193046209511      
   292205342.391026647248235975643508211      
   296506251.847197350934695195633749305      
   300848696.138543459815648580458104212      
   305232866.534272025149969171174396426      
   309658954.096860523045244578874671245      
   314127148.939427499363672143648020546      
   318637641.994562321818890500546669026      
   323190623.545420707748765731266206174      
   327786283.660822920113997471387601760      
   332424813.713182033626996356853197433      
   337106402.884259827445582577498763528      
   341831242.347487569647382120103881338      
   346599522.402941258387496612491910578      
   351411432.907813373920250942966684008      
   356267164.914810648304191341386785640      
   361166908.677551176339596426793414620      
   366110854.647684770174884000524063965      
   371099192.718096523787461725906076318      
   376132113.715723064209933703009121395      
   381209807.639690824279435318462274560      
   386332464.312507978920168230639963912      
   391500273.600213569291817956424763321      
   396713425.955128620272554078969095455      
   401972111.099255311835828019330324555      
   407276518.661324462181624520638216301      
   412626838.831933410373207256598868286      
   418023262.763906751072639879211347053      
   423465979.035781977579668297206718557      
   428955178.032557436697248866630181331      
   434491049.958486638440498937576503488      
   440073784.750591094050037778750811932      
   445703572.101019933143495186332080772      
   451380601.859297500231187546195668442      
   457105064.559385065995619851168097653      
