   1.14434264825291181078669908761554398      
   9.77665672125174107550069310837796621E-0002
 -0.991658751313074980935131715150520762      
  -2.01073244546438336185738746649191173      
  -2.84404955114148143261134941042926875      
  -3.38379169224042067936440655758415497      
  -3.54361265446412569825817697206607565      
  -3.26691932498276443677547670908288762      
  -2.53298135464313589949751221929304825      
  -1.35983873620662046148390462253823418      
  0.199283678053700645288585960635340969      
   2.06216135897520639808462809365999677      
   4.12493994233434938588967300721231041      
   6.27501937007895491122766285235853089      
   8.39910591586767897429462858097999270      
   10.3966019032663352404975304304050225      
   12.1825731046994356087277622735343773      
   13.6977500613176899785628367590542520      
   14.9050770225557458827228219943485130      
   15.7937393618902564577601736956725107      
   16.3723228105528070585432283644845020      
   16.6700154278511491125850011395721797      
   16.7253169418073160378713719119593853      
   16.5883234276342412576804144009046351      
   16.3119643322054987135962563122872539      
   15.9514871193132193432459097643975698      
   15.5587191900528762974210937630416311      
   15.1847606729116600755137478034129509      
   14.8735602361600049943665622433693431      
   14.6646157839457638601664716693070214      
   14.5916489683790312082454950650163098      
   14.6835641428193008429038793397073671      
   14.9636935475813607276553632447093256      
   15.4515018382984352699108711706684641      
   16.1619695665445422147766297568908551      
   17.1077684585444405272790587895230057      
   18.2986859202228298871727799143361477      
   19.7429601028560213728621533624484501      
   21.4480329220567533959484819993470126      
   23.4198065417487203278879112359396180      
   25.6656083521939045801219309572942011      
   28.1916523076600476520790600991976016      
   31.0055838812698619127831793075071315      
   34.1152054268296507920752917204023173      
   37.5307204948706465577616739513489520      
   41.2627137481622306376068965090912673      
   45.3238317574971489407583315784134704      
   49.7294097867509829192349438125310458      
   54.4965112893701582184491294937976253      
   59.6436613623593979147560100162727634      
   65.1939937558591099621986234295298436      
   71.1724831972170521889067273382856907      
   77.6044538096973583058750297014100052      
   84.5335555207445098954913160401282334      
   91.9816853800400038763882637332320530      
   99.9964384230027555756612125626549444      
   108.611268809368100213940728275646217      
   117.885729319834854769696103044948682      
   127.864131100862758844475162396228638      
   138.591579643502472000101431720080751      
   150.112300025335806200218899969701956      
   162.479362319284740393393867279287869      
   175.711327405697067569976333409588399      
   189.830771108690799894973227874523743      
   204.781020997785279185978666694737744      
   220.534736815738045823537487582614223      
   236.973567397452264759589988198433342      
   253.933894246830046762093559296206222      
   271.220255601097092345884491657447371      
   288.523668229572644747746268360990858      
   305.542960224587057614795618172587506      
   321.895695632534490036520056820797481      
   337.167990331044272782759942703782477      
   350.941670898772049721835102704591160      
   362.806667774482266824698439784988840      
   372.366245946789169751559666345148612      
   379.304803183009851354913410883708628      
   383.403957316397848272800472886015547      
   384.574347786272479211985221771682550      
   382.760453237938078352574454091807929      
   378.148434441015803274603434824125079      
   370.994365929035868261077634383117953      
   361.614831625617232496372803962173545      
   350.494702161978122806739973234701227      
   338.113005247238624998470241562948588      
   325.018031664220573082919072221073060      
   311.712079932110189304085263116701742      
   298.668775158387062288081377935234718      
   286.353351957535063491239495145237884      
   275.068142904216180587488256339249688      
   265.081821374573182680748111989916239      
   256.569615916400167975264142973140030      
   249.593618158094392089044017936771793      
   244.156778757911049007103078760996767      
   240.193861955043001327980164447582799      
   237.604548283957851471415808940927069      
   236.232323969198037418612100116280353      
   235.887838227313352729537654197209748      
   236.453553792108776710019605631445594      
   237.716037640528999722139616244888210      
   239.518072974947763582634447661072276      
   241.697375057028636563594036213039990      
   244.126885900169445204299668234969597      
   246.619783201615902079151508370575627      
   249.076221174179744628358305034464886      
   251.330888260934067529247264050708092      
   253.249150358495292506005032621078580      
   254.646504854369574861631819752172991      
   255.362915637324762210950037867932243      
   255.162759157519730194796771381648025      
   253.757960860821011097911211408412064      
   250.974277219630530475282608035563795      
   246.519727635821335318897451008832579      
   240.069250980515349771069469439463286      
   231.412760575904639434750579791323438      
   220.394351158950305545033959017843916      
   207.025507960988059426535549143322409      
   191.313127464912617801666574702313648      
   173.568890514031456210264863817380925      
   154.146344411912389860090445852159023      
   133.545945422024536934635513040441907      
   112.450978705982395178195992706946552      
   91.6960211311810652385100356320889081      
   71.9303894097124497669050541843745249      
   54.0703678241845295331768533966404142      
   38.7587675869846227591630333386905621      
   26.6393565204579256182370410346056133      
   18.1349853664868266011802850479379851      
   13.5643850828381122442515385687486489      
   12.9718373657652476297770231959400109      
   16.1442974705794846839677793760647938      
   22.9261088839882350942121956686877090      
   32.8230383946025352698860848494348209      
   45.2587485191753801525378805672374883      
   59.7125374734095114286161824455991195      
   75.5621780123595878015459906878076816      
   92.2830647892374853427595299203609147      
   109.249569149518329689074067240098079      
   126.070207820301119934821470485995221      
   142.416658956258442383835182218548927      
   157.863916906735203802307086495041136      
   172.252996283971404039806406047854815      
   185.455854737488464689686226852984149      
   197.284866622091929405083998425902471      
   207.773614695443244835185041905141576      
   216.976411494350643389898021700990423      
   224.745151389280996390331002124475855      
   231.242214923903030526197356086233490      
   236.476173928427014509642647865122215      
   240.668577851470461340770798848988319      
   243.710020482874631615928415046470357      
   245.920567005059969124633949529231776      
   247.346299900280393348493344957218057      
   248.065314144255867020045378231081170      
   248.194902546483857198101527646351688      
   247.923825723746217425204339714803404      
   247.162964414800529129389150309688700      
   246.146565072494808821542177151418967      
   244.817562388104888867363996014046292      
   243.303229859455300158601331321715040      
   241.612862833428770213541553168141280      
   239.877889654181054300422662499154635      
   238.085016650028917390819937349026929      
   236.162371947806690006441687420993579      
   234.336219732303957537800839271443068      
   232.521667880763328842098554044610240      
   230.688386713520246436303149494402739      
   228.937102477127326004983802250481460      
   227.225761547485973871996465254177697      
   225.620977860976579156051069102744157      
   224.007430845177367341819715478228626      
   222.449871610252844388202899330985695      
   221.032124911999691612534042072074336      
   219.586941472724791822608464519660067      
   218.200270845325655542362569173254215      
   216.886101943848277730866245386132086      
   215.612543156059024530181907241450446      
   214.332121562284116694369200568928417      
   213.178980316327586886762864000270636      
   212.016870653047894087858213867814604      
   210.969119119376367997156083036272324      
   209.993452132722984372241148943810187      
   209.096401921754232295196710734078936      
   208.147948228356631649538930609816468      
   207.268130738186939565179048503775616      
   206.426152435789876022171182980540231      
   205.617424955298584712662808583977730      
   204.858161597762940392017761344339764      
   204.141941955586410252327225269147550      
   203.456976888408921899168697396210815      
   202.803330574294883561205354777215805      
   202.184578820725226187026297839135480      
   201.602869305357892031602000168617034      
   201.026620139904785287276034053195352      
   200.483906692035125249301052717890621      
   199.956017783283514915487598673253503      
   199.473593693899234834842560020812296      
   199.014100359547362845130886203012259      
   198.587046702822730182336602992127782      
   198.174891867671791744123586805459050      
   197.778765672518064559221927378622109      
   197.406492178006274072789535850715948      
   197.059593550464448319899484688678746      
   196.688770569460037019042836561105279      
   196.367023856922520629096877884812398      
   196.034214895920619329234468988602897      
   195.735178257182814451823440431855861      
   195.436583049114034876466470299620311      
   195.178011046600789275881832026122802      
   194.932074266083691884876231897450520      
   194.699132502210748399811951222949289      
   194.462742415476972726106965165126302      
   194.289308167767417254617349548298189      
   194.053028546842362430724281384511916      
   193.825701160843522295146176375686580      
   193.632720457780796292323612527644832      
   193.458928089851189240259544688400311      
   193.289985771841639040165141323867185      
   193.111756472353439741738482064983759      
   192.979079558814259532260567889552752      
   192.870463330824162391526299602320599      
   192.700233070934473544926973598226963      
   192.582004882302349650331142196569331      
   192.460938419956777400380447140281431      
   192.349651810280160953237772801867582      
   192.243601488051124700993565856006243      
   192.116467547691309689929777799423541      
   192.047319050370473916331438944608584      
   191.951123210601557789836536792579378      
   191.831629968845386937138538368694462      
   191.742444240390136470681929140036496      
   191.624284849203354894398919636097478      
   191.549725227867342431199062729725155      
   191.489100424268089714473801558017647      
   191.406430030025838326384563922716223      
   191.373394845472076728333357941888808      
   191.310992658408616858996523513797993      
   191.247489865701671857040525058623498      
   191.190914933895402632517631662055871      
   191.142356995246903749481945483994613      
   191.070403149751655386143624732719447      
   191.002323590926264978901483970086703      
   190.954069397227538625650221253041242      
   190.912147076169459036737966524258126      
   190.869895490069597849726988743054159      
   190.836089344674094117198463962161294      
   190.808431399151686940172843369650409      
   190.772293026889839006793005373727523      
   190.740546411966380101287474478449991      
   190.667937420089358518111341006675082      
   190.611082813150962837724891257320301      
   190.546292911249844352895197900641065      
   190.504972814811365946846712278291889      
   190.468513517007695847364643703482731      
   190.434007191746060724824314238514095      
   190.422451197988308532715076909567387      
   190.409403839810051812937904326564072      
   190.392072744846401165147184551267775      
   190.390615243054938523800314993652325      
   190.358594799214363308893421369178395      
   190.323614100547957939824207348081165      
   190.279744398973236239655155719049642      
   190.234358589029032564222112716988376      
   190.187068498782211900946282566127440      
   190.149018698177457558591586691648032      
   190.106536295477617634914350575075828      
   190.062848897111655513963614254008779      
   190.027313330494437374980665620266396      
   190.003675912709815604610559928891393      
   189.981118382402104728479024797897404      
   189.983415827700415419877836761648590      
   189.980616750831276890355787250755137      
   189.980786202907157686570855312946202      
   189.964433619854594508324811288212927      
   189.936750007231765138416245641045707      
   189.913738839537254014694745079143272      
   189.857687365964165347863270138079746      
   189.782366094648727600182118270243264      
   189.731721009935539437740561453538779      
   189.707906277910422599429288482338156      
