  -10.7835048271046778420947054503191105      
   477.112902132891316145056628484081649      
   1134.05134683999737530236971951422524      
   1992.11142440350411186912439309081789      
   3082.71623386285948235159201411116671      
   4435.11461341046605332544112342126052      
   6075.31037555341246407651001754115036      
   8024.92308630927755314666871343007077      
   10300.6135678441649241454050794542024      
   12914.0936553439019407854970725046033      
   15872.5367064717670214765918686416861      
   19179.6057493846107718258334824329698      
   22837.0381431011474188719768349218734      
   26846.5895347545555242915231541069349      
   31212.3786501726755055424899492215073      
   35943.2461731953413370606475074046315      
   41055.3402291491203711461818654109759      
   46574.4136003453760110355129788846474      
   52538.0425171771056262636635655906022      
   58997.3398988521397433258781632154536      
   66018.5222522748463544766214883305383      
   73683.9087668676995873586665574411517      
   82092.5683020378441516043221924462257      
   91360.6482706889616819253143385663797      
   101621.294888160258381018678308133122      
   113024.280795102474336239356716408447      
   125735.499719417189729690097391978959      
   139936.022428061824248444781049036526      
   155821.330008479643904976645666919070      
   173600.207506217601362223966259714049      
   193493.648004169619001879516902828601      
   215733.858359552529848683561858419996      
   240563.114762805836033489800001043703      
   268232.795251379377802355089258425469      
   299002.469223151507524505766757919889      
   333139.003726964064357976824293131883      
   370915.886504725153173302028547740527      
   412612.640868775787094564897188454065      
   458514.301489407587531420033211088577      
   508911.084442920477374425711725139485      
   564098.244965013185543739515908017468      
   624375.952338033590144829022896405350      
   690049.370349519981530936243449537412      
   761428.942568868650358621877140507408      
   838830.680603107506896277522945892690      
   922576.656823206032842086373174846849      
   1012995.73098878275457395535842302037      
   1110424.20314868313993025766688796156      
   1215206.76960960109248353748127007577      
   1327697.62146878757618698751452712667      
   1448261.68564674039986063144162834815      
   1577275.57324341711149340404957161316      
   1715129.62475401187289029192766918027      
   1862229.04731053308363662764693963133      
   2018996.14995194066034109448873111696      
   2185871.76501471907417169381627089376      
   2363317.76314969567210489688840456064      
   2551819.01734575728176475105519194099      
   2751886.10214630365363458643396385301      
   2964057.44457162912232095848105607828      
   3188902.80917664448631907229532070199      
   3427025.44324174758193194391632924239      
   3679066.03999682815466645114090830026      
   3945705.58300979205152770869149838404      
   4227669.43012085627269354271925447670      
   4525730.64834348175408662105492607025      
   4840713.93704442209053837928276406419      
   5173501.65044073793065056330720705972      
   5525035.89255005717911006405006475383      
   5896324.30763124485697416503097231001      
   6288447.36705007023739272895997352453      
   6702560.30750514744192583190294713291      
   7139900.68136879296841725898736917099      
   7601795.83538537775864573803150995336      
   8089666.78870227126680525276642067818      
   8605036.65942758267909322488853009612      
   9149538.33627263958874207727531582372      
   9724921.28468050892089638500565469120      
   10333060.0296642293864375258524327702      
   10975963.6940856708024306306227135082      
   11655784.7283922426425782680500754172      
   12374829.1616995963496127532619762988      
   13135567.0480379275681154491965359779      
   13940644.4126758457165885814291452437      
   14792894.6615628862350677765319545277      
   15695353.3183064221579244599542976407      
   16651270.3252197877861947375721220170      
   17664125.7342788606924788138292070732      
   18737647.1685872783279941198997789637      
   19875826.6103713199853511048648891776      
   21082942.7785875346566650732891825696      
   22363577.7844122662915347318304557529      
   23722644.2295239098829887134838087466      
   25165411.1624180277121527159107934869      
   26697528.0575005600416757718698401114      
   28325061.4362187697022892997092047222      
   30054526.3675083488663848434058574666      
   31892925.0127648652206886362246802222      
   33847787.5757809520783398443896926029      
   35927221.6101468215597973175966727502      
   38139960.7452849707441354596850187537      
   40495417.5463463972644029316436556427      
   43003762.1858554932514536433624444586      
   45675973.4784560339211544012248342735      
   48523928.2736976572507285687067721773      
   51560501.1050397602649142647557649128      
   54799633.6240548346901662577166065515      
   58256443.3338340422316782593092051793      
   61947324.1572357512841354657451631549      
   65890018.6181500572413261382406295141      
   70103702.1020924877119839454466780485      
   74609026.7502633837661276259316544842      
   79428148.1526415133625046529315694704      
   84584704.0233956538155759883605367060      
   90103766.2533652076460592967255749187      
   96011759.5910072665500565561381021390      
   102336305.782477299879454275490492131      
   109106099.611455789267006753260617878      
   116350702.029670452615828103965181622      
   124100334.904171566593116087010098135      
   132385713.865250349372005337788921675      
   141237809.273595095060166367238187466      
   150687691.220033140374470267806153469      
   160766391.659922116510483386348410265      
   171504728.809416485542951848038210181      
   182933270.787522541490924994582491747      
   195082256.194984764256288886956061860      
   207981548.623538655005369396495332696      
   221660663.357184281006915603652948200      
   236148770.346019318589033656489514503      
   251474727.709820154400429912176884799      
   267667123.904936523916977095613235973      
   284754328.949935678927274464330970046      
   302764530.427176400154524999633411734      
   321725784.091894224812596659461480657      
   341666051.645663983842977679554448017      
   362613239.029338185527937045950343068      
   384595223.270264354314636088461318721      
   407639888.783977559343063939384306624      
   431775128.770173268205745313900008961      
   457028883.483134622230203616093235940      
   483429135.240090290623030878676909970      
   511003926.093897149686214458852353690      
   539781345.743280764042960645682899764      
   569789542.166221806640151156873381082      
   601056696.438364314272868427180029778      
   633611029.067036457926309875794203607      
   667480770.767702187463979978719160742      
   702694157.641089040298292701500488591      
   739279399.050496975077202378323320754      
   777264659.094007361354341150060073938      
   816678076.851782533012108173461457100      
   857547689.378500976511237842367776250      
   899901445.159031175861809535569459963      
   943767244.040084251526629441948044763      
   989172839.183626388855831311801647688      
   1036145887.95414568050979134868872216      
   1084713983.33318254085863306831165221      
   1134904591.19668283016805123110475250      
   1186745106.97333138632805102556230755      
   1240262872.02403868190295513174075108      
   1295485169.90437579271651892402601878      
   1352439267.19809024252790247238491153      
   1411152423.25057947314065551020930880      
   1471651930.87934867081634385032231473      
   1533965123.74806089226444445683745908      
   1598119420.01253130202579448006450250      
   1664142344.49930914519541718276085704      
   1732061540.67038968500514281875365219      
   1801904801.72577708227682732724943397      
   1873700105.37389783511928631951382799      
   1947475600.37379845659574966398615773      
   2023259660.93963549565208599989413164      
   2101080862.40529723251704548211165963      
   2180968021.02221514251884184450079452      
   2262950189.77607212378355183202055202      
   2347056657.11644860005911196653339939      
   2433316968.00303582591140788413725884      
   2521760919.08197295869772611873595293      
   2612418548.40933859658315980821872014      
   2705320152.94902023861228006719913232      
   2800496286.38886255977720981099097322      
   2897977742.59303310301031778605120702      
   2997795551.75708689694620093058529946      
   3099981031.73081269028818116313338619      
   3204565699.38472158216068712141181434      
   3311581305.04877588111197024774299958      
   3421059897.05665541248675362385297492      
   3533033695.54714738388420888192067096      
   3647535157.15106234731803767234162677      
   3764597012.26922042744613318011975119      
   3884252169.12791484653548266358820742      
   4006533771.02333507706960569044620367      
   4131475193.36972217451803228581592610      
   4259110015.61575502806566076540360264      
   4389472041.29611784176107524283517623      
   4522595276.18512035130006847370623866      
   4658513947.11203179722713570490089758      
   4797262489.96901455089060734904729107      
   4938875538.70368105891173077025861163      
   5083387941.34482457226816748416293281      
   5230834750.01800211065548822221719132      
   5381251212.63756438796005144546443620      
   5534672789.37065302509211342383501016      
   5691135130.07004509919499220748582813      
   5850674089.29924836555997797719062916      
   6013325712.48621104662433973475127510      
   6179126250.22850867195120742964428413      
   6348112144.28456253985462096831706512      
   6520320033.26235103365989874031272736      
   6695786748.55993659667306631309691080      
   6874549316.06396979712865859676877085      
   7056644954.55005886829686597523727476      
   7242111074.55015868646833276652046075      
   7430985278.34962821058137043012721460      
   7623305360.98673802537664502831265358      
   7819109305.81228307136747508093109634      
   8018435287.86349239321184370318012183      
   8221321671.79288885948517852943640587      
   8427807011.75691809715702031334757064      
   8637930051.21271828325770742030541471      
   8851729722.41614552707106253814991953      
   9069245146.97373147025127748804063879      
   9290515633.49300343546041090200900089      
   9515580679.84815656779695688882302180      
   9744479971.89792331324766145659889218      
   9977253383.22260777078849089262169547      
   10213940974.4107364141158831431582210      
   10454582994.9406496393394770786124397      
   10699219881.4022881084954695956648676      
   10947892257.0679690977997988758505721      
   11200640932.7802718034658295496770903      
   11457506907.7110932408430315602947872      
   11718531366.8381651173405551340907820      
   11983755682.3950972822273649163833928      
   12253221414.5336855142434357892104593      
   12526970310.7500738832501812728155858      
   12805044304.3353183232607146221430632      
   13087485516.4669859884392590924363642      
   13374336256.1767524189057760538892540      
   13665639018.1405247488959455135969169      
   13961436484.8058570243719722848627984      
   14261771526.3526402373223783186351028      
   14566687199.2104161358307434300156870      
   14876226747.3056041800204255739693390      
   15190433602.1193983750188216054539813      
   15509351381.9513723218887832567662919      
   15833023892.2085827568288105707341710      
   16161495126.3178929019037376620105393      
   16494809264.7217343017922382861464078      
   16833010674.9698769859051635304433082      
   17176143912.4251116805426570544299320      
   17524253720.6995364552936828945100294      
   17877385029.1387394277397206020870834      
   18235582956.2547007980329188154567511      
   18598892807.1602794787754804313930716      
   18967360075.5896745193024179740028977      
   19341030441.4124555065598400577970349      
   19719949774.6742946610521829052153581      
   20104164130.8024297508291892693317727      
   20493719754.1927902881874816443377675      
   20888663076.8531401423726506050300778      
   21289040719.8676588681932643296192148      
   21694899488.9616108655622134011548687      
   22106286381.8247892985064793360232641      
   22523248581.7177105164992981295047956      
   22945833460.8346236294551683102912609      
   23374088579.7495478962409685821622733      
   23808061685.5768510810858480379436315      
   24247800715.4784205031397069759127218      
   24693353794.0397471610474128559977121      
   25144769230.7292846411429543932690317      
   25602095528.5655145861434761004491166      
   26065381375.6685705286750475279215753      
   26534675647.7972007308324813942266838      
   27010027410.2128537626781406917392391      
   27491485914.9659788188095266496093471      
   27979100604.5150745337417011880254679      
   28472921105.9566039650265366213036800      
   28972997240.7993200865718377884305060      
