   44683866137.7000402656482501275758921      
   44683859330.3949729210602845074086103      
   44683851906.8010166555259970495942457      
   44683843771.9523400866502076173938996      
   44683834813.3216148504943507227845806      
   44683824900.4482098036872693135299979      
   44683813885.0801919653052379619079732      
   44683801601.2624765449173799839923629      
   44683787866.1540230684132752284829842      
   44683772480.1533815870431835925498193      
   44683755227.8854553333178798816987939      
   44683735878.5859607933991186534923526      
   44683714187.0950330710901581752094706      
   44683689894.0990799261216427172869520      
   44683662726.7927300606547986083230573      
   44683632399.1333646160801255467506186      
   44683598612.1409379186136914923578091      
   44683561053.8772846162125605121918912      
   44683519399.2709133382195919810633650      
   44683473309.7608067166323653807261947      
   44683422432.6852665133104139012460561      
   44683366400.5670706881641067816827823      
   44683304830.0397683271198637645549176      
   44683237320.5856831848299452875126840      
   44683163453.0777547542320654506596819      
   44683082788.0135790825505540946443182      
   44682994863.6318151792194382468049133      
   44682899193.7168502016823801205553993      
   44682795264.6214744636902367096209420      
   44682682533.3907151483685025425215790      
   44682560424.1220570917463696804926199      
   44682428324.8710283578361590639105424      
   44682285583.9207069761964330408101835      
   44682131506.0131901381667273125484732      
   44681965347.9631727811545996246598818      
   44681786313.9999076324874642059405363      
   44681593550.7640197372922562009875439      
   44681386141.6714144071627208136817107      
   44681163100.8644529029323455516327908      
   44680923366.5245042753696335529151382      
   44680665793.3664746283745059860922044      
   44680389144.4017628822238666713487755      
   44680092081.4601948195269332544043874      
   44679773154.4210028295925196312071691      
   44679430788.8557361687081241418349133      
   44679063271.2967772123892129345913908      
   44678668732.1057460284077986139548459      
   44678245124.9100077618677327303239845      
   44677790201.9716216976913715837120645      
   44677301484.7650565435396900965288034      
   44676776229.1808454548307502475069737      
   44676211384.9378646311713826801748114      
   44675603549.7424835814084723577958167      
   44674948919.6251085329861177854603915      
   44674243238.0569449772248977245665254      
   44673481749.1779263955757561742207479      
   44672659159.8561392415997638539605032      
   44671769617.9474369296099712041244294      
   44670806711.8425005903138478192852407      
   44669763494.0846746612339244908460376      
   44668632528.3637081765292455581370734      
   44667405954.6522290226401199895142609      
   44666075564.3805390535226820752722236      
   44664632876.4903883163200553188581087      
   44663069206.1116959571420018896156498      
   44661375720.0223621109167436214147213      
   44659543476.5836345636503765350078886      
   44657563450.2580526634774680855739232      
   44655426542.3317630230540796067967285      
   44653123576.8261574836556926999501617      
   44650645311.4603579281869589883122484      
   44647982399.5319236396252101397098706      
   44645125392.8036943905836185838114319      
   44642064722.3908001595693104281745056      
   44638790683.8835605968190478418534995      
   44635293423.4737174691479692074623524      
   44631562925.1681227067007848878852873      
   44627588999.5158260035243053536187824      
   44623361275.1276402252054613164871854      
   44618869183.7141029196824924546484841      
   44614101969.1976363447739150391745247      
   44609048646.0067252906699695705073939      
   44603698038.2622076074345108525555393      
   44598038746.2544382924734269304295775      
   44592059149.5030275614004697940147153      
   44585747402.9913867324235683521145226      
   44579091434.1378752214174922258817730      
   44572078940.1466664296063517669467613      
   44564697385.5095569249861097517923410      
   44556933999.9711044996518509460234606      
   44548775776.6656342777150037672531549      
   44540209470.5616564942971960253894440      
   44531221596.8621188561404487602630807      
   44521798429.8184717542526986888803272      
   44511926001.5313994954828039716042278      
   44501590100.8783034443447700347301973      
   44490776272.7037574925181601979055849      
   44479469816.9145351668942973934085786      
   44467655787.7084008985364135009888565      
   44455318993.0211209494589560517708812      
   44442443994.0483028954569332069793593      
   44429015104.7080057258493716440450757      
   44415016391.5399276477193229142738936      
   44400431673.4300150601290574460390400      
   44385244521.6856780496160361516591047      
   44369438260.2218972411699063422441432      
   44352995965.8237656028706002984619352      
   44335900469.3660580488029571726602469      
   44318134356.2848790671169029697030770      
   44299679968.0424219548146279785583358      
   44280519404.0739913784625455575647767      
   44260634524.0084202206319241768315948      
   44240006950.6502985165935361657504052      
   44218618072.9952528333266755905478184      
   44196449051.1503256127353283088660024      
   44173480821.1526723251543322907937727      
   44149694100.6419153424415029561055199      
   44125069396.4128704783275508077052272      
   44099587011.7614634031361229091426863      
   44073227055.7831916214157752092576048      
   44045969453.3977316204617944056566413      
   44017793956.2733941314435946768886401      
   43988680154.4213412342855502570158332      
   43958607488.4030500978737813044365217      
   43927555262.7894278830083987501914642      
   43895502658.4070096567106799157831923      
   43862428745.6444546432880621453419247      
   43828312496.2850562220355306782294219      
   43793132795.9707913129074261888098525      
   43756868453.4998059186374194480164351      
   43719498210.9026213757095205832408813      
   43681000750.9335037615463409896386550      
   43641354702.4933503940793561875437707      
   43600538644.9927591105065768307486609      
   43558531111.0023331269948806509407603      
   43515310585.3464099312738675858555517      
   43470855504.9273962208268677139117696      
   43425144254.1262846706330965382100509      
   43378155160.1664923748393254544198184      
   43329866486.1125626655716883139917205      
   43280256422.7242813299879636227408180      
   43229303082.1852705365481376577888835      
   43176984474.2638069248013781204874099      
   43123278515.2000881642636150434998332      
   43068163002.4393154916221026103423713      
   43011615606.0506666503764847749482756      
   42953613857.0209749579906259524022068      
   42894135135.6184763374413006908250033      
   42833156660.6498588007811958888262774      
   42770655479.3697981901884009041744402      
   42706608457.5703556163250090805735429      
   42640992272.1531157350037924901215411      
   42573783397.5494549330469037301265351      
   42504958121.6832398757308425893520883      
   42434492508.3466539350024919413423844      
   42362362413.3436429077213105584642099      
   42288543518.3764204780518360866638880      
   42213011158.8530506978778516629222827      
   42135740580.2984102172412437832367907      
   42056706762.3526899624238481039945413      
   41975884460.5596958942784535541240376      
   41893248208.0707124672777993503835000      
   41808772314.7779869728510065737906899      
   41722430867.6783043944501463058295177      
   41634197732.0769272752133525627056115      
   41544046551.8902101610417520089266817      
   41451950751.2821194328155399906719026      
   41357883535.3794839291061570463952856      
   41261817890.3473364616934367182867352      
   41163726586.0500204096091519469057630      
   41063582177.3305681635707583974247146      
   40961357004.8713497637465446767183651      
   40857023194.6753638289819790964977672      
   40750552665.9654387914626664523953337      
   40641917122.2461278441356890383754664      
   40531088060.2946982695867773108492018      
   40418036767.4650223526980427977679958      
   40302734326.1322541675037702189412048      
   40185151611.4599159828975889380322575      
   40065259297.0751345888708301944341763      
   39943027847.5331147170249465228012709      
   39818427528.8534678665526220511917855      
   39691428398.8250109363087657364657589      
   39562000322.2756789032313088408031733      
   39430112958.6514095283543797704855605      
   39295735769.7380625681985894051178572      
   39158838017.9187505388244665652238896      
   39019388767.8505451533510998875658388      
   38877356886.5722206105027242582090625      
   38732711043.9980610724055802019582851      
   38585419714.1688162186994026658897992      
   38435451176.4803517363066088029770025      
   38282773511.3413145521273683951874333      
   38127354608.2384812877252107493508033      
   37969162161.3437777461057362676592632      
   37808163670.8457410648254706498722553      
   37644326444.2259180531806108274278351      
   37477617595.5129700201932741936177090      
   37308004044.3996000358462560907175275      
   37135452519.6131030438888636168509917      
   36959929557.4511310299613869788057770      
   36781401502.8760405181880103381991451      
   36599834509.0728650735180840985459168      
   36415194538.0824131332040795193457229      
   36227447360.7021076984265254528855388      
   36036558557.3872085414276031856675915      
   35842493517.4892762128400022247991067      
   35645217440.3677342720871752956577157      
   35444695335.0806067721162456838421706      
   35240892019.9161328426709760270104605      
   35033772123.8518934358311638419877300      
   34823300086.7220355560205894652977167      
   34609440158.0185684689791679216882180      
   34392156396.6186086529073342441549905      
   34171412673.1036074617024469017930597      
   33947172669.4498177953102982451910755      
   33719399878.5790211112815538599832035      
   33488057601.2413414685069439985979987      
   33253108952.4481828646071390041585143      
   33014516857.0591787891841648219936793      
   32772244049.8544736673277188096078115      
   32526253079.9534280792324470348741940      
   32276506302.0452540035725685229822640      
   32022965886.8811833653854733647054880      
   31765593814.9083994862739304324216670      
   31504351877.8517833658010622001935458      
   31239201678.3779920030144018088657827      
   30970104629.6648253558645222896092096      
   30697021957.7104720356587347819681623      
   30419914699.2561501458261354893191107      
   30138743702.7297724455019727597263854      
   29853469627.3087923977538989290596596      
   29564052943.7379088937829198834424800      
   29270453933.7219860146110081210504471      
   28972632690.4741892582846661125125577      
   28670549120.1441479023331348963815048      
   28364162937.4986979875821719572160174      
   28053433671.1017177913047767615042408      
   27738320659.5876316403161987778640257      
   27418783053.0111075696179576464344495      
   27094779812.7559610215816394061992478      
   26766269711.7174403655539992773632740      
   26433211333.7308986240608254689368556      
   26095563074.5349529228107344975954936      
   25753283140.8253274656357899386963681      
   25406329550.5372943824734456054396251      
   25054660132.6883153265854630698599984      
   24698232527.5612452692057712199391312      
   24337004186.7613114763308655236948659      
   23970932372.9190527616746481682767726      
   23599974160.4391913973312286757258534      
   23224086434.1104618648887659486961728      
   22843225890.4073837056110629773345163      
   22457349037.5411893770972508910558516      
   22066412193.5872982498894023335589023      
   21670371487.6380377222494037737261203      
   21269182862.2323078294135146585012462      
   20862802063.7397264417214376539971677      
   20451184661.7463873218176471620913893      
   20034286027.4221404801960079356024630      
   19612061346.4292897344851664128805580      
   19184465614.8721560308986568528761188      
   18751453639.4955043644835427230490045      
   18312980038.9119829883088147746427749      
   17868999244.1265525036438053168158563      
   17419465492.4129292767273630492856888      
   16964332836.0821980060054175434088954      
   16503555136.9217842677905639245205044      
   16037086069.7701697637761027723752961      
   15564879117.5637550137153916763928771      
   15086887574.1898633227469759759323527      
   14603064547.1924480356958580691870839      
   14113362948.5876543206477649519019526      
   13617735510.2154755513083676873498106      
   13116134771.0046942407261487544217046      
   12608513078.8372564668289087061720460      
   12094822594.4968643392585196522304572      
   11575015293.3735430057809418124707562      
   11049042961.2257020547044745728001501      
   10516857172.9809983905073813771360087      
