   44683883462.2965305721330997870856017      
   44683878092.0308738259873764949846709      
   44683872291.1708923088832555022702412      
   44683866012.5883533929149612472366023      
   44683859194.2794018452195839735858139      
   44683851757.9933957126523767861105133      
   44683843608.4793162715364249555446361      
   44683834632.8528588424682655365683388      
   44683824700.3105218563393589357226608      
   44683813662.2597707008225703806155360      
   44683801352.4151343591512124619158961      
   44683787587.6109553624140102317463403      
   44683772167.9355234655069825592148277      
   44683754877.7159099570866152072361553      
   44683735485.9006215941460779142744370      
   44683713747.0583803893899834511199577      
   44683689401.6110405477098683838927340      
   44683662176.4981934170798674521685200      
   44683631785.4257749478183238142680403      
   44683597929.1768521762869904085320821      
   44683560295.5361983252557554612165507      
   44683518559.2048818404823377776738196      
   44683472381.3496156368025807889340079      
   44683421409.0314851918186801477156068      
   44683365274.4809439888739528181266200      
   44683303594.0146714696606724120097084      
   44683235966.7734160444990853406500272      
   44683161973.2574187547290657071494763      
   44683081173.5553829154336286879691821      
   44682993105.4582832949800254605388322      
   44682897282.2573372102535093865112726      
   44682793189.7612793423146028929932443      
   44682680284.4243611510471826057705293      
   44682557989.6622052895814745671649006      
   44682425692.8281646458899144770748993      
   44682282741.3991161124146253842002769      
   44682128439.2416347487835533210160866      
   44681962042.2083733536139052800281894      
   44681782753.4754034336020048135345957      
   44681589718.5240639600434769868642365      
   44681382019.5035839978960807388088377      
   44681158669.1658940305013611954644334      
   44680918604.1666480755723427492461806      
   44680660677.5454474599981639641682568      
   44680383650.4670849183524027409416831      
   44680086182.7242914783130673203004487      
   44679766821.9364997200729978912006349      
   44679423991.1581596051972180026940787      
   44679055974.1010624609544467632177928      
   44678660897.9461516051836490136230883      
   44678236712.7094111207817794795828408      
   44677781166.5247141795737856855935739      
   44677291776.1246446942811308236740479      
   44676765791.9341386581259904601385172      
   44676200157.3748411623711428966114659      
   44675591462.9373272289932634352639197      
   44674935896.4544163298016446244402542      
   44674229192.2536586710994081342937134      
   44673466584.5009603259528312302634099      
   44672642769.4975901658214742825741552      
   44671751884.3145059393745893369607697      
   44670787506.7775187142356377670797937      
   44669742679.5570352857330649149235478      
   44668609957.5642900937480749948516121      
   44667381473.3778369178908932003054417      
   44666049012.5065770638643143891263279      
   44664604089.3827929420510520413021742      
   44663038015.7927328249985218587739394      
   44661341956.1446843320245884405954315      
   44659506967.0000596234070077644446352      
   44657524021.3421316448144293104048204      
   44655384019.1348446815142951876055379      
   44653077782.9020800462893685093296997      
   44650596068.7692466019300958646331822      
   44647929528.1335229724996859386844236      
   44645068710.5925573313087047937543343      
   44642004044.7995765387186783410760904      
   44638725823.6135766562924285707248756      
   44635224190.2372845965494573210058698      
   44631489125.4439159396461877568967455      
   44627510436.3720303255817539739466253      
   44623277748.0275107793166878416182758      
   44618780488.3490880394839503761556296      
   44614007897.3828493217474843671895111      
   44608948985.5390135739241809387486481      
   44603592572.8326213887800861361971206      
   44597927255.3646146637376436947725294      
   44591941408.3841082600870249894245783      
   44585623182.5428142391526253006652256      
   44578960500.8758322320018650471710983      
   44571941056.1509601799611606610842745      
   44564552308.3811363184836629081849959      
   44556781482.7954103188077945173439669      
   44548615567.9796030383559086757908455      
   44540041314.3299208324495221393867969      
   44531045232.4375172728079067755334651      
   44521613591.9237559788451974497470341      
   44511732420.2491951910259834367082402      
   44501387501.6202909583977447625084324      
   44490564376.1964760041104595061904001      
   44479248339.1866210336151776256578286      
   44467424440.0761850891894078374468118      
   44455077482.0440657307168698791233490      
   44442192021.6516570161480205864117895      
   44428752367.9896731535408118380655151      
   44414742582.8861631959025064956389149      
   44400146480.4765686649013435053482956      
   44384947627.3254875876009484999882171      
   44369129342.6129437910903930131403877      
   44352674698.4204593075383819317994284      
   44335566520.8851767107320089068095400      
   44317787390.8589111187341423129845652      
   44299319644.8844543230124836322344304      
   44280145378.0332535574938080592741815      
   44260246445.3138859516592385609001834      
   44239604465.0077589747298921905732913      
   44218200821.6398897682441667268945917      
   44196016671.0002312029961048309562247      
   44173032944.9041731923902905105857742      
   44149230356.9702573885086537702127417      
   44124589409.7063199836042098727342085      
   44099090402.9259762271391803280001079      
   44072713441.9679056637134322588533578      
   44045438448.3525594583198878812361132      
   44017245170.5287826280628611234340433      
   43988113195.5323820260434929989261732      
   43958021961.1923764080825740249378105      
   43926950769.5925169421121114811543535      
   43894878799.3221153992970643916153725      
   43861785118.7768620130350021640566964      
   43827648697.9568585396733775758339157      
   43792448420.9696574289908648689222976      
   43756163095.2336888042918716700203074      
   43718771461.5837872622957694243645212      
   43680252201.6987661858637652045717551      
   43640583943.4851189292129781381433822      
   43599745265.4523944725900779121173097      
   43557714699.2543493757279702966707890      
   43514470728.8293329018091470618360495      
   43469991790.0986014087408622584141017      
   43424256266.4111320282012644715745264      
   43377242483.8258011929046026560268976      
   43328928704.1072470783470743917881309      
   43279293116.5350975774644169754409417      
   43228313831.6210391500097224353663368      
   43175968857.2739325306487499157815775      
   43122236107.6236889817837485220743651      
   43067093377.7856864009739989093452469      
   43010518335.2776465840640051990961139      
   42952488508.3051509198010340618282617      
   42892981274.1435074810234161759083545      
   42831973848.4102398317450760129950070      
   42769443274.9603831670900892222087309      
   42705366416.0514157651942494683348672      
   42639719944.9716173808773727741789888      
   42572480332.0540416926872080432783945      
   42503623861.5138473632324333523210301      
   42433126593.0522928214327698906709306      
   42360964378.3783786159128011548361793      
   42287112894.9526282285569888920037529      
   42211547474.0522076289867649544169711      
   42134243356.9555561499874280971686586      
   42055175519.0321193356746288422232797      
   41974318711.5615236393738775814221644      
   41891647463.3752927102503177618525650      
   41807136080.1408510404738411912988160      
   41720758644.5901689626487055937395362      
   41632489017.7312980744994010314959793      
   41542300839.3439117857652136286863897      
   41450167529.3114585354460561800267186      
   41356062288.5861403700963614152564152      
   41259958099.2088555015235287308920689      
   41161827727.0690441632848296452803137      
   41061643722.2863684961391792929772803      
   40959378422.0806123427758411142225306      
   40855003948.1913172559978995621002489      
   40748492215.8176970245516919126699087      
   40639814924.3726905762378283899802378      
   40528943566.6780276599295832062021471      
   40415849426.1431667783621738138555308      
   40300503581.4267186031029093816950952      
   40182876903.0653782046913778883930669      
   40062940061.3725138308595693801575056      
   39940663516.8669488695046209158501516      
   39816017531.5941225179873408115298210      
   39688972159.6058832552286153049875170      
   39559497261.9631477063962416435001490      
   39427562493.9685632858296344636214389      
   39293137313.8728404076169722700510163      
   39156190980.1662192766739382894571067      
   39016692553.7259981486502282381908385      
   38874610897.8064269815910589608040912      
   38729914678.5638201707765303946406640      
   38582572366.2727278171754467518509589      
   38432552236.5944309429088778942972003      
   38279822366.2076442580851926605636452      
   38124350640.8645003186066234108163363      
   37966104751.0267291292252039345395850      
   37805052193.1858339407347392153540984      
   37641160271.1302242415217903952982083      
   37474396095.1390166170260367475171167      
   37304726581.2473915757592705372703593      
   37132118454.5114006037230915174730106      
   36956538247.5346205370662194023996579      
   36777952301.6268941023347248891129184      
   36596326766.3007448361408732678300611      
   36411627599.9304295429207204851661664      
   36223820569.6611049988471382808880517      
   36032871252.3012488106500907000511184      
   35838745033.5422121550669065959635246      
   35641407109.1084528196722956433640129      
   35440822484.4033031055648455873123189      
   35236955974.0837223626773884738185359      
   35029772203.4988823037699153942502845      
   34819235608.8442215097603905622229624      
   34605310435.9467345021950711781756107      
   34387960740.1164812740763641742996908      
   34167150388.2468872487457285252441734      
   33942843058.7424433627003268837613700      
   33715002240.8559040867489079869896330      
   33483591231.7535681521944017427005427      
   33248573142.8001912244968593369874177      
   33009910895.2446873760772334089104092      
   32767567220.2401750442467448479379328      
   32521504663.2732000630234887670198181      
   32271685575.4541908673792492389662478      
   32018072123.8936910018439215669754662      
   31760626285.4378027193737283842369469      
   31499309848.1789818486520947844392372      
   31234084411.1780752884522594208276559      
   30964911383.9743895563545000157852603      
   30691751988.9803579990290466065748563      
   30414567259.3334084899493006195185653      
   30133318039.8179764534518231369060314      
   29847964986.0167935706674425169721716      
   29558468565.0530115019086976893090793      
   29264789055.0024618112721165233837500      
   28966886545.4929406990180203213386815      
   28664720939.0470691936785403433875123      
   28358251946.8297301747535929925106645      
   28047439093.7864101887719276230070772      
   27732241714.9267899592637979716601961      
   27412618956.6951707118191446932470206      
   27088529776.8655935260479436590831348      
   26759932944.7115838311070204919382180      
   26426787040.4661686040753307571307097      
   26089050456.2461485781247904729753889      
   25746681395.1355940341707304047459797      
   25399637871.4494203517653916193822229      
   25047877710.5897045324127376940050344      
   24691358549.2135627180942512021134679      
   24330037835.3392445103314136760764098      
   23963872827.9431827469022542176548778      
   23592820597.8456145705929266238579922      
   23216838026.1996805469244717225311060      
   22835881805.8779359304359930108309639      
   22449908441.4640834705273939383390123      
   22058874247.3968270339055712398575574      
   21662735349.1858666799331157435301695      
   21261447685.6814058059828464749343222      
   20854966999.7702878558174882093783319      
   20443248857.2977135675970516469041057      
   20026248625.8606634749299320877490815      
   19603921487.4961489887251943368796973      
   19176222434.6903942598923451256388848      
   18743106270.5590655274632536783098909      
   18304527610.1069616816339101257704093      
   17860440880.7264268168747047203447061      
   17410800316.0483634519099177388374079      
   16955559964.7736514938969671640275200      
   16494673685.1068676038389690079604429      
   16028095148.1515021683083755722343382      
   15555777833.3264518228941589352569633      
   15077675030.8620557254596823951677002      
   14593739844.6547655182502740411776303      
   14103925183.1858967121952638036978541      
   13608183774.6172874633175585809336628      
   13106468154.2613487271377216020316682      
   12598730666.3710359928627680639296630      
   12084923468.1011068859301968771990249      
