   44683874184.4025606382324399115316272      
   44683868069.4487225390016483288947847      
   44683861439.6027128295717263274371426      
   44683854223.4312922253698849508332501      
   44683846333.1589786778516133298213427      
   44683837664.2590501450015986838607375      
   44683828095.1407002431953201035472352      
   44683817487.3501170367712834858641580      
   44683805686.0224042794479103966224716      
   44683792520.4773168776506132663448284      
   44683777805.1150443687252815023882447      
   44683761340.3574502282153057692209487      
   44683742913.6523648748446539710947182      
   44683722300.6296166976851645087845207      
   44683699266.1350402824393620532149376      
   44683673565.2942850605972193013724675      
   44683644944.4748302584293808416574130      
   44683613142.2135520396738552953143122      
   44683577890.0895721101490811513985967      
   44683538913.3140900017043774342544810      
   44683495931.3464022328393751080336868      
   44683448658.2695990090069478522775505      
   44683396803.2336764189039258129461006      
   44683340070.4219606024271711977873631      
   44683278159.2056244765762817376904302      
   44683210763.9626776256060022398504451      
   44683137573.8017532490692318107139234      
   44683058272.1860666283973073299365660      
   44682972536.3462719854960973236543381      
   44682880036.5539375193343092372716635      
   44682780435.3754804528747605836270659      
   44682673386.6245173934849665875840367      
   44682558534.2247544087804510234370839      
   44682435510.9828546866796852364242540      
   44682303937.1242924153660441520502616      
   44682163418.6918553525852432304563573      
   44682013545.8930572670896768559388001      
   44681853891.0971233383746533339714851      
   44681684006.8962395267500828510407311      
   44681503423.7229779953773496155492714      
   44681311647.5190529897392703800021158      
   44681108157.0510604775032509651838758      
   44680892401.2042453559896716441534474      
   44680663795.8392483727629171475023010      
   44680421720.6953606288083805559130154      
   44680165515.8628646113927910919025641      
   44679894478.0465297883285384081929359      
   44679607856.7340423110259796497593307      
   44679304849.8857420906950184636949787      
   44678984599.5539543931807488821197885      
   44678646187.0253347516646818759850993      
   44678288629.2363345782370039846129567      
   44677910867.9389857125323252364243850      
   44677511771.6142032291698429553509264      
   44677090124.5747474615726699894598647      
   44676644621.4667672234883187140727627      
   44676173860.4119955349074938266245644      
   44675676335.6205090266678660829755650      
   44675150429.5241224264229873184747532      
   44674594404.3011105531172004113334062      
   44674006392.9931332374045099280428234      
   44673384389.7567255440630237447977589      
   44672726239.8118202654030600024402262      
   44672029628.2584698829480980131945653      
   44671292068.2718046757672071052634882      
   44670510888.4292615846030277794995325      
   44669683218.9566846194550430606662515      
   44668805976.8919755775421108128640503      
   44667875850.0615520578553707578852782      
   44666889279.5854466926892366341211034      
   44665842440.9251023697607489094359389      
   44664731223.0836271571636521460059319      
   44663551205.9550306819518587519881206      
   44662297635.0607219339924352535795239      
   44660965394.0049815315659867015447776      
   44659548973.8434982329295973866511091      
   44658042438.7992996027056579738411287      
   44656439388.2314221294139042480719441      
   44654732915.4202793622913987400330439      
   44652915553.0430797585332075397394100      
   44650979228.5512408500044059758774240      
   44648915196.5538753839278079841116744      
   44646713971.3163154018871760114818762      
   44644365249.0674333929722209621735199      
   44641857820.7794147441500621529130746      
   44639179485.0073599911550699197355554      
   44636316905.5985458199621691518793616      
   44633255549.4093295138530176639275164      
   44629979534.2518267000226383584476477      
   44626471517.1893489410116712996826980      
   44622712581.1291924884348050570240312      
   44618682137.1894094444878510129412968      
   44614357853.8950066189051626689705126      
   44609715625.5068041816696579942452360      
   44604729591.1780288228009001398230694      
   44599372213.9558666456298102047358631      
   44593614423.1494524256105797487050189      
   44587425816.7867256714835972914298677      
   44580774913.2650949602110757212517205      
   44573629427.0764917258105486587094385      
   44565956601.1708932146457114986410965      
   44557723421.4408297463947834093224155      
   44548896919.4953083724228288034936190      
   44539444343.6802043935712197790027001      
   44529333398.8553843267562414149398371      
   44518532237.7192566158322172728726470      
   44507009584.3463039409088810542095024      
   44494734735.4740074631127788021152691      
   44481677544.3788324691558220721915893      
   44467808381.7171481023605008144983569      
   44453098081.4338862298746908062684635      
   44437517878.4105931903306397400193428      
   44421039342.5475037025344343587966707      
   44403634314.0038163926348161476784178      
   44385274841.5360196478924189832405817      
   44365933126.0364414442127121725347414      
   44345581469.8053372843309291406898937      
   44324192232.6946745761930462864802074      
   44301737794.7260200454883887039537099      
   44278190525.8383405511086148891856129      
   44253522761.1542925118988279277678464      
   44227706783.7898629420939459997190894      
   44200714813.2272551747963283103766824      
   44172518998.9456127000879498255675989      
   44143091419.8763531854705659529594360      
   44112404089.7222259872156297064558072      
   44080428965.4805090234776534040492052      
   44047137960.9405047954521492721998194      
   44012502962.3215651909176634434255909      
   43976495847.6562821496235738441830563      
   43939088506.0128312885635346695033386      
   43900252857.7002313912686025419636946      
   43859960873.0917286632907751108682130      
   43818184622.0662044829933550984626635      
   43774896154.7923035130485639062456430      
   43730067716.1394037319602114311013539      
   43683671613.0156140033923341776709744      
   43635680251.9987958833547261504912822      
   43586066135.8350356395047134915257311      
   43534801857.3568040718531856712451811      
   43481860087.6477150544142136642992369      
   43427213561.2027946696246032556042171      
   43370835060.6501280771860702864028190      
   43312697381.9591007765852751840968563      
   43252773330.9387622891194023265473207      
   43191035683.4639495529127648596279537      
   43127457163.7624596050505232139619710      
   43062010416.5086639365659435704236138      
   42994667981.6636173367721022669596672      
   42925402269.2903695325982035938054228      
   42854185536.9309545664752836259678151      
   42780989868.5245083750275440159861712      
   42705787156.4467328502825801581129306      
   42628549080.1464907774801001033552051      
   42549247115.2003639696764685705440152      
   42467852490.6896519988592743278168895      
   42384336201.6089372710812851071587005      
   42298668998.9357120182570686913407774      
   42210821384.9663369275374851776176266      
   42120763610.6054026159619111947665157      
   42028465674.8245512895635053866818585      
   41933897324.3074625578583799263960414      
   41837028054.3985514758098383092127960      
   41737827110.9190366042850195070898622      
   41636263491.8295986890570321444753715      
   41532305949.8759232724895025724161063      
   41425923039.3726194236806563865636782      
   41317082940.4214427543200424623953065      
   41205753734.0142044092971036172533895      
   41091903220.7305863415574438466821759      
   40975498969.5763528992941087418483451      
   40856508322.0416406759331899689023948      
   40734898392.4317962888621787018102171      
   40610636076.2361666807534024747931099      
   40483688046.6751284844223237581385229      
   40354020756.6796358248361778493593583      
   40221600446.4806903715680187437614611      
   40086393145.4561167050954614371038793      
   39948364667.8519086519459316156711491      
   39807480615.2331355561254140473015767      
   39663706389.3986303917405918686807502      
   39517007180.3368012089435700005100637      
   39367347974.2730363867750190235861956      
   39214693556.7446181058259634620703887      
   39059008509.8622797324574847217361663      
   38900257214.6200989758880639414165861      
   38738403853.6503389141911858539634753      
   38573412410.5047912359307974655566913      
   38405246671.2528821279793165979318861      
   38233870225.7551574449795239424507143      
   38059246467.9899074375032592105944875      
   37881338596.9748694810688660945520304      
   37700109617.6549379345401082675239495      
   37515522342.5331809866368481313253989      
   37327539388.5906116627789865556553600      
   37136123180.8008546723689182387236440      
   36941235954.1707821825511137718067592      
   36742839747.9394579180299931760210830      
   36540896414.6136846333027768286217701      
   36335367614.4972092790986771583216880      
   36126214816.9797979725972763287208374      
   35913399302.1617253293419833376503478      
   35696882160.3721136104423309221975204      
   35476624291.1676306651503673567127202      
   35252586404.9290368752844803821722855      
   35024729025.0755407949072973027065702      
   34793012484.3739333564871722316889015      
   34557396925.7054263609317032634552858      
   34317842306.3922778963412579923788175      
   34074308393.2468495700714797665634305      
   33826754763.8604745425440730892858216      
   33575140808.4332455762907470682174259      
   33319425730.6454970495973904601325719      
   33059568544.9657656666168038522210286      
   32795528078.0912903077566418712141033      
   32527262965.0333837589829144356612351      
   32254731657.1390469084564453205896447      
   31977892417.0925109814096329240970235      
   31696703318.9336066646965785551612744      
   31411122249.5362687341051331310975138      
   31121106904.8392273788788217499191574      
   30826614796.3252758136831054752209250      
   30527603246.7159538130465662890691006      
   30224029390.1201972647691667597416673      
   29915850173.1320507933715570377342467      
   29603022353.7193999454269166717104701      
   29285502503.9977144570651770448286155      
   28963247005.9691939726451378129193970      
   28636212054.1741792496459545491311886      
   28304353656.5519744897798289454765373      
   27967627629.2747387743649074996714075      
   27625989604.6930824528487700330527661      
   27279395025.1103438446415020296712044      
   26927799145.5801469089566843573223198      
   26571157032.2065786069400961904109860      
   26209423563.2534960035801245083587368      
   25842553428.9003409475731560592414270      
   25470501131.2105141907317633543271771      
   25093220984.3209674266322980251985549      
   24710667113.5542634085272102188957424      
   24322793456.9889701633957351060499629      
   23929553762.7832500503963511202939441      
   23530901592.8383707517274984748630629      
   23126790320.0458080324942624770050062      
   22717173129.9517813215231497368415596      
   22302003018.4624527147851384346289652      
   21881232793.7244497940589321706475849      
   21454815075.1721813091196093433541678      
   21022702296.9292966905500704427698368      
   20584846699.5757131084387381063194078      
   20141200338.2031565519709216067844772      
   19691715084.2953110176281987393644070      
   19236342613.9492891072729839835543452      
   18775034419.4067407987596440745472449      
   18307741803.4814105503704171351787736      
   17834415881.3222263266255126209098513      
   17355007580.0284100231558542704465889      
   16869467640.0566656826495075984832772      
   16377746607.3996190178376445612690500      
   15879794850.2991628855544142227574628      
   15375562543.7288270242862186881624648      
   14864999671.7989775215066542470559057      
   14348056035.0331335049416825944099409      
   13824681246.3628312903788862577588776      
   13294824725.5171436132938766565092748      
   12758435708.3971662850090567535821646      
   12215463247.4845747433357345636874386      
   11665856204.2390754163697123432939125      
   11109563246.1433435110169021897741203      
   10546532866.3327605327884335484057799      
   9976713361.22060842592464706939183471      
   9400052842.42763884523157893703863604      
   8816499235.61602157594396931849081653      
   8226000281.40292056549162795957974901      
   7628503527.39717921797001740006449793      
   7023956337.23032257012458929700853823      
   6412305887.28022701314351914316266422      
   5793499160.76082612284589713132714437      
   5167482972.01730959676486672136386664      
   4534203936.63276760784190636257118922      
