   44574775315.1451157990070713606848365      
   44574773263.8945597499388580068946021      
   44574770808.9935310788517583374460059      
   44574767909.2921634381411773562028236      
   44574764522.8234911637578450165880023      
   44574760606.3753248190919186021105082      
   44574756114.5466731683880351140817612      
   44574750998.9685583827585144923971896      
   44574745207.1396331397276958462473719      
   44574738681.8737041508600343534065665      
   44574731360.1168013364273574070071696      
   44574723172.2406291318042510034298023      
   44574714041.3093172522226334897731129      
   44574703882.4871163113939666842892646      
   44574692602.7292116923410971491086680      
   44574680100.7934970924628139315287388      
   44574666266.2659783302462869802989739      
   44574650980.1841628452605977091584191      
   44574634114.3286051888541542368421830      
   44574615532.1727356185654310258849260      
   44574595087.8064390290180625175786227      
   44574572626.9341751471580454133789776      
   44574547986.3526532387611075691833697      
   44574520994.1865293022732859415892907      
   44574491469.5418319299981192208914726      
   44574459223.1478491060437142977635834      
   44574424056.5665005696883452898295406      
   44574385762.1482059909845203752291581      
   44574344122.9941872890052534992555822      
   44574298912.5329471336952390993638834      
   44574249894.1279586523166517195954683      
   44574196820.7347443603250325398743362      
   44574139434.4300716552893746929789450      
   44574077465.8650491069106746842086871      
   44574010633.6903112763390951847273922      
   44573938644.0233134037623251211165226      
   44573861189.6739871433727115397362137      
   44573777949.5514965145296154442992319      
   44573688587.8452255915891906074193130      
   44573592753.3521300997826929553398777      
   44573490078.5932358590654004388824420      
   44573380178.8908076561450110701047678      
   44573262651.6137973764552781114570309      
   44573137075.0257420574581411547044672      
   44573003007.4221614132382502199874526      
   44572859986.0039000028462421806388622      
   44572707525.6322111081813715192084178      
   44572545117.8022860869351562781141376      
   44572372229.1977422081748178582625894      
   44572188300.3921008286418403401006377      
   44571992744.3022324586982947786041855      
   44571784944.6839705800070373866728262      
   44571564254.4269147842163198479628485      
   44571329993.7615597900683870495172563      
   44571081448.2822695472569956419122742      
   44570817866.9544862466158624107933763      
   44570538459.9511217996723326154588261      
   44570242396.1866299474844110508578091      
   44569928800.9529543677776970247876858      
   44569596753.0882602226206241046090971      
   44569245282.3626617421431049447999186      
   44568873365.4157604482439224053361972      
   44568479926.3134425144738584451204874      
   44568063827.3511886557246236125966727      
   44567623869.4621358922233601016711431      
   44567158787.3539498221643638287817752      
   44566667245.5439569467584744606730213      
   44566147834.0066823273589310687502421      
   44565599063.7964120611723384857152373      
   44565019362.1797084888983084953126861      
   44564407067.7790471153255964409651454      
   44563760425.1984506677389489437743510      
   44563077579.5384987587934743642757544      
   44562356570.6019961898131193899592180      
   44561595326.7140798489556963807521639      
   44560791658.3442642436740060497468255      
   44559943251.2794052786627405049971976      
   44559047659.5818435936622627019756618      
   44558102298.1100170321675884354609224      
   44557104434.6255332027837345937282941      
   44556051181.5958663723062247275197074      
   44554939487.5584686569486425485594739      
   44553766127.8985545564687492999529648      
   44552527695.4208785075425261264893294      
   44551220590.1319999678747778354193853      
   44549841008.7356398808111487890852813      
   44548384933.4124664670824125141676015      
   44546848120.0303933822650752485063697      
   44545226085.7947069954729759869190022      
   44543514096.1103113333968126380154043      
   44541707150.7731418824204766239003942      
   44539799969.3377710988071916499977287      
   44537786975.7547862209080090312533006      
   44535662281.9190395577689545237062941      
   44533419670.4324282474671636416930385      
   44531052576.2758006933089459684949647      
   44528554067.3026843271410713106731036      
   44525916823.6967525334670824586301352      
   44523133115.9643115681688141043584142      
   44520194781.7158542822488582770775469      
   44517093200.8346388650578888059422101      
   44513819269.2617418644344193824699520      
   44510363370.8305550690509067696338134      
   44506715347.6440349389131423757946167      
   44502864468.2605703636449333836091348      
   44498799390.4262096474971173801168395      
   44494508154.5550890677213618263471555      
   44489978067.7566850483071340571876224      
   44485195758.9289986493513115461994804      
   44480147080.9183847832197354562030076      
   44474817078.2403736670108338083513146      
   44469189940.1316698026338021115322421      
   44463248951.6361765475852401046203577      
   44456976442.8518195402927078674295819      
   44450353736.8245863413737573258925711      
   44443361096.6737282404399020624743981      
   44435977672.6380819396693953323911759      
   44428181449.7182164805700652737340392      
   44419949197.6403268575056867617725886      
   44411256424.3249973327738136634170392      
   44402077335.0288219078880009092850689      
   44392384796.8063455435320728583056585      
   44382150316.8313761702707449055403513      
   44371344028.1567773679740188695427460      
   44359934692.0941180024335396973280059      
   44347889717.2003695234105236087118759      
   44335175196.4076177113983866439890183      
   44321755965.2945601897634423499280206      
   44307595681.0420213007880769686240941      
   44292656923.7643571264128507866239271      
   44276901318.1412984712069468752677122      
   44260289675.0740690438592325262761324      
   44242782149.8198084770371633940506462      
   44224338395.1558958999073824470385580      
   44204917833.1813197010830935597788698      
   44184479685.3125234685660990400943129      
   44162983275.9350101623985377999170842      
   44140388144.9088398536967909161138593      
   44116654351.0650865446115982872661541      
   44091742437.3997147884046493143739439      
   44065613675.3912008023139151925688936      
   44038230137.6208899879599837025380394      
   44009554775.1834492149871067017340447      
   43979551460.1152516145800537580124553      
   43948184997.5399868900266932626218871      
   43915421110.8411745764031815774970253      
   43881226397.2620759065496630608991565      
   43845568270.9914752193796446225704774      
   43808414882.4188980609684845203293412      
   43769735030.5250580725127100684117207      
   43729498098.8655723758394215332665869      
   43687673834.7385619845004189715407112      
   43644232451.5428781807552493265799983      
   43599144405.1195988155631132046579936      
   43552380348.8941660806442920865920349      
   43503911060.8138675404653786155724639      
   43453707382.5052643831801351246140012      
   43401740163.5650853859542835583592129      
   43347980218.6498144591930555250488402      
   43292398290.1391257784280401317366218      
   43234965018.6284443546267087554708256      
   43175650919.7835517238301475350967675      
   43114426366.5109906460144546725964962      
   43051261575.4579959529542024063903742      
   42986126596.3874948611766274252526964      
   42918991305.8772580897373878511740982      
   42849825401.7398451130177541486781897      
   42778598399.6664691693480499234218054      
   42705279631.9383756040524894906574851      
   42629838245.1822244301632027358906390      
   42552243202.3907717589332562114952431      
   42472463280.1337525414449245113761248      
   42390467070.8559632938309714436875320      
   42306222982.9171413197260472114332687      
   42219699242.8200139953606110964028849      
   42130863893.9013155225154225979113049      
   42039684799.4842260663524456912452941      
   41946129640.3426061824411348541293647      
   41850165919.6295425409691198404847112      
   41751760961.5799810491245794780174991      
   41650881910.7270471660762385445937452      
   41547495735.1736051807823898996678432      
   41441569226.3762995981225692897895926      
   41333068998.8063094705488115990297550      
   41221961490.4639932211165947338864860      
   41108212965.1209017687787458796571558      
   40991789508.0510323310554584218873426      
   40872657031.5230202389230479004044135      
   40750781272.6366375906804885675963771      
   40626127827.7841016718616360559347222      
   40498662009.5622280904081237409264742      
   40368349066.1466332205583338289138042      
   40235154033.5537540849746999018412085      
   40099041774.2547228358034127038981105      
   39959976972.7896619600623418618173772      
   39817924140.2950726434387594911460961      
   39672847612.7276634790644301735945012      
   39524711545.3318621357933757901000612      
   39373479925.7306502200672383817574330      
   39219116553.7990029317738517399701515      
   39061585063.4844277649385138084523049      
   38900848909.4882522514733662020545304      
   38736871369.4333002236938301511803610      
   38569615546.3807926698012537627541612      
   38399044361.4597859243835164598937257      
   38225120568.6790861558767855206025852      
   38047806719.5752130179591728639500194      
   37867065202.3172698635498923146605248      
   37682858246.3972337088801538907348803      
   37495147877.7881998174940259538735389      
   37303895946.9302359173597864683595379      
   37109064130.7721748023185448981440408      
   36910613925.3167122397684639999182650      
   36708506646.8575465470908856269613066      
   36502703429.8610825145781006682860954      
   36293165230.3196666285644222116797321      
   36079852824.2453422742633709264565885      
   35862726802.0195143421535742194195678      
   35641747575.8976575036822983593962193      
   35416875378.6719975231570812047197817      
   35188070259.9739969886719770649189205      
   34955292086.9447895818876146950608806      
   34718500544.6120315900795205051781359      
   34477655135.4094914841428185010128006      
   34232715180.9963937734107546077396196      
   33983639813.5039752275907804862832244      
   33730387986.2345724876402713095660515      
   33472918477.6281725843351558542577222      
   33211189861.9469535959799091137671821      
   32945160545.1821481756319584451250319      
   32674788744.4699990579335347052151753      
   32400032492.3443841794546595217453380      
   32120849636.5217314921550287896143220      
   31837197838.0343589789349769816595837      
   31549034574.2399158172220374173114996      
   31256317138.0736534420109499928584755      
   30959002636.3368555547079319011651324      
   30657047990.8550456754746088628460043      
   30350409930.7220072316799933737494996      
   30039045008.4757527006179410884723080      
   29722909584.6412353052564554265904267      
   29401959834.3725512825988754767247285      
   29076151745.7322729238227819206256832      
   28745441119.7323982929332379190570764      
   28409783569.7552289455097766662943861      
   28069134522.3264470028686901327274112      
   27723449215.6124562511212257930109759      
   27372682702.1129105961394909611413125      
   27016789845.6379501146418309808639574      
   26655725321.8327291929600404760890084      
   26289443618.3085328712846037196794795      
   25917899033.8417700451690482350055222      
   25541045678.4512739002493757785557238      
   25158837476.3107249916190330415935225      
   24771228161.5348856971489029004127674      
   24378171279.5181227014840888790802474      
   23979620186.6645433269070380480124916      
   23575528050.5194928550600714945108019      
   23165847850.4699362376786657130413263      
   22750532376.0419131345790463409922490      
   22329534228.0099630903446693716289542      
   21902805817.9034383944075795575777678      
   21470299367.7498723715108343109161381      
   21031966910.6360157259047480316238951      
   20587760289.9903828873756452861538095      
   20137631159.6007791561442822701270366      
   19681530983.8766858171740723971386191      
   19219411037.7750699410654567345427618      
   18751222405.5229898335279616185785115      
   18276915983.4828692692680176467781437      
   17796442477.4472236123859707167253610      
   17309752403.9286436749290657531462929      
   16816796089.0743006386421667609676051      
   16317523664.6746407022724379970162954      
   15811885079.7644658515720386317553450      
   15299830091.3428866908830487803756601      
   14781308264.4790550145899132830111014      
   14256268977.5043013208803085581486034      
   13724661416.3192074475617870164373484      
   13186434578.1404124127582155577918309      
