   44856502045.1313401538003349539277942      
   44856499509.3242911920843034132008646      
   44856496663.9857359075865329948822061      
   44856493504.0165366754785439228624752      
   44856490023.0439372120254797839635792      
   44856486211.1306871326015874332495249      
   44856482052.4818382795362006682147412      
   44856477523.1789126619039056784020041      
   44856472589.2905376921024592649296676      
   44856467204.9658303297152514442794882      
   44856461311.0391934279332326683820153      
   44856454833.7074826482627657307891217      
   44856447683.7418371636095760497822603      
   44856439755.9856854546888982429678695      
   44856430928.9790366428235488311164946      
   44856421065.0266413443639276306086471      
   44856410010.4121138556365015282428515      
   44856397595.6988046171016663371389155      
   44856383636.1216655016510351361707656      
   44856367932.1631359773079317080618893      
   44856350269.9276821379009514303593290      
   44856330421.7510192286971227782105782      
   44856308146.3302588586415469367466213      
   44856283189.0788029807639773196675866      
   44856255282.2530640126664816637874115      
   44856224144.7640328334569450628405188      
   44856189482.0406530837388782582450580      
   44856150985.5944418205842116790659636      
   44856108332.1150498673469121608127325      
   44856061182.8501595889311622165450550      
   44856009182.3254654208809723654786611      
   44855951956.9976686486781121076953706      
   44855889113.6694445063851140503588616      
   44855820237.6116980257173567212204472      
   44855744890.4373937582117201642420855      
   44855662607.7448517298055991943412873      
   44855572896.4874700442550201718251779      
   44855475231.9967947621285284479182817      
   44855369054.9422256077699217756279783      
   44855253767.5719430632761049611975682      
   44855128730.1975133974116650007431956      
   44854993256.9326544973398885208005214      
   44854846611.2788736462888942094098124      
   44854688001.4025204334320069969513533      
   44854516574.8680719296017761876498186      
   44854331413.1366112807803433423285535      
   44854131525.6571439433126870915987948      
   44853915843.3144073809523380266213987      
   44853683211.6854920025451499419184053      
   44853432383.4295297517450665878966566      
   44853162010.7822908160460085737285861      
   44852870636.3042265771903952270925886      
   44852556684.2392641998137663827860617      
   44852218450.3680734324234917189599438      
   44851854091.4176625569554514733389838      
   44851461613.6314696980022672851736557      
   44851038860.4792640650791751798603712      
   44850583499.5101117637837255742180099      
   44850093008.2132796421353194649805755      
   44849564659.0854185851316977595837213      
   44848995503.5561549710890495718371222      
   44848382355.6241213454910463293428875      
   44847721773.6415310357368941194999050      
   44847010042.6459812049633906338586173      
   44846243155.4782629016086640561510166      
   44845416794.2867794233627622960686229      
   44844526315.2100871864702932121637326      
   44843566717.1526762419262915497692774      
   44842532644.8522057296887242237863537      
   44841418360.9968447336958350995059450      
   44840217736.4603494824550682591722017      
   44838924240.1879575209638263634750617      
   44837530927.8088878691343794429167925      
   44836030456.4942146741399091637880901      
   44834415057.2906531883898300861596604      
   44832676557.4445070814763619202833989      
   44830806383.2580198955537575922128769      
   44828795570.2552171680313576048577512      
   44826634776.1218691446739060711252073      
   44824314295.5566938300831104714041463      
   44821824076.2289373209116426335117739      
   44819153735.3217096335492422176744419      
   44816292567.6981667625247579836770028      
   44813229592.0471542224505056282308272      
   44809953522.7410656922059152105427912      
   44806452808.8981535518515851685391588      
   44802715639.4882637777983130792769801      
   44798729952.3507913294697593912649685      
   44794483441.6988398812118825004913511      
   44789963563.5451711078441063379011225      
   44785157539.5930746071293751423055831      
   44780052359.6589488501827115167800518      
   44774634782.7841308692259523185140084      
   44768891337.2980479840545144600461795      
   44762808319.9696348175475081542352811      
   44756371794.5296985455581362271076758      
   44749567589.8222591872960498655901019      
   44742381297.3718578433811032079827671      
   44734798269.0620326513609422700467448      
   44726803614.5616703298292933785295719      
   44718382199.3692659795537348132638768      
   44709518642.0142376297052211762349231      
   44700197313.0746719128273327907114117      
   44690402334.6201956030412528900393314      
   44680117577.7839095929973417004252347      
   44669326666.0672160120116789149489323      
   44658012974.2899786318316942394893691      
   44646159632.6622433898259051153693753      
   44633749530.5515809458094418227293355      
   44620765322.7179603005044773404017960      
   44607189435.8821706934476085421521214      
   44593004079.1058900650429562713751657      
   44578191255.3719837683503305589504917      
   44562732774.8723169698401553181718134      
   44546610266.0466895143671358102138434      
   44529805211.9288316943269785740325677      
   44512298940.8301255628347357442304163      
   44494072664.5555784088354268226760861      
   44475107493.0777433693440184593396036      
   44455384454.1485127287829355181133924      
   44434884509.8714744841518861657132759      
   44413588572.3210161428330163812326480      
   44391477516.0690617785766078756675597      
   44368532187.0260483620298006260955470      
   44344733430.8298066218441254923417276      
   44320062001.6607264952051033595321494      
   44294498702.7932918251271222423384580      
   44268024285.0994313627917297002201066      
   44240619463.7988635812935190591348469      
   44212264908.2607408647097343348851955      
   44182941230.0185529915695785973970494      
   44152628969.0912200199165154918937364      
   44121308579.3120812202481046762595672      
   44088960413.0087496611446241910092260      
   44055564705.3986462550277364803256986      
   44021101559.0810348003675599012591913      
   43985550929.0184399910516063761793956      
   43948892607.9584908450411674583824982      
   43911106213.0122189622123711373771862      
   43872171173.3527248130729656018914267      
   43832066718.6068184949058457292803407      
   43790771869.3617886691028980128510267      
   43748265428.2769619743800976383264750      
   43704525972.6957403121743770933969848      
   43659531849.2457973376048115602213599      
   43613261167.8883484672828636313588908      
   43565691798.3301610983990489813965434      
   43516801367.8251343280820679128981425      
   43466567259.0797504519752164294210778      
   43414966608.6612352752660423913968978      
   43361976306.8788914433675668194973480      
   43307572997.3760772450796061037860963      
   43251733078.3451925750628040460956497      
   43194432702.2036864079891701801884131      
   43135647777.8368549452290102299334740      
   43075353971.7907719458301844811055796      
   43013526708.6087811880494049261476985      
   42950141208.1192231014125706004608981      
   42885172348.6841434166306529285353531      
   42818594877.9045192945638638578303702      
   42750383275.0401100621978527068327857      
   42680511785.0694352661100138642799046      
   42608954424.1056289265443690797603051      
   42535684979.9415491747343392749582693      
   42460677009.7231726555444832717386678      
   42383903849.3482802745141016837538526      
   42305338610.2314275566083578903301445      
   42224954180.9959394970616731651961086      
   42142723230.5587642360229855298898480      
   42058618208.3902057782433395827835844      
   41972611346.5781298821486583834238379      
   41884674661.4411221328604237605709252      
   41794779953.4867652327484031578764100      
   41702898809.5065758863594045771824264      
   41609002603.8180082348551231924524724      
   41513062500.3844666714740569866128451      
   41415049451.4368151839306405197883262      
   41314934200.3108049312825616642233938      
   41212687281.6456392607925907914545089      
   41108279023.9109167278670260805348483      
   41001679547.1766302148769593144300874      
   40892858768.1318205024603216913453538      
   40781786394.3821348774839749121858492      
   40668431934.4500945121860531746916419      
   40552764690.5225861841292300018054107      
   40434753761.8418398758190935710212943      
   40314368046.2335368895144462603401677      
   40191576240.4653496094923471880520713      
   40066346840.0404333976965236875109233      
   39938648139.7440687100293313432774183      
   39808448233.5905947754085296616068153      
   39675715022.6018099499996784651910727      
   39540416199.7054288593989245894541557      
   39402519264.6500870242416526052404008      
   39261991516.4944088599828649241370255      
   39118800060.0321578093869645517960465      
   38972911800.1316934827410532333503752      
   38824293446.8316173060412849753193596      
   38672911515.4677767619047728132044718      
   38518732321.9561311522108514559993554      
   38361721986.8643241450394373240949348      
   38201846435.2730021258628734753343724      
   38039071398.0753095340786872474499627      
   37873362412.0523686027526939608283146      
   37704684816.2935622824727413683719412      
   37533003755.8395075289996305630645944      
   37358284186.3825642111915723539077369      
   37180490865.4277626028923598116425498      
   36999588358.5258224085547081034161469      
   36815541040.6137252155896072271418051      
   36628313078.0919049275069837441446915      
   36437868464.8498487248993901634420861      
   36244170996.6140876845475836490730157      
   36047184261.6528120929078689462799942      
   35846871669.2354233459198420500230022      
   35643196437.2278544254095171740334669      
   35436121586.9478545265836217477363840      
   35225609944.4449784231730338859009964      
   35011624149.0719317070843714858652633      
   34794126647.0543767139523363877751458      
   34573079672.5574282834182221974724834      
   34348445312.3712571172120988580496233      
   34120185437.2615813631513383438901245      
   33888261698.9747097166897481122244354      
   33652635592.1350051350980060544507444      
   33413268440.6693556857608959509180092      
   33170121302.0836840674179283913519120      
   32923155124.3631036832603408046385748      
   32672330624.0694415267860964247622217      
   32417608311.1578606820806901232567913      
   32158948535.7143726009320881759941519      
   31896311446.1471982731961644780322979      
   31629656997.5887016432685487471149446      
   31358944955.4541223249240966569057490      
   31084134894.4488752115421981271729714      
   30805186198.2040980884684483229183060      
   30522058065.5205132212905119166327570      
   30234709475.7279222121003511817796251      
   29943099267.1982218615652151218993843      
   29647186051.6904443813779609617812519      
   29346928259.6016703250674304876383690      
   29042284130.3439910103372528385571610      
   28733211712.6101995454371691446579991      
   28419668880.0932183009487481626452243      
   28101613268.2936552113231083740587380      
   27779002373.4189272355328365478592503      
   27451793482.3654816644395710172191160      
   27119943691.8459149653852097415586101      
   26783409907.3700613329186715046480031      
   26442148845.9121623987615252098266502      
   26096117033.1824211441809691206679726      
   25745270807.2850322382323248213522587      
   25389566312.5434529595548182280151874      
   25028959506.2919997025413539947994929      
   24663406154.5529258978832355386235353      
   24292861820.2389130886845888227510870      
   23917281901.0540956690642574800366217      
   23536621583.2461696256594153700051874      
   23150835874.3341639808332065676183592      
   22759879592.4777246491007353427801756      
   22363707362.1233755173118344420636083      
   21962273617.7012017091146997534065835      
   21555532601.9471610086903301104542935      
   21143438371.2878387901723510731512003      
   20725944790.7666265287227458002862839      
   20303005533.9214011822984047802992490      
   19874574087.4185115339161307988378737      
   19440603744.8410399937454998585806033      
   19001047610.7481364445873511878560678      
   18555858605.6723008498392146194958772      
   18104989449.1561725058854563734472731      
   17648392681.8539700230542088329327223      
   17186020650.1249330732576842041533893      
   16717825511.0426990463549506696596244      
   16243759229.1537292390080579568647337      
   15763773585.6130242726478734912991528      
   15277820163.0569026814875198931388008      
   14785850359.5595795984093924807018864      
   14287815387.5479830135063700038055507      
   13783666266.2575381996753293794327259      
