   113.093767314569832575726396533923919      
   113.093767314554285669965578673080313      
   113.093767314335494883075931844888758      
   113.093767312959009898915284052498065      
   113.093767304357147135639881102180821      
   113.093767223562245610530719165273546      
   113.093766634977674833654151270276595      
   113.093763841441659174040181137599484      
   113.093754387247482830053479414562955      
   113.093729385011956863973523343088904      
   113.093674215352170098773931620464063      
   113.093567921213188255608430248981349      
   113.093383322290898379036748706277193      
   113.093087686351167328598897497447485      
   113.092643734247012265664550758803221      
   113.092010776763771252021059761311260      
   113.091145834309864565302708947345824      
   113.090004644155613395610277380514605      
   113.088542501735137457860275201779479      
   113.086714911083799283471491982298416      
   113.084478038384720190242705843840171      
   113.081788976168492941648461700341598      
   113.078605836841161642457152015019025      
   113.074887703868222907043571612381041      
   113.070594476667864285279484255131050      
   113.065686650083756799084844441334761      
   113.060125070447515973035014097972314      
   113.053870707542764584832831885262629      
   113.046884475743825612466056276273743      
   113.039127129181885451237584692870370      
   113.030559246202550460681211436306665      
   113.021141308700265081171653076036089      
   113.010833873148814762212988133084915      
   112.999597822891474463993403144484668      
   112.987394685871110448970806638790764      
   112.974186998553201653591145892975874      
   112.959938695207295866023124065595296      
   112.944615501726034669044320227466508      
   112.928185314434550737189360532371520      
   112.910618546583681389769573866881860      
   112.891888427942346545800755982430102      
   112.871971246492599808615132311766563      
   112.850846523726827896125037348624798      
   112.828497118445958976412773018115295      
   112.804909257459897907822314204367838      
   112.780072493158860422085318212950648      
   112.753979590624323857112803015286208      
   112.726626348522363208075346088405871      
   112.698011359332060773836135827963065      
   112.668135715583484621101200985280662      
   112.637002671142805343001718194488063      
   112.604617254979803767665125064992929      
   112.570985869150649099005111969902988      
   112.536115847063591059136678186229463      
   112.500015002655535464267307973791635      
   112.462691165886672645480920186864250      
   112.424151720210443460192956421573641      
   112.384403135726461915505123180040898      
   112.343450506678382204717710945250120      
   112.301297107151312873027841893852511      
   112.257943955975444170943442804967403      
   112.213389404311406931009375354325760      
   112.167628719767836770456425327636633      
   112.120653735122772196191232014416019      
   112.072452476089239557475069164438596      
   112.023008827225078804562391667041013      
   111.972302240939205264049531365711487      
   111.920307420272170876162866015114752      
   111.866994060865175530644117579419682      
   111.812326604027669820910686344414054      
   111.756264001989563885219126694967218      
   111.698759495420948691493614402471999      
   111.639760423377683289091872060048585      
   111.579208030915659296239180619511068      
   111.517037320588823014877025990620826      
   111.453176791101499269891781250403716      
   111.387548296436028853128047690690502      
   111.320067049204194210644570086872943      
   111.250641187230501330837324813147326      
   111.179171762985466173079165022898577      
   111.105552531086500136451134319487550      
   111.029669791805048808701714590506441      
   110.951402141647945889485264370328025      
   110.870620271267688536555716465295421      
   110.787186614116879799581266355393142      
   110.700955453646308444647341410055873      
   110.611772258226596472489492246164217      
   110.519473570968821329517749209237925      
   110.423886612987876600370618768967117      
   110.324828742346071311885938973173805      
   110.222107444631314819053034783475083      
   110.115519389049282419807847185465878      
   110.004850285687495551160051606439071      
   109.889873990765921958340675631009439      
   109.770351967990053891536639242285286      
   109.646032974833980098981402450293567      
   109.516651716676330535400812435960534      
   109.381928459331628572360689106751350      
   109.241567344102186247059918082186887      
   109.095256242015157948121514607865805      
   108.942664630912111942096320385065748      
   108.783443324660888426795841573809822      
   108.617222688082234134469425709720572      
   108.443610311734589305552325721239609      
   108.262190009669790057306977607456691      
   108.072520488744310211436980105300563      
   107.874132291782646478548318306528396      
   107.666525433163401591214201635984233      
   107.449166889009002218390351818470301      
   107.221490271781002728046057658620666      
   106.982886793904782242609448858516952      
   106.732708895719133973579380209468992      
   106.470263588673115580654848231649439      
   106.194807750166726977939713213539545      
   105.905543813730170512410495890642419      
   105.601613306840459775692807641538380      
   105.282096884750224185708148819516052      
   104.945996961039599225673038991432277      
   104.592250220288615342333421585065372      
   104.219701724218342913624928699068438      
   103.827130384353120998772956669120156      
   103.413189311887825384833577016300621      
   102.976438950961608712521693774981619      
   102.515336169935478739217934350037524      
   102.028204114130891642689187821047226      
   101.513254063568175796291386320917147      
   100.968536887622137059403110561824541      
   100.391989498589892589036489534223353      
   99.7813908628385765495865719165143514      
   99.1343637868877599609862712734471223      
   98.4483883315567851626236864438689329      
   97.7207859187007079127269813146034112      
   96.9487186648238625619653909988596937      
   96.1291556179319324079979735333405316      
   95.2590313784570017073212130674147061      
   94.3350666510171012929360340781615465      
   93.3538583864972299393106881712219256      
   92.3119484449567083841665348099754755      
   91.2057161478345118844415765960056073      
   90.0314989562562301815801463976392620      
   88.7856271790450953641333159863210048      
   87.4644477018811369803573407706129741      
   86.0642919843699906672917925430261271      
   84.5815980334013907349831334556243020      
   83.0131707040327044126506070658858243      
   81.3561211143339274171789926647650473      
   79.6082095262606589030933747727242654      
   77.7680999267405292666365535644960624      
   75.8356590367767730144272743118187092      
   73.8125111291137871914681993777360897      
   71.7022310212714980338070099908432986      
   69.5110867690115511696077251691761988      
   67.2482884938189127777908004022267094      
   64.9261316048356738311244799105577173      
   62.5600582921680406100221881989842073      
   60.1681637731405042400730192199669039      
   57.7704772568589981554397028142639615      
   55.3877603841915220018820898108280522      
   53.0404537294622075814909778494184717      
   50.7473619407072882791949513673735276      
   48.5246702933809945489453209130944176      
   46.3852774444470997006166334356393415      
   44.3386153738413249180743626743086023      
   42.3907667862470829720077781140472331      
   40.5447224107567241251150666563689056      
   38.8009179384080264974064192452533552      
   37.1577643305411800896578636434326782      
   35.6121879927127131256630998604742459      
   34.1600690661655693471579768786021463      
   32.7966594675218786407543061256540069      
   31.5168479067050170477498234297220379      
   30.3153659815935093618357236962518211      
