   47.323722953173409        64.313228568053859     
   47.322646277887095        64.312686070214156     
   47.321254927075067        64.311983615705515     
   47.319497714150231        64.311094265572208     
   47.317322285625060        64.309989964704329     
   47.314675663035231        64.308641690421069     
   47.311504778936786        64.307019618723004     
   47.307756939874452        64.305093279514267     
   47.303380304739363        64.302831765974474     
   47.298324347563252        64.300203983855425     
   47.292540335544459        64.297178964448449     
   47.285981794877557        64.293726223558835     
   47.278604976645788        64.289816166614898     
   47.270369281702706        64.285420510896074     
   47.261237637629797        64.280512709307061     
   47.251176798276802        64.275068347738042     
   47.240157562729067        64.269065503966274     
   47.228154882800723        64.262485039724311     
   47.215147866929307        64.255310821499080     
   47.201119667064589        64.247529854341209     
   47.186057253322964        64.239132326927404     
   47.169951077061747        64.230111564122510     
   47.152794645271136        64.220463896585045     
   47.134583996505796        64.210188442636536     
   47.115317117999865        64.199286823801913     
   47.094993290400865        64.187762809269316     
   47.073612395378326        64.175621909148134     
   47.051174174737916        64.162870920643570     
   47.027677556908614        64.149517463197597     
   47.003119812729153        64.135569441007419     
   46.977495882441978        64.121034543814901     
   46.950797636301914        64.105919713821464     
   46.923013181236740        64.090230623170228     
   46.894126191624856        64.073971155243484     
   46.864115283561055        64.057142903285566     
   46.832953429748123        64.039744686598794     
   46.800607417897410        64.021772087841171     
   46.767037352956464        64.003217013174861     
   46.732196214082315        63.984067283409985     
   46.696029454321796        63.964306249718639     
   46.658474653570877        63.943912441234083     
   46.619461216711905        63.922859241787918     
   46.578910127447585        63.901114599934921     
   46.536733730392207        63.878640764704414     
   46.492835590475210        63.855394058945755     
   46.447110376884616        63.831324683233639     
   46.399443800873847        63.806376549846306     
   46.349712602072735        63.780487151099777     
   46.297784585608426        63.753587463193163     
   46.243518710771944        63.725601885387135     
   46.186765223816003        63.696448209384720     
   46.127365860919561        63.666037638555451     
   46.065154099958434        63.634274839938740     
   45.999955488328730        63.601058047556883     
   45.931588014519463        63.566279198920654     
   45.859862571651206        63.529824130816792     
   45.784583486755182        63.491572825767086     
   45.705549120365873        63.451399707481393     
   45.622552528788781        63.409173976107709     
   45.535382207475678        63.364760016880780     
   45.443822902232377        63.318017849390785     
   45.347655991551555        63.268803372672494     
   45.246662059415740        63.216969756899289     
   45.140619331388535        63.162366734704754     
   45.029306111440931        63.104841948144632     
   44.912501216414896        63.044241290212071     
   44.789984719230482        62.980409423232587     
   44.661538559137220        62.913190219070287     
   44.526947042878639        62.842427169510557     
   44.385997143967231        62.767963682046478     
   44.238479188704616        62.689643585885307     
   44.084184387859096        62.607309936010083     
   43.922908194454884        62.520806955830032     
   43.754447299727978        62.429978533308791     
   43.578599809344659        62.334668424855863     
   43.395162988953295        62.234719105180488     
   43.203934931372686        62.129972781347703     
   43.004710692426251        62.020269313723560     
   42.797283469582119        61.905446951566390     
   42.581439013917560        61.785339205736875     
   42.356959895954844        61.659777312311753     
   42.123620821423295        61.528587611985202     
   41.881188163469929        61.391591305987539     
   41.629418828459201        61.248603830445482     
   41.368059182021270        61.099434268370025     
   41.096844125906856        60.943884848431971     
   40.815496323786114        60.781750540293999     
   40.523725585944085        60.612818751692110     
   40.221228463151071        60.436869169889015     
   39.907688077576282        60.253673757196978     
   39.582774250340599        60.062996949477970     
   39.246143952851533        59.864596074037095     
   38.897442205509833        59.658222065620286     
   38.536303464914390        59.443620507629660     
   38.162353649615468        59.220533088141103     
   37.775212916441333        58.988699547132647     
   37.374499511926551        58.747860288457183     
   36.959834519175402        58.497759569512020     
   36.530848341100494        58.238149748757550     
   36.087188450869981        57.968796300564478     
   35.628529428163638        57.689484201915938     
   35.154584928187077        57.400025450999365     
   34.665121946905757        57.100267924701939     
   34.159977640702827        56.790105690633190     
   33.639078309625660        56.469490518917439     
   33.102460151186683        56.138444345813625     
   32.550291006408621        55.797072168178531     
   31.982891955725094        55.445574702571754     
   31.400757139695020        55.084259757243593     
   30.804570155918686        54.713551347417280     
   30.195215014481143        54.333995300706746     
   29.573780259672247        53.946260481190279     
   28.941554763613311        53.551134748333922     
   28.300014844450104        53.149515479476690     
   27.650802754263569        52.742394747394705     
   26.995697463483403        52.330839883276283     
   26.336579402835657        51.915970610798709     
   25.675391324430091        51.498934271427530     
   25.014097720731947        51.080880772452154     
   24.354645226416938        50.662938844595644     
   23.698926049836874        50.246194845978721     
   23.048746071486690        49.831675034585068     
   22.405798476452382        49.420331681790202     
   21.771640430884425        49.013031227649215     
   21.147690948094258        48.610555930853153     
   20.535202457199542        48.213588379609178     
   19.935270034925690        47.822719760248397     
   19.348827773303636        47.438449408394561     
   18.776651983467399        47.061188229179685     
   18.219367153069879        46.691263369717689     
   17.677454000993126        46.328923755022998     
   17.151259115358691        45.974346207807798     
   16.641005668793849        45.627641896070742     
   16.146804816404007        45.288862930548923     
   15.668667403136812        44.958008943625721     
   15.206515664353319        44.635033523415096     
   14.760194669827314        44.319850397886086     
   14.329483291248254        44.012339288696765     
   13.914104540056499        43.712351376668465     
   13.513735167145652        43.419714339538970     
   13.128014443041716        43.134236937254322     
   12.756552099991888        42.855713143069423     
   12.398935410899723        42.583925818477198     
   12.054735455034219        42.318649956709571     
   11.723512568970074        42.059655507355068     
   11.404821066406452        41.806709814199095     
   11.098213262130587        41.559579696460879     
   10.803242876554396        41.318033208456974     
   10.519467867133317        41.081841102459563     
   10.246452765771652        40.850778034401607     
   9.9837705698374624        40.624623540594783     
   9.7310042448103236        40.403162810810386     
   9.4877478923556158        40.186187287534260     
   9.2536062822315941        39.973493895054830     
   9.0282010069970671        39.764890349942576     
   8.8111624117739762        39.560187726446067     
   8.6021356131684925        39.359205749900283     
   8.4007791746675924        39.161771569295531     
   8.2067650417661699        38.967719697254196     
   8.0197784298639707        38.776891939965559     
   7.8395176262851436        38.589137287362327     
   7.6656937203523086        38.404311755917611     
   7.4980302923493705        38.222278214994816     
   7.3362630602780294        38.042906194722654     
   7.1801395046860144        37.866071673163177     
   7.0294184697611506        37.691656850000605     
   6.8838697457913902        37.519549933537569     
   6.7432736462685616        37.349644884035058     
   6.6074205914690589        37.181841193030742     
   6.4761107066573516        37.016043669991241     
   6.3491533740488277        36.852162180546848     
   6.2263668575468554        36.690111448197072     
   6.1075778864354096        36.529810817269158     
   5.9926212724593304        36.371184043051045     
   5.8813395360464877        36.214159076227659     
   5.7735825544594608        36.058667900198088     
   5.6692071951929215        35.904646281973022     
   5.5680769644007766        35.752033582861223     
   5.4700617357409671        35.600772641404731     
   5.3750373886800675        35.450809530378990     
   5.2828855504798380        35.302093439414847     
   5.1934932879392779        35.154576482910649     
   5.1067528556810862        35.008213572657411     
   5.0225614334440936        34.862962254981703     
   4.9408208783025831        34.718782584606707     
   4.8614374979578256        34.575636986275100     
   4.7843218250803865        34.433490125320091     
   4.7093884105473203        34.292308794495966     
   4.6365556221366315        34.152061797400535     
   4.5657454604499277        34.012719840558667     
   4.4968833679893701        33.874255425400534     
   4.4298980706924498        33.736642757984569     
   4.3647214159080541        33.599857650518480     
   4.3012882078392840        33.463877431679094     
   4.2395360716892814        33.328680863716180     
   4.1794053123803696        33.194248060967219     
   4.1208387875428603        33.060560417751518     
   4.0637817833888255        32.927600527543731     
   4.0081818851583302        32.795352119031065     
   3.9539888878146190        32.663799992456241     
   3.9011546707785585        32.532929949959602     
   3.8496331088668252        32.402728747503090     
   3.7993799774201564        32.273184029137418     
   3.7503528544886526        32.144284279545687     
   3.7025110478357188        32.016018775348087     
   3.6558155032245216        31.888377532498421     
   3.6102287320778710        31.761351248893597     
   3.5657147444451613        31.634931289828447     
   3.5222389656612458        31.509109622831314     
   3.4797681856826128        31.383878789750675     
   3.4382704916068381        31.259231868320899     
   3.3977152074163550        31.135162433079376     
   3.3580728393233099        31.011664531926030     
   3.3193150213005871        30.888732630628887     
   3.2814144673884234        30.766361617513581     
   3.2443449219592218        30.644546752396618     
   3.2080811144209536        30.523283645414519     
   3.1725987162957194        30.402568232281741     
   3.1378743027318192        30.282396750013529     
   3.1038852979044425        30.162765691691504     
   3.0706099730294834        30.043671872060276     
   3.0380273705201191        29.925112279150838     
   3.0061172927696216        29.807084141801511     
   2.9748602697142674        29.689584885308506     
   2.9442375202360176        29.572612123210469     
   2.9142309288202655        29.456163633570952     
   2.8848230157983861        29.340237344652969     
   2.8559969120559363        29.224831324653376     
   2.8277363347855125        29.109943767247778     
   2.8000255590454013        28.995572973063656     
   2.7728494010340272        28.881717347555213     
   2.7461931927720067        28.768375384300654     
   2.7200427620435379        28.655545655480424     
   2.6943844126444496        28.543226801904787     
   2.6692049106463154        28.431417550874173     
   2.6444914462210058        28.320116602361868     
   2.6202316471644895        28.209322780640612     
   2.5964135411761347        28.099034918008467     
   2.5730255458105260        27.989251876862227     
   2.5500564536240025        27.879972542903399     
   2.5274954176721800        27.771195819237473     
   2.5053319379146357        27.662920620858955     
   2.4835558480025015        27.555145869843887     
   2.4621573028095356        27.447870490226713     
   2.4411267664156955        27.341093404656515     
   2.4204550003908021        27.234813527868909     
   2.4001330538593617        27.129029770623177     
   2.3801522513270519        27.023741026436120     
   2.3605041834901703        26.918946173544700     
   2.3411806982062746        26.814644074780748     
   2.3221738908203107        26.710833573356293     
   2.3034760942321770        26.607513486157881     
   2.2850798719073593        26.504682608225693     
   2.2669780089308014        26.402339707824421     
   2.2491635042282723        26.300483524275339     
   2.2316295637937182        26.199112771798315     
   2.2143695928239295        26.098226134471435     
   2.1973771887093290        25.997822264163478     
   2.1806461340283123        25.897899778609293     
   2.1641703928675984        25.798457273183114     
   2.1479441015382914        25.699493304889572     
   2.1319615636833156        25.601006397981703     
   2.1162172450951324        25.502995045388438     
   2.1007057680456627        25.405457707208917     
   2.0854219060439427        25.308392810022731     
   2.0703605787171417        25.211798748302161     
   2.0555168480432018        25.115673888721069     
   2.0408859124214929        25.020016563581397     
   2.0264631025208115        24.924825073344731     
   2.0122438770551767        24.830097688159263     
   1.9982238190476465        24.735832647661613     
   1.9843986316775828        24.642028164360703     
   1.9707641340360389        24.548682418412245     
   1.9573162581074841        24.455793565746351     
   1.9440510442246619        24.363359729720049     
   1.9309646393973641        24.271379013068085     
   1.9180532922726994        24.179849489039448     
   1.9053133508725109        24.088769208329474     
   1.8927412592419208        23.998136196709769     
   1.8803335541586284        23.907948455345629     
