   138.814623791612489277735610835140691      
   169.898109148775634416405837742070719      
   201.623073843692453943825252580305449      
   232.622303040690659129072410913117145      
   261.525811469458441931196872071272336      
   287.110765067365387922584985980675762      
   308.425293439536993399327022284468888      
   324.921834867479450785445551266900066      
   336.538877565496865324964283174117269      
   343.752723375786907831757260872442074      
   347.581273901044595004169646953528347      
   349.543017062543975422986936429730237      
   351.575846918204714278829062697416749      
   355.925473370741883268243333405746151      
   365.002525266844180482565737822231395      
   381.265171003438225356331858963241690      
   407.065838334622516840661167468990759      
   444.552755895457651824983661887783787      
   495.568098855437179102939977144567543      
   561.606254273097116566919738365322824      
   643.766622487652378874819088495042306      
   742.758785986725437901675413136753540      
   858.917298650316246329021206060342955      
   992.238534822261426636537703511071395      
   1142.42012169644410935795312670088416      
   1308.92180896307145924851545849681942      
   1491.00782658978889550703348030069039      
   1687.81943032397256923282678088164747      
   1898.40648699053684972640224134777391      
   2121.78747993826517408496889078101744      
   2356.98911474827183656304644540623080      
   2603.07878611669523547917971127846917      
   2859.19598553508481395679102452744564      
   3124.58928293712794625440235313989969      
   3398.61892096821756578234955033978620      
   3680.79239501005238729286609633314234      
   3970.75420305022031516423361402284270      
   4268.32258600437909206835306271552697      
   4573.47327169829791522887268783556864      
   4886.36000024102018820685808675905542      
   5207.31807089966287031873435345583492      
   5536.85786400641529979839809865620306      
   5875.67099601745648761341195318815524      
   6224.65302563831807050132220177757512      
   6584.87470861995772550886119982081984      
   6957.60590534874642546136897820019554      
   7344.32288076422239211431176771847068      
   7746.70418903120120142915479767181067      
   8166.64524691201396639530894457101050      
   8606.25075444518205583816205075827796      
   9067.86870141202524349130873365385214      
   9554.09312531585001214388918104915116      
   10067.7467394579350206567329238275737      
   10611.9435017592867855932683440978337      
   11190.0693109461629420985987939113572      
   11805.8049543797424602562779875254458      
   12463.1468200440154710594170250458640      
   13166.4341302862193924347676031980256      
   13920.3554729614372188916610588826353      
   14729.9740244744024309973948185664302      
   15600.7717999538858872479741742168332      
   16538.6495798380675298091661266103867      
   17549.9719602677500142466941354142742      
   18641.6039587631927974732143396391791      
   19820.9374806913070599019788585495324      
   21095.9289054544585128104073803994390      
   22475.1547438752758350856433985604038      
   23967.8917415858728398932811558524482      
   25583.9098569731365063737311752190391      
   27334.1214817439579808741884009288994      
   29230.0004947417681163834390815471167      
   31284.0940406067921831946124363423156      
   33509.7153844630854221584284071191881      
   35921.4474640375304125638793821931083      
   38535.0605944962669702028622477628772      
   41367.4274514851553891640517422563056      
   44436.9489084221740059414789242700723      
   47763.6515824382450240515753734681365      
   51368.9876483558102287743833890910904      
   55276.7100656773440731515112517144378      
   59512.2191371208225059096502173380016      
   64103.2271534856027431240413403199904      
   69080.0683957107423629157966021029923      
   74475.6823880848128669937097956443266      
   80326.1067529020868012418616079129392      
   86670.3927591340683560015524165552546      
   93551.6183956963702376719327652310387      
   101016.016131870687820126812516530841      
   109113.789916108465512004552714952677      
   117898.350098392542065248672707380286      
   127426.982649098362981348448861762477      
   137757.338891850156263355910328479979      
   148948.443898696702137367327359271302      
   161056.763165370217744766747192486894      
   174135.174184520681676910988941669520      
   188228.301486943621052690206412545142      
   203371.244168874944468878684492328682      
   219584.626011314074358742540667507047      
   236873.808384832664387191243228441229      
   255225.527242192230217177597806929063      
   274607.517132808519895958774853539104      
   294968.003744284487590236176766697212      
   316237.610128256909258317952137808209      
   338332.402160700325093315315703216985      
   361155.089596577167190980787847530987      
   384601.281345828232916669556059236495      
   408564.031724291524536614207437547388      
   432937.718850605136454686964670211123      
   457622.131564584576454612307310600054      
   482526.870870467127518952946905547171      
   507574.788155199536723120760302660344      
   532701.941911401881165132102785729203      
   557858.953492677955666764669594216662      
   583012.051083636453152410024159024073      
   608140.280121795202343118653495585516      
   633234.078220876074445183887752003753      
   658293.761842075201351214288601819446      
   683327.059333702162189336623750806024      
   708346.335592981584990533453238568874      
   733367.372185804590681707631611633892      
   758407.352462604685230685275833661445      
   783482.723419874137017219699136435892      
   808607.607854440239917745995633474114      
   833794.443871189809709610263991712279      
   859051.189925011119517494370575118152      
   884381.004170473709641253091408784754      
   909782.385137792285019760822169468331      
   935247.834971741578027373558831189215      
   960765.064519286217967304347143841701      
   986316.003753037357803791792182275121      
   1011879.41866538649165373315010740268      
   1037431.24681253341297550166328700037      
   1062945.14636470910607667968026921403      
   1088394.51264650766171485286492831224      
   1113756.20544203866743905631109157876      
   1139008.11963878424303141569017439399      
   1164134.44932600053329197792629324627      
   1189124.01101624962233250238092861080      
   1213972.78559704508599271157777967800      
   1238682.02386816468154662102474458397      
   1263260.83611908384347192659654362512      
   1287724.59849671829870355336112161644      
   1312091.18845116123907591235356089489      
   1336385.15364521397409021782253994953      
   1360633.58644444817363740251054288007      
   1384863.88136880231679167261698465488      
   1409105.66053858071138615462100334285      
   1433387.44772558715975644813082007738      
   1457738.00274289238127659046581484239      
   1482183.51307016447442387045900821927      
   1506748.12267024414878124519537313907      
   1531455.83501047039403868096774601903      
   1556326.38880551239215827884190536232      
   1581377.55138163053007834487640678312      
   1606626.13310838989354485821295470213      
   1632084.78702258462864003067665194798      
   1657764.36194820789620464298444663047      
   1683675.15648872644787300777910934755      
   1709823.50939942489629354455094837276      
   1736215.26521675822824376939001352885      
   1762853.14300253765839516673240508236      
   1789741.04162343406540040421254950953      
   1816878.71800080442204460988433734571      
   1844266.43817243521248071217298708266      
   1871904.44439758786597501440524797847      
   1899790.76222658147904001429964980911      
   1927923.04126672964315124124702863398      
   1956300.74239637043024108410470957840      
   1984920.25365609635581637431563595590      
   2013779.87048357793851464446816642392      
   2042876.42826934978384038478848498427      
   2072208.06016007497929862060888395992      
   2101770.81737569157621090424793035825      
   2131562.48952189351489903290593750823      
   2161581.90160655663267488514716611758      
   2191824.24409412076740236527387719084      
   2222288.10592587543008631837024940113      
   2252971.95298325479451803699079573833      
   2283872.30810532211331758830568999509      
   2314987.78044203924500888302161218684      
   2346315.87436840207515174760219550195      
   2377855.68240837752811065817734045742      
   2409605.07171310198037733098628568309      
   2441561.43777535415661772365397151842      
   2473724.98072129197226912162261182350      
   2506093.07119508301784362863937003543      
   2538664.99730064638934506705814943578      
   2571439.15724552222785407088981777587      
   2604414.76018727443497207741427628196      
   2637589.91320681257141162070021060924      
   2670964.38866827451455386904397177241      
   2704536.43221361373482936078614487452      
   2738305.44594232805993915368375995288      
   2772270.33155156906530096458190766466      
   2806431.14304092450623987488278358412      
   2840786.68327047034647880409184153185      
   2875336.26510511896371017493256442758      
   2910079.35925908186518083105137387690      
   2945015.38734271423892586689093253553      
   2980143.96809033122598909828767024708      
   3015464.45735648386490361381303366710      
   3050976.64940091708850526521386242603      
   3086679.97825788356295536249717126119      
   3122574.01089764240560454120644711825      
   3158658.49920474948902340931674252234      
   3194933.17340804298858598537963990923      
   3231397.67478606085980051664181412315      
   3268051.73959735875431811879160946891      
   3304895.17626602002681911495988943383      
   3341927.70891904448251449041277895913      
   3379149.12217480571961637470097915294      
   3416559.36013001923830545720103289812      
   3454158.27015182219055201032291013337      
   3491945.45008943795870204080827679876      
   3529921.11441870498747119400755864376      
   3568085.15641184966063038247027771067      
   3606437.38330715867278358735867689946      
   3644977.48216464791046199824160701541      
   3683705.78544738032160353519380973967      
   3722622.09424133914473457562278093440      
   3761726.20420102937779521462352810010      
   3801018.18798670987477882579899587113      
   3840498.26404607746035309131481521107      
   3880166.07606636002461158801563132198      
   3920021.68118809431106137923202111623      
   3960065.27278107979927028433153513347      
   4000296.66571789413527592091055973969      
   4040715.85346317874335458048808053525      
   4081322.86443100769850315029387842070      
   4122117.60359031881909268234705343783      
   4163100.25767511833725254607408303616      
   4204270.67350174190734882154382249336      
   4245629.10925661044375265665514267382      
   4287175.39671352480781277463138386858      
   4328909.30697571365225867253650121013      
   4370831.42972522057030420593631742851      
   4412941.47404386082165303287742347741      
   4455239.51412823126253901349339343844      
   4497725.77071145681325173718136921887      
   4540399.95294204839578383258199610800      
   4583262.29484464039934079902305134494      
   4626312.79987853038819605406311221815      
   4669551.53941588234097022115796975708      
   4712978.36260937253494835685721190059      
   4756593.37113775037390173743171644271      
   4800396.62589468726568749903004414880      
   4844387.98341917706594752574694594121      
   4888567.64044428066193599035809847397      
   4932935.62502458725611194702234316729      
   4977491.87786025185878189059274594076      
   5022236.33220262723062939282701402411      
   5067169.25193787748399040457024710883      
   5112290.52262802879872564812134644500      
   5157600.08022479287805214412278062030      
   5203098.05660395264951873105721915467      
   5248784.55220664916146817723174873531      
   5294659.37453943789129963692114254408      
   5340722.63547145638036459668693704242      
   5386974.30027279835284356753488847791      
   5433414.19368936323492412504465212584      
   5480042.43246682800186283954559187192      
   5526859.07687868482584599179347958770      
   5573864.11382701197908520076086382914      
   5621057.37071637059444426668100974094      
   5668438.93687725726932674669004764399      
   5716008.90914715751365242077912514704      
   5763767.15014537380726066714743368593      
   5811713.58844095108387736688408517462      
   5859848.81274374021469047122315307128      
   5908172.21007977917055516803112458583      
   5956683.86746065841569261354872758478      
   6005383.61171614125782395411902137573      
   6054271.69632115671051431376789968805      
   6103347.52694398687343315176286132590      
   6152611.42362298178713400586304422291      
   6202063.45779528744233799051757221457      
   6251703.60103806193905845195367764791      
   6301531.37658322108515610218550609283      
   6351547.14158754861183214716802800933      
   6401750.95804577337536754631347223453      
