   330.65475339089528        568.34937923037467     
   330.61600256219458        568.34768070822997     
   330.57194445095860        568.34545013319041     
   330.52226931235668        568.34258115147406     
   330.46668975316192        568.33896250982684     
   330.40494387160601        568.33448113822067     
   330.33679813204367        568.32902544709464     
   330.26204972800002        568.32248867172473     
   330.18052839013069        568.31477210947594     
   330.09209756327863        568.30578809616679     
   329.99665493642527        568.29546263017346     
   329.89413226111895        568.28373754865027     
   329.78449458673964        568.27057222175529     
   329.66773887362012        568.25594473635647     
   329.54389205663284        568.23985256468086     
   329.41300872580763        568.22231275343017     
   329.27516839382167        568.20336166052971     
   329.13047245283792        568.18305427879045     
   328.97904102984683        568.16146324816418     
   328.82100955153658        568.13867749656060     
   328.65652540882837        568.11480072638335     
   328.48574456250941        568.08994967672197     
   328.30882816212164        568.06425226615113     
   328.12593932345510        568.03784565318051     
   327.93724001675952        568.01087426087940     
   327.74288807086771        567.98348778581635     
   327.54303443457434        567.95583925786946     
   327.33782053302377        567.92808312758007     
   327.12737586040583        567.90037344400480     
   326.91181575188040        567.87286211263768     
   326.69123933070676        567.84569725667882     
   326.46572763728472        567.81902168329259     
   326.23534191600413        567.79297146290730     
   326.00012204895944        567.76767461594966     
   325.76008512864871        567.74324991577873     
   325.51522414298597        567.71980580071443     
   325.26550673560757        567.69743936900056     
   325.01087411375778        567.67623550241012     
   324.75123991362858        567.65626604505690     
   324.48648922047101        567.63758908025000     
   324.21647745902561        567.62024831675603     
   323.94102900459370        567.60427246138204     
   323.65993790603989        567.58967462557405     
   323.37296419307512        567.57645196158933     
   323.07983446944866        567.56458511717892     
   322.78024023311150        567.55403781203881     
   322.47383660808725        567.54475643086971     
   322.16024093660997        567.53666958826341     
   321.83903125336269        567.52968776100067     
   321.50974454678652        567.52370275798819     
   321.17187494945642        567.51858729804599     
   320.82487178271708        567.51419457255906     
   320.46813736346684        567.51035766055463     
   320.10102465336200        567.50688894352515     
   319.72283477465714        567.50357948363660     
   319.33281445953770        567.50019835061221     
   318.93015325084667        567.49649186287411     
   318.51398076162121        567.49218277553427     
   318.08336397481588        567.48696944952849     
   317.63730462660499        567.48052498917889     
   317.17473688588700        567.47249630933391     
   316.69452547790968        567.46250328908866     
   316.19546459544762        567.45013797718434     
   315.67627772550128        567.43496393476607     
   315.13561875695405        567.41651568659370     
   314.57207501984340        567.39429861834799     
   313.98417221347898        567.36778914651040     
   313.37038226681511        567.33643553111119     
   312.72913399950642        567.29965925816805     
   312.05882723537809        567.25685732852503     
   311.35785056196988        567.20740545079673     
   310.62460194251366        567.15066198047668     
   309.85751278013907        567.08597325432686     
   309.05507357701873        567.01267950885017     
   308.21586005426673        566.93012155362760     
   307.33855780772024        566.83764782196886     
   306.42198375168567        566.73462125257890     
   305.46510165069236        566.62042568427864     
   304.46703091888941        566.49447101025225     
   303.42704674556188        566.35619695646960     
   302.34457179156828        566.20507509136746     
   301.21916076686745        566.04060882344959     
   300.05047827653664        565.86233186814616     
   298.83827316833765        565.66980516559136     
   297.58235121369768        565.46261283069794     
   296.28254817835250        565.24035749184759     
   294.93870543155913        565.00265551240545     
   293.55065483262570        564.74913359359061     
   292.11817877700332        564.47941990814456     
   290.64102978402099        564.19314724644960     
   289.11890094321063        563.88994585876981     
   287.55142491922692        563.56944218599392     
   285.93817100707565        563.23125717902303     
   284.27864431092831        562.87500515007605     
   282.57228642669048        562.50029307039813     
   280.81847732900314        562.10672023991481     
   279.01653803410807        561.69387826388015     
   277.16573371638646        561.26135128539966     
   275.26527715960748        560.80871642992088     
   273.31433232950985        560.33554445270090     
   271.31201820570789        559.84140055762657     
   269.25741268105372        559.32584540696189     
   267.14955652425067        558.78843631353288     
   264.98745777348216        558.22872864501585     
   262.77009632844477        557.64627745798248     
   260.49642899469484        557.04063938350578     
   258.16539498024787        556.41137480583041     
   255.77592234154091        555.75805037137582     
   253.32693491876995        555.08024184424039     
   250.81736067254332        554.37753738783897     
   248.24614095600828        553.64954121793403     
   245.61224113320503        552.89587785551953     
   242.91466315777751        552.11619666639933     
   240.15246012322024        551.31017755848893     
   237.32475031522793        550.47753473317482     
   234.43073862718336        549.61802567566042     
   231.46973534586630        548.73145587398267     
   228.44117974624737        547.81768627075917     
   225.34466590655063        546.87664049414695     
   222.17997121976592        545.90831228984189     
   218.94708723654540        544.91277282023191     
   215.64625296975993        543.89017767989264     
   212.27797116365940        542.84076798482045     
   208.84312144766633        541.76489743993011     
   205.34288369025475        540.66300434053028     
   201.77885188981895        539.53563568620632     
   198.15305234096490        538.38344255760842     
   194.46797864669801        537.20717852952816     
   190.72662330970991        536.00769555952263     
   186.93250510826897        534.78593736413677     
   183.08969037758928        533.54293014569544     
   179.20280693634956        532.27977107283300     
   175.27704935050500        530.99761466505311     
   171.31817422494527        529.69765778019371     
   167.33248382336191        528.38112367979943     
   163.32679736385248        527.04924591869633     
   159.30840880611350        525.70325263793609     
   155.28503045033438        524.34435193471461     
   151.26472227688859        522.97371866317633     
   147.25580741049455        521.59248313027490     
   143.26677501502277        520.20172172768696     
   139.30617255641619        518.80244953321642     
   135.38249048459227        517.39561485289221     
   131.50404292475577        515.98209544855581     
   127.67884878131618        514.56269628995062     
   123.91451768443963        513.13814863621110     
   120.21814539317259        511.70911012302707     
   116.59622264729575        510.27616585354258     
   113.05456075087939        508.83983027834114     
   109.59823618351943        507.40054979793371     
   106.23155539820311        505.95870593109134     
   102.95803970137869        504.51461911228620     
   99.780429282324235        503.06855289112315     
   96.700704340263940        501.62071849925360     
   93.720120927357982        500.17127975572498     
   90.839258505079457        498.72035804921973     
   88.058076070786370        497.26803744643962     
   85.375974142249589        495.81436967536740     
   82.791859888533921        494.35937906541108     
   80.304212716648465        492.90306713846383     
   77.911148769937128        491.44541696868754     
   75.610482404149778        489.98639697425756     
   73.399784709495648        488.52596548933053     
   71.276435378896679        487.06407257261674     
   69.237671465374476        485.60066382884150     
   67.280629904412208        484.13568263037143     
   65.402370686577669        482.66906328011146     
   63.599967597944335        481.20076939055525     
   61.870445662639227        479.73073937527795     
   60.210865978543303        478.25892554211737     
   58.618329378532991        476.78528565186235     
   57.089991662070673        475.30978346457744     
   55.623076096961121        473.83238933140518     
   54.214883043916032        472.35308063930677     
   52.862797049082701        470.87184193597841     
   51.564292198542653        469.38866522039314     
   50.316935450032261        467.90354988953499     
   49.118388709643888        466.41650281838673     
   47.966409433398290        464.92753809032263     
   46.858850581414174        463.43667699616338     
   45.793659617974278        461.94394787239054     
   44.768876752652339        460.44938577563374     
   43.782632816449301        458.95303227643319     
   42.833146846737634        457.45493533404743     
   41.918723237535275        455.95514894895081     
   41.037748362211858        454.45373256796870     
   40.188687963910027        452.95075133414116     
   39.370083597900745        451.44627545041334     
   38.580549547105910        449.94038013549886     
   37.818769414994669        448.43314510021844     
   37.083492989817998        446.92465439658866     
   36.373533098381301        445.41499615934350     
   35.687762525900212        443.90426231203452     
   35.025110987150626        442.39254827934820     
   34.384562279861150        440.87995276347453     
   33.765151479473111        439.36657747465182     
   33.165962314060856        437.85252692970164     
   32.586124554327810        436.33790815059803     
   32.024811634337105        434.82283050880062     
   31.481238297056588        433.30740544795367     
   30.954658384233728        431.79174629925529     
   30.444362760343896        430.27596809291737     
   29.949677292798984        428.76018730636264     
   29.469960973441008        427.24452169397460     
   29.004604116954663        425.72909008552898     
   28.553026714616628        424.21401226740227     
   28.114676797552843        422.69940872365493     
   27.689028938046075        421.18540055139113     
   27.275582756423344        419.67210893387625     
   26.873861816719245        418.15965621467586     
   26.483411988207230        416.64816392020248     
   26.103800524329646        415.13775391683401     
   25.734614795869948        413.62854777874185     
   25.375461272856523        412.12066680912341     
   25.025964519459905        410.61423187392876     
   24.685766233538082        409.10936328770356     
   24.354524340298543        407.60618064926285     
   24.031912160483468        406.10480277890196     
   23.717617610012937        404.60534759377032     
   23.411342440767008        403.10793197791310     
   23.112801535769844        401.61267172017369     
   22.821722301202044        400.11968178805802     
   22.537843794848857        398.62907472610624     
   22.260916472794158        397.14096278530496     
   21.990701419045870        395.65545645645733     
   21.726969848058069        394.17266465760571     
   21.469502610353260        392.69269470634674     
   21.218089719394484        391.21565226219110     
   20.972529888933348        389.74164118818652     
   20.732630128712824        388.27076358650277     
   20.498205359934964        386.80311980523373     
   20.269077972364016        385.33880815960953     
   20.045077532041212        383.87792507181717     
   19.826040408596498        382.42056495459440     
   19.611809471998335        380.96682021367019     
   19.402233769309685        379.51678117978537     
   19.197168254539140        378.07053607630900     
   18.996473509087117        376.62817100534647     
   18.800015473581208        375.18976986276493     
   18.607665252724857        373.75541459518189     
   18.419298769429243        372.32518452955185     
   18.234796693597676        370.89915720800218     
   18.054044124059569        369.47740773881105     
   17.876930433104455        368.06000904065007     
   17.703349071581655        366.64703179665725     
   17.533197390825343        365.23854445510369     
   17.366376472771147        363.83461320783925     
   17.202790976454438        362.43530206135500     
   17.042348952424433        361.04067263173721     
   16.884961749416849        359.65078447899987     
   16.730543837633693        358.26569483560041     
   16.579012695528721        356.88545881461056     
   16.430288670239086        355.51012925718931     
   16.284294868658826        354.13975685380484     
   16.140957023815353        352.77438999302126     
   16.000203452777303        351.41407527727955     
   15.861964855661103        350.05885684154555     
   15.726174283436290        348.70877682862709     
   15.592767028281068        347.36387530184203     
   15.461680531234229        346.02419027987673     
   15.332854301047224        344.68975774665205     
   15.206229822199901        343.36061157665438     
   15.081750513261341        342.03678396503381     
   14.959361604813767        340.71830493684945     
   14.839010083250342        339.40520259265764     
   14.720644657867179        338.09750334914014     
   14.604215655338225        336.79523166874810     
   14.489674939125452        335.49840996986654     
   14.376975926926947        334.20705924802638     
   14.266073474924180        332.92119860804581     
   14.156923840603639        331.64084547566597     
   14.049484632254769        330.36601563717574     
   13.943714744825586        329.09672313903485     
   13.839574342742850        327.83298058446064     
   13.737024778885059        326.57479886258062     
   13.636028584275319        325.32218747670248     
   13.536549401283340        324.07515434550481     
   13.438551957471848        322.83370597950193     
   13.342002038022905        321.59784763245921     
   13.246866380206681        320.36758268044832     
