   44856476123.5152906757332907562816571      
   44856470435.9427228911209666836085565      
   44856464015.0545992348133069782522995      
   44856456724.9669533168897354705534785      
   44856448401.0441615251496684345824243      
   44856438847.6573460522037650645066792      
   44856427836.1273994327718522615073915      
   44856415102.7023171239157256124408262      
   44856400347.0318192935714788640126846      
   44856383230.3908370251697533370979097      
   44856363374.0787450804126502227592852      
   44856340357.7601297543385978683110211      
   44856313717.5357342391198846911009749      
   44856282943.9348722961616124872490099      
   44856247479.4969978723694920249389874      
   44856206716.0591435383646185649325233      
   44856159991.4904823187180819920741933      
   44856106586.0941796320730556823010747      
   44856045718.3868329286174312711141056      
   44855976540.2313509144037748456717514      
   44855898131.3621660543963926967422383      
   44855809493.1796480598121058395714383      
   44855709542.0333416476871359934162044      
   44855597101.6325267605724031709179113      
   44855470894.8526081262186050644203833      
   44855329535.6612633968146838473362742      
   44855171517.1221048543554092067164867      
   44854995205.2676719540170727155074790      
   44854798826.7150642871950498502885283      
   44854580458.9268528434970518639835241      
   44854338019.8767276139128243686200285      
   44854069258.1422142997594055018914174      
   44853771743.4142450926827540677590405      
   44853442857.3765664035518406518929176      
   44853079786.0626498425584143217648079      
   44852679512.7219509407149251109590655      
   44852238812.2542528606108371799683341      
   44851754245.1584907696865129696719497      
   44851222161.6154294979434405549112777      
   44850638688.0391666131276730877460383      
   44849999734.9877586843453881746217944      
   44849300991.7739546579520300790297134      
   44848537938.9385586863185804627087001      
   44847705836.6425265044375132448970544      
   44846799734.5099423770815074351439056      
   44845814472.7606649274591279583512700      
   44844744684.6596573662949042632589398      
   44843584799.1962312471135657463003769      
   44842329042.5613816420508258499969112      
   44840971440.1994234592131395330690619      
   44839505817.1099355168793009075113834      
   44837925798.1918999512664749337251661      
   44836224807.1406658078954961353257207      
   44834396065.0512861623577889984273131      
   44832432588.4660604346073323125499048      
   44830327184.7572127741407536878081669      
   44828072448.2044268983409866563408189      
   44825660754.1865551191947056789069717      
   44823084253.0877006363945716306320545      
   44820334861.2447169303529469487792182      
   44817404251.8651381190431858769954132      
   44814283844.4021317815071605673062870      
   44810964782.0360241581659668117491327      
   44807437950.8597269253639335585372715      
   44803693907.1731055259338287578824919      
   44799722885.9677528728922360064416906      
   44795514755.6739145153576256020762362      
   44791058965.9917199839206221001184308      
   44786344474.4013441026216606370176580      
   44781359646.8038792910381370510248222      
   44776092135.0873050955088415390617684      
   44770528768.0715444194718881742799613      
   44764655516.1032757496295156660790956      
   44758457609.0649753415740968600145986      
   44751919797.8012976266968050682203299      
   44745026655.7131665303332426484924664      
   44737762872.8244481678371581733701235      
   44730113530.1759372473656195532715386      
   44722064383.5996302970225931305141034      
   44713602144.2086244323678590627132585      
   44704714581.1683471530343011871866467      
   44695390643.1367118549528439415433869      
   44685620269.0383699691077971333807084      
   44675394190.8330266002878516154414551      
   44664703673.2834918818279418281405067      
   44653540257.7242034227602579904618041      
   44641895539.7139749147055880768992063      
   44629760993.7536080970893512629347130      
   44617127864.8919302887474656022826691      
   44603987002.8723497385033430255583464      
   44590328940.7439577397963276800941838      
   44576143774.7682279108714429901459250      
   44561421180.7293606249786273256125582      
   44546150416.9892021580962651989579224      
   44530320331.0371296354053579419844417      
   44513919374.7552693375015435572333475      
   44496935617.8890617659636070894237960      
   44479356762.6539557609608183820300713      
   44461170158.0833086772821187583545688      
   44442362813.3989649964867318232631208      
   44422921410.3393135351698460145925583      
   44402832314.1962036173635292610826502      
   44382081583.9554289511001676346530544      
   44360654981.1435563777618661121434385      
   44338537977.7573677265616401084842728      
   44315715763.3978524065405080329829613      
   44292173251.4640568817974851800257384      
   44267895084.9114746328470248065253724      
   44242865640.9078586172983463291634863      
   44217069055.3851627890925159341624368      
   44190489145.5630947607263531102731440      
   44163109537.0558370576453489922982098      
   44134913584.2240168397579397184767479      
   44105884392.9125212161740193623100165      
   44076004823.6251194937708390309277286      
   44045257493.7846220205613640871947566      
   44013624779.8375647770811326970006959      
   43981088819.1800010016830453315036767      
   43947631511.9475166649289028094400755      
   43913234522.5581350371615918722205749      
   43877879281.4730158010175855498014644      
   43841546986.3121771405840661760893449      
   43804218603.4989727593627206300478654      
   43765874869.3316955820373750411805304      
   43726496291.1569066617263351161452542      
   43686063148.6291053152654583104295522      
   43644555494.6391924735015706779159345      
   43601953156.4994962467570197074615019      
   43558235736.9936852671338639169839909      
   43513382615.6584901323642612074377423      
   43467372946.8602276653364811015361217      
   43420185666.5247808315245304042677122      
   43371799488.5041238912172720038542167      
   43322192903.7609732681609008020188772      
   43271344188.7933643713527835393694363      
   43219231396.0849883721492049451932640      
   43165832363.8448181771311925400766440      
   43111124712.6230245160534948905766647      
   43055085845.0091533493180927250325781      
   42997692950.3782199266962824568755856      
   42938922999.5986072933347956675219431      
   42878752753.5786325710568846218539950      
   42817158754.7897122895625538138884689      
   42754117336.9793624548780224549813792      
   42689604617.5108700429341679854950568      
   42623596503.8313859812474983629306421      
   42556068694.2498836685091370866869950      
   42486996669.4835877884889547355404120      
   42416355708.6881714756778954197487049      
   42344120875.3335324510389666036253891      
   42270267024.0478007468050987433238526      
   42194768804.9918798566284563060068020      
   42117600656.8728806535345006366993228      
   42038736808.2178258432535309411491140      
   41958151286.1739219023892303436935854      
   41875817908.7500893060973635717725780      
   41791710284.4514188415844277845913664      
   41705801820.8651852662782878984884421      
   41618065717.3172710666586254598519919      
   41528474967.9254058179411724190009937      
   41437002363.8311151638082217792435289      
   41343620490.7556637709173638779836431      
   41248301731.7296500824527976372474842      
   41151018264.5327321897778867926366585      
   41051742063.9297171694653118845097222      
   40950444901.6484013418895289937070636      
   40847098348.0634567075108375963367548      
   40741673769.4765709282504198714249217      
   40634142332.9001431078414370948895725      
   40524475001.4784558355234912313231443      
   40412642538.9458502615389437632559871      
   40298615507.1135915943913780176063794      
   40182364267.6133172626025722479669284      
   40063858979.4847142065876782104878053      
   39943069603.7043162156131943077406086      
   39819965901.3289041711571046636539888      
   39694517433.7003173601821758511972863      
   39566693562.4616907717647653847543848      
   39436463448.1843408702541047728218677      
   39303796055.2728644871274045070706091      
   39168660148.3315820511991274621153271      
   39031024292.4737235684420812067824742      
   38890856854.6616324832690337431501345      
   38748126006.0203825156980533675187144      
   38602799714.9881524558731384249620861      
   38454845757.3951313470194683085811707      
   38304231710.0364851466817787439163102      
   38150924951.5058351679632673375415775      
   37994892662.5486699692122023284344141      
   37836101827.0243518473291673209033970      
   37674519234.6416026461431014748989813      
   37510111475.2258522286347025535357899      
   37342844944.8405912589765184745244696      
   37172685836.0649188928778653361999865      
   36999600159.8431233932477127355493759      
   36823553714.4346693727137444632411445      
   36644512113.6352184279271250425200858      
   36462440771.7249429607580812484502002      
   36277304907.6839948374617470576617881      
   36089069544.8979166868739924045414057      
   35897699506.5726327899262143080162405      
   35703159428.7405068513338053655823677      
   35505413743.3922346832067838488261024      
   35304426701.8939773061798213669298943      
   35100162348.3645729402287393293662644      
   34892584543.2380020245926587902762222      
   34681656929.9016271597197201064319621      
   34467342979.9584631497909197725177520      
   34249605950.3919810570863015379971995      
   34028408938.5926538491866127559521977      
   33803714815.5958945753620589505399706      
   33575486267.8929639207540400277568737      
   33343685796.2650226592268173352578825      
   33108275684.6487950836101410328099168      
   32869218046.5018756132720462440873440      
   32626474789.3075338468763087215014695      
   32380007643.8382439983836230533103145      
   32129778128.3963268813218930406826395      
   31875747572.1028819269240950648613704      
   31617877112.9724372549247605375432313      
   31356127698.8377551248513813407356321      
   31090460077.6484714235608911637402810      
   30820834822.8217966353491603118733701      
   30547212285.2464519416030464879883890      
   30269552644.8951597749317895502094128      
   29987815882.9376910970705916315838180      
   29701961787.9831981330129136249550013      
   29411949956.2843792334131761865305919      
   29117739791.3817579983837035389517830      
   28819290504.4716298513748304148436353      
   28516561114.7137562180737445428336948      
   28209510449.0425235065839520188618992      
   27898097142.5196228954944670539539616      
   27582279637.8593049769265293646672473      
   27262016184.9824154391997140419455913      
   26937264840.1372380621380261638439257      
   26607983471.1874083275379382044317943      
   26274129755.9991288992092573910196255      
   25935661170.7787673965656623912370769      
   25592535021.4835223775509316391699389      
   25244708404.0486401845756414276447854      
   24892138227.4181372964277936346400602      
   24534781209.0842455722913032347735066      
   24172593876.5191333604532508016240810      
   23805532564.5941608182528088235994519      
   23433553416.2220211555712226102807156      
   23056612382.5788597398176592581138747      
   22674665224.2483583068715204100228074      
   22287667514.7458627042349321397320533      
   21895574637.5918550642975062803200773      
   21498341781.7018095285312641652407712      
   21095923945.3579674175709294422720660      
   20688275934.3970220487295733973461767      
   20275352367.5787870655977310014193826      
   19857107669.4120976630298229805004471      
   19433496074.7194988755018519188882896      
   19004471630.5733685173625186182254078      
   18569988191.2387348111897670892572795      
   18129999422.1735405853844924871477286      
   17684458798.1939847253355450781185985      
   17233319604.4615617283049426600904988      
   16776534931.8945813123826862221008878      
   16314057685.1676797547017901361943257      
   15845840578.3786766304932813720401904      
   15371836133.5959049376114429099622014      
   14891996684.1558121106717363253701304      
   14406274372.7788010435031326994464438      
   13914621151.9956991655140517121292338      
   13416988786.2310208267993157197696066      
   12913328850.3026464016239169289042309      
   12403592726.6191276642470069290619805      
   11887731608.4267483747804269410731646      
   11365696501.0369190460025353865361646      
   10837438219.1754445676995097875633678      
   10302907386.7416828951707077830715026      
   9762054436.97377324024541799151576718      
   9214829618.71283574056027638894701573      
   8661182986.69118558370681909119765706      
   8101064407.62618410760012094181820957      
   7534423560.49848125200942921526658302      
