   46.150039116602784        63.048219343885854     
   46.150039116602784        63.048219343885854     
   46.150039116602784        63.048219343885854     
   46.150039116601455        63.048219343885194     
   46.150039116500515        63.048219343834859     
   46.150039114107493        63.048219342641595     
   46.150039087594628        63.048219329421848     
   46.150038913511295        63.048219242624420     
   46.150038127086042        63.048218850519319     
   46.150035430287438        63.048217505871548     
   46.150027922778342        63.048213762208896     
   46.150010134428996        63.048204890506256     
   46.149973014343949        63.048186373027455     
   46.149903047944775        63.048151459359381     
   46.149781636541242        63.048090851058816     
   46.149584808438327        63.047992547974943     
   46.149283262773338        63.047841853854173     
   46.148842693564717        63.047621509974384     
   46.148224313719744        63.047311910968624     
   46.147385488221921        63.046891351744883     
   46.146280404716165        63.046336268391045     
   46.144860722648602        63.045621446141247     
   46.143076192041157        63.044720200615380     
   46.140875227026108        63.043604537123421     
   46.138205444379217        63.042245308817670     
   46.135014201686943        63.040612408398417     
   46.131249140733679        63.038675007629955     
   46.126858749168143        63.036401859653871     
   46.121792938198695        63.033761665296865     
   46.116003626842172        63.030723496258943     
   46.109445313463688        63.027257257633934     
   46.102075615016574        63.023334169400052     
   46.093855759786955        63.018927248963941     
   46.084750977495034        63.014011749890400     
   46.074730803120744        63.008565554908060     
   46.063769273310548        63.002569502378712     
   46.051844991970519        62.996007623333412     
   46.038941065459824        62.988867280711560     
   46.025044933183494        62.981139225730900     
   46.010148062231160        62.972817543302519     
   45.994245548492671        62.963899516415900     
   45.977335610347701        62.954385395399399     
   45.959419014195674        62.944278099379332     
   45.940498423697534        62.933582845994046     
   45.920577710358323        62.922306732480010     
   45.899661213195110        62.910458264665401     
   45.877752980775568        62.898046856051927     
   45.854855995770322        62.885082302641806     
   45.830971475318321        62.871574270884373     
   45.806098013827416        62.857531715160832     
   45.780230913703363        62.842962361571246     
   45.753361466959724        62.827872175226460     
   45.725476272717266        62.812264836895103     
   45.696556599139534        62.796141242768549     
   45.666577779693149        62.779499022721637     
   45.635508654075913        62.762332084045021     
   45.603311048620945        62.744630175198346     
   45.569939299485171        62.726378479499118     
   45.535339821957031        62.707557235091677     
   45.499450719890753        62.688141379634729     
   45.462201435178635        62.668100222856602     
   45.423512448621111        62.647397149972107     
   45.383295010405313        62.625989345722452     
   45.341450936308817        62.603827562268741     
   45.297872416642861        62.580855889542406     
   45.252441915082031        62.557011592366315     
   45.205032095862492        62.532224958494510     
   45.155505816330866        62.506419191186481     
   45.103716200278143        62.479510351084727     
   45.049506785771428        62.451407346194841     
   44.992711757713245        62.422011970492242     
   44.933156310192011        62.391219029492994     
   44.870657110873381        62.358916523241412     
   44.805022918754851        62.324985930992277     
   44.736055341954184        62.289302578301410     
   44.663549770157132        62.251736123251227     
   44.587296472141738        62.212151147374918     
   44.507081856693858        62.170407856244914     
   44.422689884910938        62.126362890671693     
   44.333903638954219        62.079870248998837     
   44.240506938043460        62.030782260615119     
   44.142286032382060        61.978950637339629     
   44.039031235694104        61.924227513448656     
   43.930538476310254        61.866466473868222     
   43.816610617523892        61.805523469469307     
   43.697058562547198        61.741257639765458     
   43.571701990356161        61.673531937729443     
   43.440369690658926        61.602213532041766     
   43.302899560546145        61.527174025923692     
   43.159138105517691        61.448289375759806     
   43.008939618950649        61.365439617608452     
   42.852165064835958        61.278508405608648     
   42.688680698809719        61.187382372438677     
   42.518356530180895        61.091950374749707     
   42.341065574188228        60.992103164408256     
   42.156679116973677        60.887730729405163     
   41.965069543212600        60.778723985094899     
   41.766106286187892        60.664972469911788     
   41.559655205735091        60.546364005389400     
   41.345577539476636        60.422784100517596     
   41.123729045501136        60.294115457097931     
   40.893959325446119        60.160237582632348     
   40.656111332326596        60.021026507798943     
   40.410021048064870        59.876354608200728     
   40.155517321730372        59.726090528228681     
   39.892421849386480        59.570099196716292     
   39.620549309018116        59.408241944792508     
   39.339707620207875        59.240376713001346     
   39.049698366794345        59.066358364391256     
   38.750317349546755        58.886039095164470     
   38.441355316297290        58.699268963397252     
   38.122598862673883        58.505896538211672     
   37.793831553884630        58.305769697086760     
   37.454835263346354        58.098736568900975     
   37.105391801032219        57.884646664813367     
   36.745284841354817        57.663352207050949     
   36.374302231038016        57.434709692796616     
   35.992238678181259        57.198581697442762     
   35.598898952345074        56.954838986872637     
   35.194101558979384        56.703362921898247     
   34.777683041077871        56.444048214414344     
   34.349502856138422        56.176806024016827     
   33.909448939520203        55.901567435057821     
   33.457443920866147        55.618287285806424     
   32.993451989689618        55.326948326890829     
   32.517486361558070        55.027565675173093     
   32.029617157852684        54.720191417336551     
   31.529979704965950        54.404919380246909     
   31.018782786568828        54.081889729701253     
   30.496316674693887        53.751293317021286     
   29.962960581746152        53.413375527227799     
   29.419189102401681        53.068439378860155     
   28.865577224885413        52.716847625177579     
   28.302803528619279        52.359023649254020     
   27.731651247804361        51.995450987910608     
   27.153006882249628        51.626671346428566     
   26.567856238811011        51.253281088657666     
   25.977277844433175        50.875926241384477     
   25.382433779703529        50.495296115226182     
   24.784558112944989        50.112115727479583     
   24.184943213191620        49.727137247591116     
   23.584920884330096        49.341128556969082     
   22.985859096749081        48.954872194123823     
   22.389123265528518        48.569142010859153     
   21.796072111730304        48.184702299934941     
   21.208035867840387        47.802295874644230     
   20.626298680109073        47.422634984410657     
   20.052082166027315        47.046393026018130     
   19.486530666968427        46.674197265112028     
   18.930698579443938        46.306622744875853     
   18.385540020399691        45.944187419556691     
   17.851901552289849        45.587349028977108     
   17.330516831029513        45.236502707232397     
   16.822004765474148        44.891980646145250     
   16.326869807240179        44.554052697522586     
   15.845504618140176        44.222928198783890     
   15.378194700590804        43.898758770743690     
   14.925124636117323        43.581641911948296     
   14.486385538731545        43.271625182951205     
   14.061983387439723        42.968710839253596     
   13.651847635432901        42.672860447162506     
   13.255840471728874        42.384000048742621     
   12.873765529775097        42.102024787764876     
   12.505376553549921        41.826803595589730     
   12.150385573507920        41.558183579985091     
   11.808470521509008        41.295994104663521     
   11.479282215313926        41.040050522107173     
   11.162450673519951        40.790157543853496     
   10.857590745251180        40.546112237964103     
   10.564307076918116        40.307706672770330     
   10.282198425646241        40.074730204907816     
   10.010861378652004        39.846971454100547     
   9.7498935039602443        39.624219967231070     
   9.4988960055566380        39.406267627033287     
   9.2574744327059246        39.192908540582273     
   9.0252464726566597        38.983945077355543     
   8.8018341374973144        38.779180813430017     
   8.5868711523579400        38.578426388955485     
   8.3800022337010116        38.381498635581700     
   8.1808836527873190        38.188220854614144     
   7.9891836452345748        37.998423020417526     
   7.8045826495273225        37.811941895850218     
   7.6267734031219110        37.628621071922893     
   7.4554609299438486        37.448310946823419     
   7.2903624251936270        37.270868655004676     
   7.1312070706611852        37.096157956019233     
   6.9777357864556437        36.924049091184123     
   6.8297009355942944        36.754418615841715     
   6.6868659971849036        36.587149216243624     
   6.5490052003485557        36.422129500205685     
   6.4159031395637607        36.259253765059377     
   6.2873544332447873        36.098421864582882     
   6.1631632974574337        35.939538928690581     
   6.0431431243134623        35.782515101094063     
   5.9271161312465201        35.627265392419012     
   5.8149129628444411        35.473709442539828     
   5.7063723063612715        35.321771308589099     
   5.6013405172004704        35.171379251179864     
   5.4996712611694614        35.022465535767033     
   5.4012251696628022        34.874966247562448     
   5.3058694985307771        34.728821096353997     
   5.2134778003740809        34.583973227076200     
   5.1239296254801960        34.440369068189895     
   5.0371102104496472        34.297958142859009     
   4.9529102010298240        34.156692918696479     
   4.8712253776466312        34.016528654677352     
   4.7919563974949373        33.877423254088875     
   4.7150085446446397        33.739337121387010     
   4.6402914971104368        33.602233033160125     
   4.5677191077900368        33.466076016007349     
   4.4972091867271393        33.330833219533794     
   4.4286832970112453        33.196473793647932     
   4.3620665797994942        33.062968809901335     
   4.2972875508109114        32.930291114477129     
   4.2342779491062030        32.798415268771045     
   4.1729725587008204        32.667317425674234     
   4.1133090724356540        32.536975273390958     
   4.0552279245290048        32.407367908147585     
   3.9986721705433945        32.278475793992392     
   3.9435873550275553        32.150280683544807     
   3.8899213597320097        32.022765465732739     
   3.8376243392470930        31.895914238521684     
   3.7866485642292846        31.769712128654287     
   3.7369483374263237        31.644145288284101     
   3.6884799070755432        31.519200838491049     
   3.6412013244690948        31.394866724775611     
   3.5950724104257015        31.271131799100569     
   3.5500546447825503        31.147985681865624     
   3.5061110871120942        31.025418729840748     
   3.4632063007123146        30.903421991434460     
   3.4213062899176121        30.781987187020551     
   3.3803784264929844        30.661106644200942     
   3.3403913811152690        30.540773251037045     
   3.3013150727503247        30.420980452936924     
   3.2631206015065630        30.301722186480223     
   3.2257801985905785        30.182992859400006     
   3.1892671764058806        30.064787323090346     
   3.1535558767750467        29.947100837863307     
   3.1186216214737885        29.829929039850857     
   3.0844406725351634        29.713267923362800     
   3.0509901881690524        29.597113809735635     
   3.0182481832482502        29.481463324897998     
   2.9861934920102597        29.366313378796537     
   2.9548057319655374        29.251661144237275     
   2.9240652687035422        29.137504031932611     
   2.8939531838763153        29.023839673365021     
   2.8644512447507093        28.910665904369136     
   2.8355418744772254        28.797980746594153     
   2.8072081241421420        28.685782391025707     
   2.7794336443844054        28.574069171721650     
   2.7522026680459515        28.462839597287687     
   2.7254999741717816        28.352092268905242     
   2.6993108692148060        28.241825900487211     
   2.6736211782464490        28.132039341859894     
   2.6484172013865583        28.022731499565914     
   2.6236857093633046        27.913901370053367     
   2.5994139207681459        27.805548019223597     
   2.5755894839505320        27.697670572599421     
   2.5522004601525423        27.590268207869837     
   2.5292353068728826        27.483340144949103     
   2.5066828620984918        27.376885639612532     
   2.4845323294959378        27.270903975166785     
   2.4627732616435445        27.165394445744766     
   2.4413955549979871        27.060356384519615     
   2.4203894275292850        26.955789121242997     
   2.3997454099433733        26.851691990950190     
   2.3794543348595441        26.748064332962311     
   2.3595073205111436        26.644905468057608     
   2.3398957667219040        26.542214719764008     
   2.3206113360291569        26.439991376127889     
   2.3016459577458432        26.338234743783598     
   2.2829918054536456        26.236944092574717     
   2.2646412921346490        26.136118668954726     
   2.2465870616294450        26.035757693517205     
   2.2288219812423744        25.935860366349420     
   2.2113391309103672        25.836425848190725     
   2.1941317985417714        25.737453272994447     
   2.1771934678581348        25.638941720165811     
   2.1605178256424877        25.540890298662710     
   2.1440987333661927        25.443298016085777     
