   47.326235308428870        64.314490046515729     
   47.326235308428870        64.314490046515729     
   47.326235308428870        64.314490046515729     
   47.326235308428870        64.314490046515729     
   47.326235308428643        64.314490046515616     
   47.326235308398651        64.314490046500637     
   47.326235307396558        64.314490046000017     
   47.326235293486860        64.314490039051037     
   47.326235186835170        64.314489985768347     
   47.326234648728366        64.314489716915858     
   47.326232647573242        64.314488716972519     
   47.326226726210948        64.314485757620844     
   47.326212022657877        64.314478407131375     
   47.326180192548563        64.314462488915723     
   47.326118420789662        64.314431582346714     
   47.326008669938552        64.314376637992112     
   47.325827293917811        64.314285774060593     
   47.325544998876190        64.314144240508242     
   47.325127145398127        64.313934548456288     
   47.324534301562252        64.313636714531214     
   47.323722953637684        64.313228568462321     
   47.322646279256162        64.312686071388271     
   47.321254931531996        64.311983619410256     
   47.319497726190775        64.311094275235178     
   47.317322315731218        64.309989987942600     
   47.314675733405764        64.308641742500129     
   47.311504933972493        64.307019728474202     
   47.307757264028460        64.305093498685665     
   47.303380951632988        64.302832183462598     
   47.298325585681340        64.300204746702747     
   47.292542617483967        64.297180308027436     
   47.285985858990990        64.293728514007597     
   47.278611991939009        64.289819959355057     
   47.270381048851171        64.285426629890097     
   47.261256861091432        64.280522352713831     
   47.251207446187514        64.275083226544609     
   47.240205333054043        64.269088021270463     
   47.228227795135822        64.262518519171195     
   47.215257000690087        64.255359794532907     
   47.201280066422967        64.247600416325668     
   47.186289019350475        64.239232573123985     
   47.170280667408583        64.230252116732558     
   47.153256398659444        64.220658534125945     
   47.135221899457903        64.210454843060589     
   47.116186827670610        64.199647432202426     
   47.096164425335850        64.188245840582937     
   47.075171102503447        64.176262495154504     
   47.053225997923057        64.163712416649574     
   47.030350517206948        64.150612890688762     
   47.006567873000336        64.136983128955634     
   46.981902631079905        64.122843923844911     
   46.956380251929041        64.108217289154112     
   46.930026660322419        64.093126114638508     
   46.902867828223371        64.077593824703328     
   46.874929376332886        64.061644047248635     
   46.846236208627630        64.045300303467982     
   46.816812161983250        64.028585708565885     
   46.786679686485449        64.011522694415447     
   46.755859550929877        63.994132751551412     
   46.724370571371296        63.976436189927185     
   46.692229364795317        63.958451919860352     
   46.659450123995917        63.940197251602250     
   46.626044413845911        63.921687712851373     
   46.592020983878996        63.902936882030609     
   46.557385607855799        63.883956244694616     
   46.522140915312292        63.864755044893542     
   46.486286267330030        63.845340175907531     
   46.449817619870551        63.825716061712548     
   46.412727402767658        63.805884555717796     
   46.375004413532082        63.785844848997186     
   46.336633700057305        63.765593381563725     
   46.297596418214454        63.745123741328285     
   46.257869921648755        63.724426670572562     
   46.217427375786755        63.703489866017101     
   46.176237841126621        63.682297986503102     
   46.134266124677950        63.660832560427288     
   46.091472665768144        63.639071907580075     
   46.047813433395895        63.616991070134681     
   46.003239789872964        63.594561720041085     
   45.957698364979386        63.571752076684412     
   45.911130926488987        63.548526825911352     
   45.863474219771369        63.524847013830964     
   45.814659801606396        63.500669938918186     
   45.764613871190292        63.475949045255703     
   45.713257069047913        63.450633791970127     
   45.660504273635993        63.424669523993813     
   45.606264369629955        63.397997320476819     
   45.550440001776010        63.370553838143074     
   45.492927315695582        63.342271143971104     
   45.433615650390578        63.313076514250966     
   45.372387235226874        63.282892238188374     
   45.309116848598180        63.251635398056628     
   45.243671462776788        63.219217635421487     
   45.175909832380185        63.185544879816113     
   45.105682093137290        63.150517088379424     
   45.032829298146794        63.114027937072990     
   44.957182953180592        63.075964513909675     
   44.878564505742659        63.036206979651645     
   44.796784807040090        62.994628206577630     
   44.711643563626353        62.951093410941503     
   44.622928757049166        62.905459761248657     
   44.530416057077431        62.857575975952038     
   44.433868197044468        62.807281895913256     
   44.333034388911798        62.754408078484474     
   44.227649742332275        62.698775384693960     
   44.117434686575564        62.640194572121423     
   44.002094468862268        62.578465918088575     
   43.881318732257796        62.513378894946094     
   43.754781168985652        62.444711887705594     
   43.622139329496449        62.372232002186713     
   43.483033708632405        62.295694449962284     
   43.337091468176581        62.214844661099633     
   43.183921882816797        62.129415555131409     
   43.023120420066945        62.039129879472178     
   42.854269133091634        61.943700414564105     
   42.676938326552104        61.842830941734547     
   42.490688647205026        61.736217495347333     
   42.295073665354295        61.623549938051923     
   42.089642936987232        61.504513857108179     
   41.873945501124865        61.378792770667765     
   41.647533726245733        61.246070584283373     
   41.409967415431154        61.106034253629005     
   41.160817991228626        60.958376544882761     
   40.899672538280747        60.802798761736717     
   40.626137539070335        60.639013329082850     
   40.339842049719543        60.466746079242199     
   40.040440115723243        60.285738109087475     
   39.727612330830866        60.095747135561759     
   39.401066410560468        59.896548266637360     
   39.060536858560283        59.687934218712840     
   38.705785375321561        59.469716003655840     
   38.336591916741177        59.241717779503645     
   37.952764686219560        59.003783491655106     
   37.554129375202315        58.755770572771809     
   37.140532519606126        58.497552429452227     
   36.711831057182131        58.229012243383160     
   36.267905104491454        57.950051349017677     
   35.808652292744043        57.660586001447740     
   35.333992459458791        57.360550609052027     
   34.843872525781975        57.049901058301479     
   34.338273242146975        56.728619150956355     
   33.817217910356597        56.396718233300099     
   33.280782425342650        56.054249441769713     
   32.729107829688530        55.701309607431440     
   32.162413256533334        55.338049006047363     
   31.581010189030732        54.964679821442033     
   30.985316785101727        54.581484353801130     
   30.375871677243879        54.188822585157070     
   29.753346307053377        53.787138481160760     
   29.118554884411484        53.376964443361238     
   28.472461056705882        52.958923366239624     
   27.816180578792842        52.533727904763687     
   27.150979417933844        52.102176718614402     
   26.478267130723776        51.665147742388797     
   25.799585524230348        51.223588697328452     
   25.116592998874356        50.778505312846271     
   24.431044997186060        50.330947761258997     
   23.744771359639824        49.881995949264457     
   23.059650953640112        49.432744083005787     
   22.377584445111552        48.984285040223234     
   21.700465827675629        48.537694882346521     
   21.030153439192180        48.094017823707915     
   20.368441261548480        47.654251943293133     
   19.717028327707688        47.219333909216601     
   19.077506490221040        46.790135736801773     
   18.451317931896934        46.367441342927933     
   17.839751294009147        45.951947887821014     
   17.243924615274334        45.544257727671884     
   16.664777035365262        45.144875272941491     
   16.103065662969396        44.754206362796900     
   15.559367351794720        44.372560017473063     
   15.034084884591188        44.000152334780871     
   14.527456846607272        43.637112170649402     
   14.039570391022542        43.283488212324180     
   13.570376005997426        42.939257005708058     
   13.119703504120672        42.604331566261564     
   12.687278448262889        42.278570155852485     
   12.272738435093201        41.961784948939517     
   11.875648716185390        41.653750321264965     
   11.495516805867823        41.354210588825367     
   11.131805832935152        41.062887069019361     
   10.783946506906156        40.779484405415737     
   10.451347635746204        40.503696117568822     
   10.133405217383569        40.235209396781087     
   9.8295101699525045        39.973709180107569     
   9.5390547843651827        39.718881545897915     
   9.2614380248192507        39.470416500300516     
   8.9960697900541593        39.228010211797169     
   8.7423742930909309        38.991366785956593     
   8.4997925977434416        38.760199582451222     
   8.2677845454588113        38.534232223661384     
   8.0458300512653178        38.313199241792937     
   7.8334300432344035        38.096846624693093     
   7.6301068070674862        37.884931885323560     
   7.4354042094426465        37.677224226356181     
   7.2488875736690117        37.473504445343444     
   7.0701422952845201        37.273563627653985     
   6.8987777754150654        37.077207478879181     
   6.7344200452914009        36.884248951026436     
   6.5767157481560341        36.694512677012725     
   6.4253302147671443        36.507833345898554     
   6.2799466844238898        36.324055275593338     
   6.1402655163663109        36.143031985597908     
   6.0060033838180704        35.964625757269829     
   5.8768924628402361        35.788707183603094     
   5.7526796535967790        35.615154754590357     
   5.6331258020414996        35.443854427905485     
   5.5180049560732902        35.274699226503529     
   5.4071036319563213        35.107588835944959     
   5.3002201277712091        34.942429234314233     
   5.1971638498605257        34.779132319132131     
   5.0977546733997938        34.617615553927351     
   5.0018223558290060        34.457801662952129     
   4.9092059451522969        34.299618292852095     
   4.8197532468336854        34.142997721964718     
   4.7333203057638622        33.987876582569150     
   4.6497709233498927        33.834195587933905     
   4.5689761936801165        33.681899275021628     
   4.4908140901860758        33.530935788545676     
   4.4151690434500148        33.381256632845407     
   4.3419315753398182        33.232816480968289     
   4.2709979234103290        33.085572952934598     
   4.2022697189760594        32.939486448082413     
   4.1356536719425234        32.794519966707036     
   4.0710612671625341        32.650638939245752     
   4.0084084957149297        32.507811076737106     
   3.9476155868587886        32.366006224918316     
   3.8886067701607900        32.225196221302468     
   3.8313100382731125        32.085354766021808     
   3.7756569362343955        31.946457302742470     
   3.7215823621505160        31.808480910887706     
   3.6690243768224358        31.671404194107630     
   3.6179240250045286        31.535207179440118     
   3.5682251688410838        31.399871221101606     
   3.5198743338518237        31.265378920655618     
   3.4728205592538584        31.131714034236634     
   3.4270152621041903        30.998861398954446     
   3.3824121072721627        30.866806858541686     
   3.3389668808031585        30.735537173028490     
   3.2966373999593590        30.605040041845566     
   3.2553833629187023        30.475303904968911     
   3.2151662850988489        30.346317988110744     
   3.1759493882563055        30.218072215358301     
   3.1376975140896293        30.090557162346663     
   3.1003770401228521        29.963764008958993     
   3.0639558011093393        29.837684494910047     
   3.0284030128902177        29.712310878629879     
   2.9936892058186846        29.587635899167871     
   2.9597861538810815        29.463652736268216     
   2.9266668124840165        29.340354971234014     
