   3.06281783862426497731776754781085663      
   2.55261092686559348189669713806718334      
   2.00017462052292433380656147465567784      
   1.47052706295845220272466248635057428      
   1.02807835117633083043719103155422525      
  0.728467909777483977158977496110091931      
  0.615587677107000425276290675161337292      
  0.712682411992562246671001559931675028      
   1.02471011547634999946940791446837513      
   1.53657512585816634434324795096000792      
   2.21765454854779016846633205839549542      
   3.02245542319227655379141838485081216      
   3.90094521122071278124512242358459045      
   4.80048175691106335480008953500494431      
   5.67184428956786599794899565947439087      
   6.47376123841436857256009262696375102      
   7.17576312776881603118715051867212840      
   7.75847149384238970974978558803672995      
   8.21277198524898013976587902123666329      
   8.54240282546155689308123697560439832      
   8.75699328056106841360456555206112182      
   8.87380655353714872131242781296281895      
   8.91185231517596707129528764144720207      
   8.89425864595711478585204098196512518      
   8.84203366173501333268977637104634657      
   8.77507564733528782136716531895883588      
   8.71313047410922175084130904333590836      
   8.67054622081491033399977656904032082      
   8.65952002071315819061427466707566733      
   8.69016876940249179744819913933344032      
   8.76970905777971665547580301204707441      
   8.90045170210542174477401565101446713      
   9.08473204482695051738533040008504635      
   9.32400323272921241347419919388606790      
   9.61504137656261290749484447532554079      
   9.95636618841206632459281323080336169      
   10.3446506617696023515721419417940264      
   10.7769035666108680313606848656168198      
   11.2488855688430939904626986578165080      
   11.7585846908849343651903767390951371      
   12.3033817556735311616127862027890333      
   12.8819775819682763879991455298638887      
   13.4924690865520089533918654720752631      
   14.1353812575102209995935306385433971      
   14.8110905319248079801229823808110111      
   15.5206790420059396771867117395954895      
   16.2671238917048732129496899135004605      
   17.0558765634091441235158668986595660      
   17.8838797422746557108428107774979056      
   18.7573033738415770397871040257394934      
   19.6859822101506390353832594730112915      
   20.6732738411379669476869091801763567      
   21.7274318787878115461334957677611256      
   22.8480145816147117285347395285635961      
   24.0478468130414025572423545671963876      
   25.3261927580947450822118891281671256      
   26.6918867406434844724839644154557376      
   28.1536393524266021813586118574095462      
   29.7114475693090745966068393931174132      
   31.3820269882123978102556777616952185      
   33.1624937747660551412659730276934758      
   35.0643210014715946696223272217555828      
   37.0991665027621416228482747100448293      
   39.2618705120767993458098744760289436      
   41.5629183272993615909964953146047156      
   43.9984312361224130142085014652236160      
   46.5860194672507010200986713591129597      
   49.3264450802115208708694405684775197      
   52.2239460630047921531344032797076403      
   55.2857522389851464391371606424185815      
   58.5170619236875190650050479841023631      
   61.9190877545266029109563770389319158      
   65.5082306590999693318472239452972203      
   69.2712252343058801300057801260804220      
   73.2277309937213722119341358204714866      
   77.3864389873398655154215674090249860      
   81.7380886779761911947123376978666838      
   86.3013625889353432141443688749019563      
   91.0844779299381307410816170141935613      
   96.0946437546774890289253333142031968      
   101.331272924178085209574851604796838      
   106.823761293362914908512527206589291      
   112.568391630267031209779034962584281      
   118.580410837907072613418490080993953      
   124.872276658311434741753552893325735      
   131.460751421129158973863082394379456      
   138.362479182463881413308791069620663      
   145.594302508129511294073288189133499      
   153.173876414743537682088572243924017      
   161.132259679119891395670530822539120      
   169.478679012831252998478642329765848      
   178.251360337001336865153215605007308      
   187.461764516586491565953204735510869      
   197.162188068042202761560810703993476      
   207.372772987170894355365831051686200      
   218.152921363007216876792336131466036      
   229.520688163717544888835465107468047      
   241.546109315831190734721287951855938      
   254.263804251119337234504324579330242      
   267.740359616380101452177062748011622      
   282.025613129585563922232336249543027      
   297.200765743943935134652946443726709      
   313.313299919619171278962218159906978      
   330.520348432268346576800166617639550      
   348.845900543551666835538973076227855      
   368.393365908787820570874253011597764      
   389.263166973846030990210340193162893      
   411.620184889021656590147165276046792      
   435.542702981951489260738241456657288      
   461.217574503896311784682562891355338      
   488.784844978218257678524298699670069      
   518.409603623392401437840559674409084      
   550.253845768228652041701422057815953      
   584.569037970599062832073273338120117      
   621.489718316257779104205653884541312      
   661.265643055825726222691320392683543      
   704.165916736111956276454452536432478      
   750.374266589894461739878724216301075      
   800.167137822981471151026776817777836      
   853.741539006420804238320162977501257      
   911.315222935897690154036754505695953      
   972.998074509643005212315591708907663      
   1038.71369551158389433661908280518934      
   1108.35853086424315931549085973248062      
   1181.45061979641172285669821685995824      
   1257.05589044513436927924017027580378      
   1333.97142359962236871698805333148196      
   1410.47086660967485593517065540086730      
   1484.11361083495575950040141369735230      
   1551.86019600298933036300798547534956      
   1610.11509133873765909841162504681933      
   1655.07158140695761755646797757376229      
   1682.51090369508402791453463219486845      
   1688.28025893716846882240165783627385      
   1668.71478372304169607997180412561185      
   1620.85034757790103561222435298983072      
   1542.64159801095168618263739957888958      
   1433.63717636432184999192925744866104      
   1294.59268652103707074186718811657113      
   1128.15442074307926004999602806189353      
   938.362338605748608059841254378717688      
   730.468940985817972711095906350359489      
   510.584812461022378433971595426132220      
   285.698675789854003290859595148975884      
   62.6907985246442202251651511012491126      
  -151.825781842937384775269288021038464      
  -352.208564995263853201846540045821209      
  -533.447789359992555985853567279387834      
  -691.962638208427380794318341840378793      
  -825.303749382360601828058435590526662      
  -932.342517166570052795640193479772354      
  -1012.58435831547456840505455720074722      
  -1066.85826383091006415099960207675934      
  -1096.43079009193270347783026466444893      
  -1102.94155712760474588761833194672866      
  -1088.23060850394227208732206954972638      
  -1054.62306434351567268805801110045405      
  -1004.36797216312373966059060385249276      
  -939.524796625605716634092299149064624      
  -862.823360663199745215836010148537625      
  -776.607826579769398355419307717277202      
  -683.639872336894569552260240736870805      
  -586.382694992966607842141510376156908      
  -487.687334538793955835418880905618375      
  -390.051302481169008514607141941333774      
  -295.839797797140498675856496225847072      
  -207.162848123734050208338962930083995      
  -125.825417418477667681398403251102940      
  -52.8162699054157254881122818019924732      
   10.9920778351111874055536945905026455      
   65.3961436294820178279476052928385609      
   110.439628842385994712399243922904009      
   146.704853935737496993160258352626232      
   175.067269732244654579112982729281727      
   196.316897698186128763006697411508174      
   211.612437503456901689235705698738515      
   221.984316490277124346655865951425900      
   228.436052795211077415786409774460991      
   231.806608322955723821219497810340405      
   232.936116698725458269835891150477544      
   232.542128541722214885009498018868755      
   230.996708640325636225617474239280554      
   228.710408674462579997990561831439513      
   225.933595467110597632362993987704573      
   222.913620643726063235457366917884173      
   219.743934811596088321588759413616326      
   216.678872398293618659081237051949031      
   213.684166660117622012483856835970800      
   210.841010329002791005995422235199533      
   208.123048464421112799815520237515061      
   205.697029732602397928823911596510123      
   203.314020385355286933243192991725028      
   201.128989984326382473589535092551709      
   199.203834101569899011837141874679938      
   197.354429571724847111225312520585970      
   195.652893276985222810740435868833098      
   194.046696384279957997897079477289003      
   192.681890190696445260568684783342577      
   191.419558010677682112346163342897439      
   190.200665555498428191436734211322066      
   189.224193668136921480918313365621775      
   188.338217767652657005266766736283452      
   187.505971347567229029468201891369316      
   186.831589734387870122071451582242091      
   186.197038899645111151054302002988640      
   185.746625911492482972850556777911210      
   185.272392239077801171474626504005946      
   184.850666933486468111769820621350761      
   184.599691011067552590604561226553172      
   184.299668087058287905509578010516001      
   184.088048926574050265240220093376769      
   183.851082163435871008770447666180471      
   183.698817402982891909345968704045964      
   183.520498978697726720356272351404651      
   183.430177204370572010617207276604487      
   183.315775060121214774439152971053046      
   183.330024958672015096377113355642480      
   183.342197324557223657864823778142099      
   183.442025922841540446501326461801158      
   183.415707537286124201446408844931266      
   183.492317230869613607713777133483030      
   183.547201415873692387604369554095448      
   183.627668350361111146414701980274065      
   183.719209017090563274551865561051143      
   183.825529299946576361316025562356976      
   183.935497284306605158068331630690060      
   184.072060348386144405387296844677037      
   184.208119091615250164494403163242122      
   184.366495823075155180341998977263824      
   184.540024031332777350611497972886598      
   184.703688074724552118507177304999964      
   184.850282529451827128720368398782566      
   185.003859430830027105163071640367901      
   185.173541533001931775791408642208931      
   185.338444428286668776768964196817137      
   185.497784467088987063387923230325792      
   185.641953111686560047287827328782177      
   185.802059701817524019683274630087579      
   185.968899139562754631988533061298797      
   186.145530686559833067252675740714379      
   186.310963122749774376779951484847570      
   186.499719970481935401572788630270396      
   186.690652838902022224427358641519886      
   186.854764842583575330952609728589243      
   187.027462562906179990480498486108636      
   187.194117784105172938048921862775665      
   187.347886369307155217086396126499083      
   187.484902032370267847110248920613486      
   187.634003909896557728779505011050666      
   187.778415941018468336198403377172931      
   187.885498504317607816164619931285208      
   188.024214219927019714246575440924959      
   188.163315616344429621405938742578105      
   188.265778231091722894296672963102308      
   188.380596754363471783979760823381668      
   188.511643698600007427545825392070366      
   188.633587848282163994202777824668243      
   188.751722744790915946115229195095157      
   188.873515978435720144013133546831249      
   188.992465284188092842132419774803933      
   189.091950980128390521302342566431906      
   189.203933998275762823176554019320495      
   189.312060512011544875167340169431617      
   189.394447416026518022137092088039959      
   189.470136060013473624574857846023193      
   189.542363765551103456327550724578940      
   189.606499239721899014627168072836268      
   189.670315131858277860419984409650463      
   189.735264657115946835644601485125144      
   189.806480098202796513211515747785858      
   189.867152814487033208659877501205735      
   189.904468885157343148277808665524582      
   189.940077972959185708721250429218006      
   189.974843079300942593685521584959193      
   190.019248495044094290529066690565698      
   190.057103285986387028352707332118675      
   190.115012154123219080437347531333801      
   190.178791958494119480927868192203909      
   190.213400556861255775799418053685938      
   190.239508833097539386066577423487482      
