   44683923609.9069643748089502845542056      
   44683923604.8819070936685116544183663      
   44683923593.5694629777378305903563961      
   44683923570.6526152614252711922108120      
   44683923528.0962561182940839073297343      
   44683923454.5236750469080707037430446      
   44683923334.7526653620715747951719367      
   44683923149.5127296279861761431901157      
   44683922875.4512891808388490450992146      
   44683922485.4507888940469505657487070      
   44683921949.3903798834419617130218756      
   44683921235.1979587987046749398372404      
   44683920310.2683379601048280564349819      
   44683919142.8806608310667487885063270      
   44683917704.0492085995218663369993561      
   44683915968.4771369750349077265334817      
   44683913915.8728896168854990143897552      
   44683911531.2188618978217422673029462      
   44683908804.6670123989610406763463896      
   44683905730.7162986235737178291200049      
   44683902307.1012413258997587831080844      
   44683898532.7968586215474660686708850      
   44683894405.8469315567463789079730427      
   44683889920.9247837150588219045348959      
   44683885066.9172592061161078834818983      
   44683879824.3700557102144402591832136      
   44683874163.1895448405369339556132770      
   44683868040.5675759758859122238815857      
   44683861399.3127714655954192167386098      
   44683854166.3882763758318167178045136      
   44683846251.8730531252699728290996860      
   44683837548.4123011678652245201826635      
   44683827930.7381891412906962277647828      
   44683817255.6747294291241505536701372      
   44683805362.3610911399859350343816294      
   44683792072.5817567742069202765644708      
   44683777191.3565955515288609166043087      
   44683760507.5431562869848270249235109      
   44683741794.3895103118571446815055126      
   44683720810.3480180585484682828297948      
   44683697299.4951563474608869437924367      
   44683670992.0830157310023487109175791      
   44683641604.8606491550823102150071162      
   44683608841.3012533160298763109322213      
   44683572391.7045549771702506289957500      
   44683531932.9391781655315123983319957      
   44683487128.1294038960345500183698473      
   44683437626.0185392352730349939231423      
   44683383060.3101938667197203529380530      
   44683323048.4375132399158121634872215      
   44683257190.4262490159999781797205456      
   44683185067.3170900935340960738470012      
   44683106239.3765733905024494768061902      
   44683020244.2339122433290310082025367      
   44682926594.0885036019639972655482648      
   44682824773.7370625881587894148616750      
   44682714237.4304918640294776055703107      
   44682594405.7401317027116302727253721      
   44682464662.0931202950796161028508797      
   44682324349.0628322462944855947256671      
   44682172764.0271308195850891117075319      
   44682009154.9586118642513422473518441      
   44681832715.1987526812788082000391907      
   44681642578.2258304243660829947603732      
   44681437811.6392466725695574487015963      
   44681217410.6100185780212365742012003      
   44680980290.6337466153522459271260024      
   44680725279.3383517824701089946275830      
   44680451107.3157561652065038783831050      
   44680156397.4979439036315525554447268      
   44679839652.9187364001044909317262167      
   44679499242.1934645631514352808078247      
   44679133382.2163107140258570470134229      
   44678740117.2929727778876932517829527      
   44678317293.7096411569487859305868558      
   44677862528.7217119132375137677830633      
   44677373173.1971659650474194905734492      
   44676846266.8094464091038443851963976      
   44676278486.6315464741942976525316377      
   44675666089.8450895018680448169971281      
   44675004854.4607039810869848638882224      
   44674290023.4171059912714495343636792      
   44673516260.1851273893992257496090660      
   44672677624.0109359497481705822499649      
   44671767572.4731868900192464278486292      
   44670778995.0917043703928339723037506      
   44669704275.5125677790829280028137197      
   44668535374.9819334328426911718051597      
   44667263925.0690209108012992884188280      
   44665881317.3279786152476911681713013      
   44664378779.9156241441669206656769970      
   44662747435.0633646539511985117412803      
   44660978336.0261840463233669771520569      
   44659062485.2567458192496830546248514      
   44656990833.7424640667486489409760474      
   44654754289.3863654071563423777550487      
   44652343680.0272828065807749777335031      
   44649749750.8643115124816761640558234      
   44646963142.2670629601244099804345807      
   44643974371.6219101167484036486994700      
   44640773816.3191747976925300015442466      
   44637351698.4826289150480100539214908      
   44633698071.5796605982871250754272393      
   44629802808.6931258474783164891836490      
   44625655598.9017340699369060734073628      
   44621245913.5591092721593692049306692      
   44616563038.1629309101902217737955764      
   44611596035.1391549228209014582805793      
   44606333753.9623026116726682139781466      
   44600764820.7182532973628899352629289      
   44594877635.6655308314037288007094859      
   44588660370.0423760245708099145348359      
   44582100963.2656092867207006219560869      
   44575187120.4955027869141643728111733      
   44567906310.4221091815669531737261938      
   44560245763.5296129619611701253319734      
   44552192470.3527221449590734498643084      
   44543733180.0211682299328737103973848      
   44534854399.0321666160229535104153364      
   44525542389.9493072029540448048737316      
   44515783170.4181853684258593521359344      
   44505562512.2927091913530964557993795      
   44494865940.7256047659162541040703513      
   44483678733.3979192485590413053373217      
   44471985919.8947787547316746714752553      
   44459772281.1611039626028925723713884      
   44447022348.9101964919748006603619603      
   44433720405.4270552183292146377813617      
   44419850483.0399898562417141200414123      
   44405396364.2913659295630132182558237      
   44390341581.6424702113853632393583611      
   44374669417.8815453193056644610270062      
   44358362906.2458116366910177480933968      
   44341404831.4413400343686470234402986      
   44323777730.0031956215321405686198411      
   44305463892.0534054338299004385896791      
   44286445362.3896773729925505974319950      
   44266703943.3081626257444174223581973      
   44246221196.5014259819092201637505420      
   44224978446.6934571150978723945269606      
   44202956785.4394797048836224247738276      
   44180137075.8824957257368721783884627      
   44156499958.3649309041305961677557662      
   44132025857.1338457191294312914396768      
   44106694987.5720931257977155136200277      
   44080487364.9096136840875441614556339      
   44053382814.0049790150465234246824748      
   44025360979.3374441416456018887591065      
   43996401337.5219201405429146575682697      
   43966483208.2993271613860047945962924      
   43935585768.2303001959759381705979352      
   43903688063.4446783137365040948308959      
   43870769022.6598441284261046261852493      
   43836807469.8797891572106961627015195      
   43801782136.6312335329655184514231006      
   43765671673.1019514599404461399878315      
   43728454658.3477544361770626432536473      
   43690109608.0932611229958335546278838      
   43650614982.2887403473602729775387789      
   43609949189.3296244752667714574885591      
   43568090590.2378585710149791136131249      
   43525017498.4435050915635869587016418      
   43480708180.4088685899411011254872100      
   43435140851.9850843834196130821303445      
   43388293674.0904714749323322966730766      
   43340144747.1380332360696559710751654      
   43290672102.5100671253007573207522238      
   43239853693.9753650467524534343082971      
   43187667387.2955023233402655961402302      
   43134090952.4390394904777268646576558      
   43079102038.8114435443004844550077087      
   43022678182.8786960772341876872302261      
   42964796783.0060610004823846507901526      
   42905435091.0414886365762752043134116      
   42844570201.0399462480410702858213509      
   42782179038.4812152230347982495675572      
   42718238350.8971490321205046964641274      
   42652724698.6319335541846582755491294      
   42585614447.4277478389474876930484048      
   42516883761.0119657338502817477885296      
   42446508590.9635221294606348158599802      
   42374464692.6232112242765999594920189      
   42300727630.5280778044359964932863478      
   42225272629.4175230350990704419504639      
   42148074822.8776447765754160506214565      
   42069109077.5795937457438295564484497      
   41988350036.3945187805229154966015077      
   41905772118.0071859735098972269416106      
   41821349516.5749096347200279028547012      
   41735056203.1790416618782550905100736      
   41646865924.9153559777153412016463113      
   41556752206.8744206691769354244777909      
   41464688352.3059832135282068811844199      
   41370647444.7745782976744509861907197      
   41274602347.7558385387488461409579562      
   41176525706.0003008885759773134006964      
   41076389948.9852209837822664647844458      
   40974167289.4353653295889699815027088      
   40869829726.6264320656666773758123310      
   40763349045.9710823611260619785770890      
   40654696826.0898932554717134076983836      
   40543844427.0966237567139204301651868      
   40430763005.8501315430129548440645386      
   40315423508.4448491617925462286390569      
   40197796675.7812152987808502956544030      
   40077853044.3025094027285448099823768      
   39955562942.5213707859165157704232550      
   39830896496.9802311100566555446743875      
   39703823626.6110396633246102969989949      
   39574314055.1327185284681254070542321      
   39442337302.7876055732077793369261922      
   39307862688.4798001918025269324314000      
   39170859332.0510703404314471684070867      
   39031296154.9430747669241792916860554      
   38889141880.0084053852421000241983454      
   38744365032.4670572235682589073224675      
   38596933940.9565091567694767264238338      
   38446816737.3049033168560754584733231      
   38293981357.7707918492806971221310031      
   38138395544.5333569788137562120451938      
   37980026841.1764768551103136267587569      
   37818842600.7112840682808375966976229      
   37654809981.5417344374133229153995848      
   37487895948.2919541869166231711469596      
   37318067270.4476619483492973829087991      
   37145290526.1012479758532279611394052      
   36969532100.5981091724990879382333150      
   36790758187.3841530396038636306883676      
   36608934787.7458870106815076778727118      
   36424027711.1627100205973154586424125      
   36236002575.8581187720480655810076071      
   36044824809.2435840865956218408480258      
   35850459646.6988109844064121758221763      
   35652872133.4938687880131132717686335      
   35452027124.3489549643037077590518571      
   35247889283.6669906418973369393667133      
   35040423085.1787315457070822962677819      
   34829592812.9914487758498388875902708      
   34615362560.0671830001696506291925615      
   34397696230.6551437597637589049883727      
   34176557539.2163642731614373431412438      
   33951910010.4932199416095178564209470      
   33723716978.7238954076583846401836143      
   33491941590.4494159088969257755958313      
   33256546802.2480280530113704440085266      
   33017495381.3805148156181958031937041      
   32774749903.8967727602386000138080150      
   32528272758.7002663944661298377034142      
   32278026146.1125989444937335093687879      
   32023972076.3044747131221114370165908      
   31766072370.5720443687336551678983986      
   31504288661.6934178202511512362102206      
   31238582391.7994224208851108312020120      
   30968914815.7285786159180788127493464      
   30695246998.7181220530262682798614064      
   30417539818.2250030333951960269524101      
   30135753961.8412321794357629024948000      
   29849849928.2366904597336019039771893      
   29559788027.3547073604251975474085352      
   29265528379.7536284911234518939108604      
   28967030918.0746212753675808676394606      
   28664255386.4686813893404873152122962      
   28357161339.2722209539655533702978743      
   28045708142.3235687467066479622116179      
   27729854972.5245935724842602638622301      
   27409560817.5666201564037376333680887      
   27084784477.6100290593632104035061271      
   26755484562.6712254848954931495837349      
   26421619494.2629253433515529393698664      
   26083147505.4212491671665895353469054      
   25740026638.9393346845183885932743807      
   25392214750.6603797936966879489198517      
   25039669506.3673080844603551853144411      
   24682348382.6485704380207465102162149      
   24320208668.1292313947541733875439336      
   23953207462.4377711462542507986040433      
   23581301674.0390984167990524010245300      
   23204448025.6501032535396163628877395      
   22822603048.1990652378392861723011202      
   22435723086.8699446312257937172246214      
