   44856513694.8125532425849490790295459      
   44856513694.8082158175360290877362767      
   44856513694.7767144219301001250000154      
   44856513694.6196530862395734978143171      
   44856513694.0285970830502784395953639      
   44856513692.2334739010271357014179512      
   44856513687.6175383711163459579640892      
   44856513677.2123931697586844863838507      
   44856513656.1892909851102459522526803      
   44856513616.9484535063395310779153069      
   44856513549.0243991730125286906653553      
   44856513438.3526193421651700489163420      
   44856513267.1205567077186785055479727      
   44856513013.8416331324523466769832306      
   44856512653.7759285818108176675236842      
   44856512159.5675674129453747627631145      
   44856511502.9711827158551346143698499      
   44856510655.1123071733883788246214148      
   44856509588.9638718567868471787962092      
   44856508279.8680617353786233930393191      
   44856506707.1050179591310487124768179      
   44856504853.9352634764995631199782098      
   44856502708.2683178955631640615319198      
   44856500261.4738664393519985154114001      
   44856497507.7062990651239174690499475      
   44856494441.9373613806695493614050451      
   44856491058.4703388029915997107360236      
   44856487348.1613387043504267747418152      
   44856483296.4723660726430746726167401      
   44856478880.5897532257267048751613984      
   44856474067.4380688486717907710088972      
   44856468811.3251960215523364285328905      
   44856463052.2459889473975583863225191      
   44856456714.0113641462930324135740749      
   44856449703.0498699384130621172223337      
   44856441907.3290749745952947526239955      
   44856433195.5405415343335820651975374      
   44856423416.5701121341228921902073580      
   44856412399.2139142330263162742858639      
   44856399952.0072433786717123054784564      
   44856385863.0959787584388563960003656      
   44856369900.3492301975741158090382007      
   44856351811.3762600704116818764126174      
   44856331323.6642252687481249880001645      
   44856308144.3141349596697121613175696      
   44856281960.2645277725046940936780380      
   44856252437.9832795528947081483295178      
   44856219223.1830432893841380013219054      
   44856181940.3167520903508259837747611      
   44856140192.0748221717010101944003533      
   44856093558.5739476169781748121507396      
   44856041596.2480986336550931944832722      
   44855983836.8512617452577957277980230      
   44855919785.8405488408301095367878390      
   44855848920.8959437409069189327163708      
   44855770690.0496551054116083598750992      
   44855684509.3407265950480857123619209      
   44855589760.7059428748291753362749933      
   44855485789.1625873199567469267386700      
   44855371899.8276679577786659824864774      
   44855247354.7397573282211034891656007      
   44855111369.1761990744462162346562457      
   44854963107.8191691620164781975674805      
   44854801680.3878514454061322477638104      
   44854626137.0846791020923522232784984      
   44854435463.4102406951707048250325687      
   44854228574.7182104542887680629496116      
   44854004310.4282597867672705626589563      
   44853761427.4615127961375188218272118      
   44853498593.4421667942062891244445967      
   44853214379.2618789570552977768450524      
   44852907251.1580226084839020304404683      
   44852575562.4092984141285753912851514      
   44852217543.7434883438112234234548134      
   44851831294.0299017273360609563753984      
   44851414769.6673214694245689889649917      
   44850965776.7097410575208173737145831      
   44850481947.3208368052963208948281948      
   44849960743.8049241708583215186555899      
   44849399434.9106114707495606243165698      
   44848795084.2172561618990375444613870      
   44848144535.2516497455734318903063600      
   44847444395.7019671419364821485043582      
   44846691021.2811906784329008183038735      
   44845880497.8932433772640379563031559      
   44845008623.8002277731253997988422071      
   44844070890.6260528160637659983245954      
   44843062463.7233808442912335875232178      
   44841978161.8020487586206294828857101      
   44840812435.8339625231271665136899168      
   44839559347.6352505381207839960086619      
   44838212547.7681426070013500880555300      
   44836765253.5855251145934910122886403      
   44835210226.3868357222032713902103796      
   44833539749.6557290228395635278420866      
   44831745605.9464923806591406680004115      
   44829819056.4505829264967552360938482      
   44827750819.3518357782721689443538567      
   44825531048.7694029373191486382622191      
   44823149316.4888074400242513929000500      
   44820594592.6458118237960246736497759      
   44817855228.2659748074842109660630760      
   44814918938.1449529330188253786047130      
   44811772783.5016540054496177370008887      
   44808403155.5224770945201311261802434      
   44804795755.1796458891728232853493672      
   44800935567.5603285488699867564344797      
   44796806829.7605461602456643856213912      
   44792392980.0665624730306502039510245      
   44787676572.9736293908431925897448201      
   44782639148.4397965677561780651108978      
   44777261016.0950479463700911853839875      
   44771521028.8752540730909050731154299      
   44765396205.5136312452026881978994927      
   44758861718.3703341397973554393388217      
   44751891227.2230034355147722709062214      
   44744457442.5584247304399653952541064      
   44736532914.3234250909161125832033734      
   44728090723.9420477029521495865327163      
   44719105218.0187781784976951088552079      
   44709552742.7706818372882019605065619      
   44699412164.1020827499434929564625255      
   44688664997.5671377361399307788174432      
   44677295028.2635802154723330190746567      
   44665287917.5886693872434952321626181      
   44652630461.5321724809397258431139968      
   44639310035.7362809717710883568311801      
   44625314128.1135610363611557323563232      
   44610630003.9797604422774356168019187      
   44595244490.4992785270956453706053046      
   44579143854.0864030859646486568220785      
   44562313764.4295581899325827332777727      
   44544739193.6450933638551064770679242      
   44526404570.4684759148807026655162809      
   44507293705.1982987153331850394468956      
   44487389851.1869452997723029901502590      
   44466675741.0645695863831892458099327      
   44445133616.6233897723412708673888995      
   44422745277.9105217389155594114923552      
   44399492087.4599665887133419349011087      
   44375355013.3100024822259598713447680      
   44350314648.1246042363206551465346828      
   44324351229.6864117149818941205762663      
   44297444658.7804620735999982879775970      
   44269574515.3893839575062337280934115      
   44240720071.9357918814848069981956349      
   44210860305.9771757017160052450384760      
   44179973909.6483562989209543794164587      
   44148039299.9537307739851253958130378      
   44115034626.6929076338250767795741253      
   44080937779.4683969734323028008909396      
   44045726394.1525247972270633462519235      
   44009377858.5386612601190865411009119      
   43971869317.3050027161155864080106432      
   43933177676.5811664795349470905936651      
   43893279608.0763831278118987665690944      
   43852151552.5045407827893887641397970      
   43809769723.2393925322202423308935706      
   43766110108.9581395863523353487499859      
   43721148476.7346453551246997721942013      
   43674860374.2748021249293653102711480      
   43627221132.4469173873886449188299624      
   43578205867.1474994033319425532237613      
   43527789481.1025526890442131132097727      
   43475946667.1061736877633642695384904      
   43422651907.4994038890774531749179081      
   43367879477.5540081547148955858434754      
   43311603446.2994615499299301014221839      
   43253797676.6963696203944745068247757      
   43194435828.4787723379763805302661262      
   43133491360.5645332174062439053954113      
   43070937527.9863847604354930834149120      
   43006747419.1057331818924609845728332      
   42940893824.3170897156345298977541556      
   42873349434.6426296592641313776524975      
   42804086710.0276283107726802219010642      
   42733077915.8108985622212551305249253      
   42660295116.7387539459521689923336474      
   42585710187.6531074474844779462672640      
   42509294802.4999910098351222770065855      
   42431020447.6959960225689694507541105      
   42350858411.7928370213829979800616907      
   42268779789.6334410640545438569438525      
   42184755487.8316985554442542817336150      
   42098756218.4067917520476816682783793      
   42010752500.3019224210331220795945972      
   41920714665.4533535790006859534436308      
   41828612851.7787039233417501176979717      
   41734417007.3104496914421137550267331      
   41638096891.8859749024136345653827176      
   41539622074.6844155338333565109450055      
   41438961933.6186676734528850649866510      
   41336085659.6129743035865401732118816      
   41230962254.2234281036849210803888994      
   41123560530.2828774626491145823460038      
   41013849112.6849418676750721374020746      
   40901796439.6628548554799371826658759      
   40787370756.4684302171224638580557549      
   40670540123.7234198674950553245076214      
   40551272413.8758843661773206344651453      
   40429535310.9139652198275480700328110      
   40305296313.1557847774180836858932350      
   40178522730.7868028169096585184672560      
   40049181686.1102843304155293693365912      
   39917240115.3713523281167483081663606      
   39782664765.4816484331159863536431250      
   39645422200.0104629937990179184370433      
   39505478792.0634619963509920188080154      
   39362800730.9960087662411421945421138      
   39217354014.7515370552131575726179070      
   39069104456.4487539706106567681884843      
   38918017685.5632582747347856768988984      
   38764059140.7936794828631179621957807      
   38607194074.7725036283764958894129168      
   38447387552.4213446169188848814104184      
   38284604457.1662862147468446808696547      
   38118809482.0154634392478420093925745      
   37949967130.1038550557378716899035606      
   37778041720.2259286135927610148047659      
   37602997388.9769524752817401120206436      
   37424798080.5645316782605541007185646      
   37243407551.5684545131994397627206697      
   37058789371.6375355250505607794787492      
   36870906931.0109877364127710198786924      
   36679723427.3335246140642765903654026      
   36485201872.3096601076685968777034720      
   36287305087.0694741513035838751888434      
   36085995710.2685208536095362035062739      
   35881236186.0721768127213634777614309      
   35672988787.5578213414109242863498207      
   35461215586.7707371497935337600037492      
   35245878472.2777637239156680297904291      
   35026939144.6129376926914620648514571      
   34804359119.6383969290636512984666322      
   34578099729.8563726185798950066389080      
   34348122100.6609915117471564620285817      
   34114387192.5198681470043442596999270      
   33876855770.3444460991731296099100665      
   33635488416.3049172952334715649149387      
   33390245507.9790382017485013558743359      
   33141087257.8911361012233369349083818      
   32887973678.5960241470990481107256521      
   32630864593.6579097718099104148001840      
   32369719656.6809196744523617551379196      
   32104498301.8176255139565453490363808      
   31835159801.2576509108280291405805453      
   31561663229.2125976455581662751580427      
   31283967478.5452334298905798062096077      
   31002031251.5588457855864094304146652      
   30715813054.7230552309101051995962595      
   30425271205.8809751896411689271496909      
   30130363860.9717851976144574154344071      
   29831048966.1018036662246615381159307      
   29527284272.8323234404746204074083548      
   29219027359.0446708427108801668566418      
   28906235610.7468050998647386152080952      
   28588866225.3233591651658613911684986      
   28266876212.0910438149409477551243427      
   27940222392.2783069739525712056735335      
   27608861398.6633445840996453089793291      
   27272749675.8190272265725355037374500      
   26931843481.1890142743087969679203794      
   26586098883.1023948688663744110450545      
   26235471761.8844821912242976527357828      
   25879917808.8684140774221547769138114      
   25519392528.2656401304257872542889858      
   25153851235.0216305100616847936480088      
   24783249050.9905082588594476793058502      
   24407540921.5395225227949514525071525      
   24026681599.1437426635818252922547427      
   23640625646.9504198656057546850400457      
   23249327436.7814000559222576897821611      
   22852741155.7671879037721352358789347      
   22450820800.5296328691228640396114478      
   22043520179.5116560518058237579325635      
   21630792912.4870151955468699195914521      
   21212592436.3003518591846917381885342      
   20788871992.9516068912754079088241810      
   20359584637.9571040693686618972793836      
   19924683241.8177002313287270969921102      
