   8088153109149712.44240647137274855070      
   8088153109149712.97647704051879363751      
   8088153109149713.84732647017652126548      
   8088153109149708.18511496522638425967      
   8088153109149662.25719563151115816101      
   8088153109149473.78034754555398161847      
   8088153109148908.68065710123284732871      
   8088153109147496.42482444358975852191      
   8088153109144218.42375702066492601430      
   8088153109136627.85465431942490124526      
   8088153109119196.73192698893200082346      
   8088153109081277.52445094561859214449      
   8088153109005509.85676392815825527273      
   8088153108867390.77297471306853254066      
   8088153108636112.21218329035529252900      
   8088153108276300.29243237002535302227      
   8088153107750174.00468816962399798420      
   8088153107019189.35021225093113146631      
   8088153106045661.16443075236544537482      
   8088153104793196.85725983162006805412      
   8088153103227062.58437260158055360452      
   8088153101314117.42171309135674319921      
   8088153099022956.80558627298408769842      
   8088153096322070.00667174135280389994      
   8088153093181133.56200021949514835252      
   8088153089570470.88732403512714941307      
   8088153085460104.87153428364657626118      
   8088153080819148.74395573083378688413      
   8088153075616834.00508021994036401622      
   8088153069822029.97254078337588405548      
   8088153063402262.82966171312648444823      
   8088153056323505.74418295729390308325      
   8088153048549175.39067350557796916895      
   8088153040042627.02705586161764790727      
   8088153030761665.86611580494187956521      
   8088153020659928.42060307129778648147      
   8088153009684386.02327637436154413302      
   8088152997770126.20131253903874345764      
   8088152984838660.17483198379663707645      
   8088152970781486.65106324438702009062      
   8088152955441432.81961749745224107399      
   8088152938583877.87209887456229049849      
   8088152919889916.62982225945029272299      
   8088152899047538.12421907871222167673      
   8088152876285350.14377039258393727213      
   8088152852879974.77390554758009130146      
   8088152829996364.04369947841654800522      
   8088152807780361.33622113869909668604      
   8088152785844460.91637552422010676214      
   8088152763734920.94853372193935203780      
   8088152741069550.31605296986341465011      
   8088152717550811.53585966447714758476      
   8088152692948387.96712203898095981582      
   8088152667079437.11729713552026134471      
   8088152639792994.41718653649894219503      
   8088152610959153.31850706865950772356      
   8088152580461811.77318168821525022193      
   8088152548193810.14683678954460072617      
   8088152514053734.10615260200579438362      
   8088152477943612.23998397833717301578      
   8088152439767505.11417798038136596842      
   8088152399430271.45647504092337512927      
   8088152356836954.20324279865443279931      
   8088152311892145.96292982150149887110      
   8088152264499598.57796444991457191723      
   8088152214562038.66049137011729595111      
   8088152161980975.11703997985806516291      
   8088152106656288.79741643231983426639      
   8088152048486446.87116230842387957882      
   8088151987368232.75887532276184519256      
   8088151923196844.61853118958733493103      
   8088151855865767.33511469139616128273      
   8088151785266624.28245801075503932168      
   8088151711289455.00712304715932314883      
   8088151633822392.96670632868738257809      
   8088151552751862.31974460248649092496      
   8088151467962617.12001831170863725296      
   8088151379337456.39408716787381746841      
   8088151286757665.16240157339435924971      
   8088151190102477.89861557495734594673      
   8088151089249506.39145866922153995954      
   8088150984074702.16287012276863034165      
   8088150874451988.22965991530669424125      
   8088150760253943.20157068159640936789      
   8088150641351003.38410631583247903734      
   8088150517612185.20022106962630494432      
   8088150388904420.76072526414452468560      
   8088150255093381.39014953670000060339      
   8088150116042541.62611194523193357958      
   8088149971613887.29551248676398322087      
   8088149821667729.04740759657511660514      
   8088149666062382.73371375533115463716      
   8088149504654781.39014957176832529544      
   8088149337300034.83376956786990495413      
   8088149163851214.46492077458630636563      
   8088148984160213.01025660303497962032      
   8088148798076757.23190543867052171474      
   8088148605448846.16290200549354198235      
   8088148406123320.63805795623204765964      
   8088148199944716.52134808480455751504      
   8088147986755728.64887960877285263527      
   8088147766398027.56652760519122133485      
   8088147538711005.30131483839129628247      
   8088147303532304.67362263429517096457      
   8088147060698271.93475271875148813975      
   8088146810042973.47455561878859718519      
   8088146551398957.76847527020059821275      
   8088146284597473.45698080585554414455      
   8088146009467120.05936342490942638980      
   8088145725835467.51237027290762755891      
   8088145433527469.42754147980437012377      
   8088145132368939.87907508701235376365      
   8088144822179862.45893171712234998028      
   8088144502780745.83706604917368212116      
   8088144173991957.35011520633987094821      
   8088143835628506.99671946689607569380      
   8088143487505927.37856505344717087877      
   8088143129436785.33075041998234046541      
   8088142761234020.13138808909701958378      
   8088142382706736.37596470215188530946      
   8088141993663446.61731630637978320963      
   8088141593908317.85733850263733632231      
   8088141183247630.37864504488468948232      
   8088140761483284.42775879746650341106      
   8088140328416185.79471946502205859011      
