   8088153109149691.65426787869700613921      
   8088153109149584.80618424090977881466      
   8088153109149222.89632918881827020399      
   8088153109148259.47113556612315010338      
   8088153109146098.35037795875669080960      
   8088153109141850.60280752776580700820      
   8088153109134343.07697044258699375051      
   8088153109122181.25984709214294696242      
   8088153109103848.72295974588716601945      
   8088153109077815.01753932014570962206      
   8088153109042625.91843603728014343041      
   8088153108996959.52040822338900024659      
   8088153108939643.10356557872495691063      
   8088153108869634.49988642732548221187      
   8088153108785976.65755763927599689741      
   8088153108687735.37776939691838835704      
   8088153108573929.20669060115737106567      
   8088153108443457.36760781350843237721      
   8088153108295030.96647052847242905047      
   8088153108127107.99818519991078454023      
   8088153107937831.02077057254975809685      
   8088153107724968.14322615572712143594      
   8088153107485853.11328689145599272429      
   8088153107217323.18635568059769760593      
   8088153106915651.97352715230127703436      
   8088153106576472.38932725169719151204      
   8088153106194692.40021172738318563835      
   8088153105764399.01614346735830759008      
   8088153105278747.83254344385947725085      
   8088153104729830.59053301585449761556      
   8088153104108548.76528364288892345140      
   8088153103404446.13643204241709834014      
   8088153102605532.00122927401927938433      
   8088153101698108.20022396030027378531      
   8088153100666526.37570083398945768559      
   8088153099492986.03295687705959607968      
   8088153098157296.90817061522217871084      
   8088153096636573.97206783706836644935      
   8088153094904987.28411916201160452612      
   8088153092933501.78655776910081258522      
   8088153090689445.19555148270915089382      
   8088153088136344.31393227808235201533      
   8088153085233343.75627101055801351955      
   8088153081935073.30798326737034506604      
   8088153078191174.40191693323935189387      
   8088153073945987.58172364665501377808      
   8088153069138002.74238724380908895518      
   8088153063699685.36627604236363549371      
   8088153057557095.20116493516291576813      
   8088153050629274.99341174854494408621      
   8088153042828286.34731224588144410815      
   8088153034058526.44120970680659927794      
   8088153024216725.85706107430265860217      
   8088153013191499.53094042963369925039      
   8088153000863326.84280090040363941223      
   8088152987104338.20647453050671070365      
   8088152971778690.93904371585373502991      
   8088152954742991.95415289250518618269      
   8088152935847661.16884178676358931308      
   8088152914939291.03157280521470253246      
   8088152891864910.25012024998284067973      
   8088152866478823.61936402110498135938      
   8088152838650690.75789833718519066929      
   8088152808273796.87646116240322212692      
   8088152775267480.65269714300333162189      
   8088152739568093.02193746969135366726      
   8088152701109158.75492213985985239313      
   8088152659801477.43089404198179727910      
   8088152615526254.61607922703037726591      
   8088152568142824.87105204997051221237      
   8088152517502273.86130221327961805581      
   8088152463459010.31407062755324865067      
   8088152405875482.95765752809600169105      
   8088152344622526.98925634397193927365      
   8088152279577532.21019629274251634687      
   8088152210621891.34809594125423677386      
   8088152137638688.49711637750050577736      
   8088152060511652.72314215008323158313      
   8088151979123342.58193030040576887007      
   8088151893354985.25491427352336472507      
   8088151803085626.51405550059117375086      
   8088151708192728.86847236226205179292      
   8088151608550559.47234918145061943057      
   8088151504031765.70255213067204770345      
   8088151394506264.47986366072423872198      
   8088151279842402.93633953786926612996      
   8088151159905719.51550799856008425615      
   8088151034559486.22683376344389691651      
   8088150903665031.41892970398339872840      
   8088150767081962.05010744569025171388      
   8088150624667444.24368664449286475595      
   8088150476276733.92359937100401354095      
   8088150321763273.54505210421297759990      
   8088150160978429.68682437844889118479      
   8088149993771805.78419153482058901079      
   8088149819991071.56192692756370693583      
   8088149639481955.29988743845099888677      
   8088149452088371.27671517213591215103      
   8088149257652502.10838345872846653645      
   8088149056014626.18952434052596827101      
   8088148847013301.29343746604954846265      
   8088148630485123.65623060778108182646      
   8088148406265011.04881335076535331038      
   8088148174185974.42453095366950994831      
   8088147934079378.31454672590743110866      
   8088147685774650.55496187268334162736      
   8088147429099568.04490387628578817753      
   8088147163879938.46209768941025975916      
   8088146889939988.49665568797506874990      
   8088146607101950.73172532740811137113      
   8088146315186496.22928581593369680349      
   8088146014012231.87483397588519677419      
   8088145703396257.50781468151358203061      
   8088145383153619.64691281318992706686      
   8088145053097776.69975072264865994381      
   8088144713040211.35604813239754039798      
   8088144362790772.46320007454403121575      
   8088144002157332.55146306621218881775      
   8088143630946142.78334304052357452575      
   8088143248961468.81423056078598269290      
   8088142856005930.37038090805326180817      
   8088142451880186.37959283216907683742      
   8088142036383236.18802762313328668427      
   8088141609312095.89815063676712781401      
   8088141170462158.07680476873439112239      
