   8088153109149712.35695361952991589566      
   8088153109149712.42403703193845546354      
   8088153109149712.89510607203861799770      
   8088153109149713.82999179490637065969      
   8088153109149709.54643549625399036752      
   8088153109149670.17271134695755571958      
   8088153109149501.64240199378742093329      
   8088153109148982.31911368232454166531      
   8088153109147686.74164298390402274685      
   8088153109144920.10900933163416719196      
   8088153109139691.36485153381624971930      
   8088153109130741.35150929248971763200      
   8088153109116621.12465353112200880641      
   8088153109095797.63427868948646229375      
   8088153109066758.06725242569249652302      
   8088153109028089.58135849543882838018      
   8088153108978521.86930649342875891943      
   8088153108916931.01049339370645764515      
   8088153108842310.45390743127948725462      
   8088153108753718.65576640078628174735      
   8088153108650213.26259194764831329458      
   8088153108530779.45495550619804587481      
   8088153108394259.29616526428110097856      
   8088153108239283.33571966445780299700      
   8088153108064207.54277895350415101411      
   8088153107867051.71154175407714092497      
   8088153107645440.61340557528239494835      
   8088153107396543.66326300587435228252      
   8088153107117011.20926554992016502960      
   8088153106802904.74279413756825032628      
   8088153106449616.40964140373498684339      
   8088153106051782.41803555515480747204      
   8088153105603180.60545994633695944965      
   8088153105096615.09426227577545838888      
   8088153104523779.95986136131918746786      
   8088153103875129.22938792948988438996      
   8088153103139695.37091606791228992710      
   8088153102304917.47375119270934207445      
   8088153101356457.70735267547763829108      
   8088153100277935.24295074880116879559      
   8088153099050769.01870195624385281603      
   8088153097653857.00257740547738773400      
   8088153096063333.19511282586652502202      
   8088153094252290.70989344145892730852      
   8088153092190472.87393922199889915396      
   8088153089843937.46780478536533206309      
   8088153087174743.80240106370903842639      
   8088153084140507.81305732017363506990      
   8088153080694163.96167543923971912038      
   8088153076783576.68846383081513896213      
   8088153072351140.82381796875099104049      
   8088153067333243.99585233333672381478      
   8088153061660234.05566217960081002239      
   8088153055255729.31049785184945100786      
   8088153048036428.11089678952841329658      
   8088153039911813.50622372255123990192      
   8088153030783589.36857803415387906543      
   8088153020545781.19718500367402554737      
   8088153009084144.60295575394356105449      
   8088152996276326.44896454900264297621      
   8088152981991600.26090036421111987685      
   8088152966091491.82669992167064589115      
   8088152948430205.49068294630702713986      
   8088152928856543.03088665780204977000      
   8088152907216615.01871930577401078287      
   8088152883359149.37027877840195467379      
   8088152857142683.51096620621833812280      
   8088152828444305.61931969996242937967      
   8088152797166539.27196846994570489982      
   8088152763236299.32568089692464697021      
   8088152726591457.38258808832911388609      
   8088152687159479.64181324219138563818      
   8088152644840967.26497712209110516838      
   8088152599508086.12785113607142691450      
   8088152551015720.29483395878559100645      
   8088152499215206.22568783786386897947      
   8088152443963401.68483859412972115498      
   8088152385125835.73575511374516201074      
   8088152322575872.24035335955429354502      
   8088152256192492.14152344647973451406      
   8088152185857960.77135580648116322186      
   8088152111455691.07505648401053431184      
   8088152032869196.15061820594126316443      
   8088151949980497.81273491337937027804      
   8088151862670309.70538174164987017985      
   8088151770816839.79325624172818391677      
   8088151674296770.61306435611307117176      
   8088151572983644.73445117939832291892      
   8088151466749183.63115963996133165638      
   8088151355462734.71064966061689414326      
   8088151238991829.88912596407831509093      
   8088151117200892.86732562233543486138      
   8088150989952658.08985914121927605306      
   8088150857108167.01821820195887522646      
   8088150718525753.49587136434094548909      
   8088150574062215.41884036943534124191      
   8088150423571894.25237120597104484299      
   8088150266907803.43706428239860346113      
   8088150103920486.79096592611251761388      
   8088149934458992.28716842946414893305      
   8088149758370229.56554143555741931935      
   8088149575499339.36114626778521237774      
   8088149385689697.85013729679662730209      
   8088149188782737.24488259800563921299      
   8088148984618186.92433582057134737811      
   8088148773033899.78106669556483609984      
   8088148553865925.07214261720995030890      
   8088148326948476.61013320982914203035      
   8088148092114039.89453403421304772056      
   8088147849193294.45683829131137862044      
   8088147598015092.53123145381092408846      
   8088147338406507.33327761323589980610      
   8088147070192850.22303081216528110407      
   8088146793197635.74567089877499475106      
   8088146507242537.36063555834716511193      
   8088146212147537.21506796705275503436      
   8088145907730709.24211404062585831221      
   8088145593808451.73592668062591758832      
   8088145270195256.33331300781192193649      
   8088144936703917.03024623154487056723      
   8088144593145306.52209490850675985274      
   8088144239328645.45926007089116770848      
   8088143875061218.48099501387441319193      
   8088143500148597.95694269159035076633      
   8088143114394464.36071605624732435823      
