   8088153109149691.65436329282261325533      
   8088153109149584.81370879703262763948      
   8088153109149223.04172103150501977383      
   8088153109148259.93415588191762768261      
   8088153109146088.00121765269337250747      
   8088153109141718.93263432121714964860      
   8088153109133533.87073776111913537157      
   8088153109118805.11553555372398421463      
   8088153109093010.88205023417931619455      
   8088153109049116.41954947567672649066      
   8088153108977044.56160318241607840896      
   8088153108863468.05887879415517346948      
   8088153108691955.79710944364428131664      
   8088153108443360.84734191527707585292      
   8088153108096295.89889738283237442980      
   8088153107627703.74187665916070748891      
   8088153107013203.05209668433326004790      
   8088153106227503.78648502141282543038      
   8088153105244626.21204988457684326511      
   8088153104038082.24740539525114987624      
   8088153102580782.85555227785065478697      
   8088153100845176.70895335068073344221      
   8088153098803537.90071419092770270854      
   8088153096427244.78466698331171184574      
   8088153093687437.57130026006845629431      
   8088153090554640.46319030125530345852      
   8088153086998743.71368149599336929301      
   8088153082989047.88139563599238757163      
   8088153078493933.80838042543406579514      
   8088153073480727.72808328577991705301      
   8088153067916316.26604340596267649858      
   8088153061765063.03587140089834957128      
   8088153054991279.25911817095854252149      
   8088153047556144.29331504005183613084      
   8088153039419749.48408198894751311523      
   8088153030537920.00818667939193277235      
   8088153020864182.94389112505431839711      
   8088153010347637.85174874776880081084      
   8088152998930723.88990075097860441272      
   8088152986549477.55734779800357171775      
   8088152973129911.13271461939666473733      
   8088152958585944.86990694155730762839      
   8088152942815582.11904409258800413996      
   8088152925700491.06300122786679002770      
   8088152907114440.16648945077725724618      
   8088152886956412.65533913934923901552      
   8088152865229058.74956030475442567921      
   8088152842134633.98798755231978430472      
   8088152818055654.98778068343216621997      
   8088152793337775.63588313130770300272      
   8088152768083395.99515880068731327884      
   8088152742152906.36178499192306940151      
   8088152715287337.11569835152257334967      
   8088152687211579.01181581950755534755      
   8088152657680582.26805210743607143283      
   8088152626488323.78634772129519770693      
   8088152593462288.18039864367808549489      
   8088152558454816.05362711902273127867      
   8088152521335406.24910032334245510444      
   8088152481985030.71700055446888915755      
   8088152440291851.10913744813940179021      
   8088152396148555.24006148482056720479      
   8088152349450275.58527637035005457972      
   8088152300093213.74133558706993119870      
   8088152247973846.63183757570696895758      
   8088152192988262.78073610426786130799      
   8088152135031691.56127815354967645553      
   8088152073998193.07378708210562189614      
   8088152009780489.59457860324644477758      
   8088151942269725.51272674935947736875      
   8088151871355603.96014269384575988767      
   8088151796925896.02778173638536852834      
   8088151718866854.45122683508566085748      
   8088151637062799.42966905834976515648      
   8088151551396387.29769861956234309076      
   8088151461748464.46703102384313686327      
   8088151367998173.87004513501341288959      
   8088151270022708.87026036282871023324      
   8088151167697483.49477220936201414883      
   8088151060896354.96470306224416253488      
   8088150949490999.87842097038212719768      
   8088150833351822.22420676724273897948      
   8088150712346906.10851631537980143891      
   8088150586342883.22089232142496641968      
   8088150455204859.39013422176280594493      
   8088150318795615.14722305384390302254      
   8088150176976620.30875887480404500679      
   8088150029607544.30855339781673462533      
   8088149876545968.63370610614494055600      
   8088149717648372.85177380025684976822      
   8088149552768862.20225527725078922860      
   8088149381759962.98656841631235085884      
   8088149204473122.90567913361043703678      
   8088149020756902.27334292498558179167      
   8088148830458992.15168159857151755979      
   8088148633425381.77595235815914491689      
   8088148429499530.06946365562253179263      
   8088148218523729.36615362242918292595      
   8088148000339259.46257706328026458337      
   8088147774783929.71501912435735038871      
   8088147541694667.99430641402442957073      
   8088147300908343.05048935148714621401      
   8088147052256939.79542303871255227304      
   8088146795572614.78031038050777530406      
   8088146530685154.98316020012604098555      
   8088146257424371.27325934292166189059      
   8088145975615152.49429753566323787490      
   8088145685082318.18133535006683509580      
   8088145385649899.13305644120569621019      
   8088145077138958.40496545723378224186      
   8088144759369232.83283369153271363285      
   8088144432157015.03933171636125609716      
   8088144095319798.65478872559182091460      
   8088143748671373.90406727384835739066      
   8088143392024068.96204363300816480437      
   8088143025188624.39123691627110660906      
   8088142647973854.40140414391391217568      
   8088142260186987.62887520940716992984      
   8088141861633290.82157340570127343135      
   8088141452116085.04675247427524823612      
   8088141031437352.28703759031019361082      
   8088140599396896.53087070948603252204      
   8088140155792910.20845685367189213492      
   8088139700421558.80522060823040225719      
   8088139233077718.55570666790326805722      
