   8088153109149712.44240647137274854983      
   8088153109149712.97647704051291287896      
   8088153109149713.84732637447374587174      
   8088153109149708.18489641204543133535      
   8088153109149662.23256281538700297479      
   8088153109149473.12506971373324309027      
   8088153109148903.84899413536833139883      
   8088153109147504.67010337483974327915      
   8088153109144520.82237589161925970984      
   8088153109138730.46751695476502884256      
   8088153109128102.38697562519775776258      
   8088153109109214.31031911840996843910      
   8088153109076525.36815497642978101817      
   8088153109021714.87239773878746239288      
   8088153108933286.82980114084831368103      
   8088153108796517.66602241745000472124      
   8088153108593730.47061473513048505870      
   8088153108304732.05398849426991683079      
   8088153107907337.80825607855331693327      
   8088153107377866.55591070150796395577      
   8088153106691496.35306906150715606629      
   8088153105822647.69646464696320880237      
   8088153104745051.61293151114838395101      
   8088153103431986.68134970329329287535      
   8088153101856177.25022917598101731065      
   8088153099989876.81230900549415080685      
   8088153097805182.11645335667142771036      
   8088153095273135.79019141307883320607      
   8088153092364859.00874250699692187116      
   8088153089050391.70419452442695511414      
   8088153085299488.16234840594327373201      
   8088153081081121.14775409588702904419      
   8088153076362892.40368444743879904925      
   8088153071112428.31636480348606857080      
   8088153065295128.31643183966184939421      
   8088153058875736.60548922249707334831      
   8088153051816927.10768367576568334699      
   8088153044079643.98498596456173549783      
   8088153035622351.21003111153884305041      
   8088153026399471.13202706393545832197      
   8088153016362847.62137159174628581008      
   8088153005459289.06364276684982147700      
   8088152993628166.28550787596393179327      
   8088152980801669.40982768365181668820      
   8088152966900934.06552256021702931171      
   8088152951833121.26545717718438292809      
   8088152935488950.96146263750836366297      
   8088152917744638.59269794369340197786      
   8088152898478327.75121758927769838321      
   8088152877622361.56783715536229869073      
   8088152855257481.06953207988385310886      
   8088152831680328.65945955708061290788      
   8088152807290535.81362695146436293196      
   8088152782341506.29786593051407666503      
   8088152756818167.24500854995942566040      
   8088152730512452.21862575217997315489      
   8088152703149195.52816574729802497155      
   8088152674463598.36188917937086276331      
   8088152644227835.86788304912017658500      
   8088152612251605.96936760514070655255      
   8088152578374352.25538472749715322978      
   8088152542456713.87223774672079023261      
   8088152504373868.00387607943392758759      
   8088152464010355.17771576463339090919      
   8088152421256577.24681355013177371654      
   8088152376006550.93791129934157580275      
   8088152328155936.90054124794169918087      
   8088152277601252.78697015021718493780      
   8088152224238762.92445776982683618237      
   8088152167964292.37355713709381382307      
   8088152108672577.70139298122634968075      
   8088152046257068.80655188360820019144      
   8088151980609861.67111322359846955349      
   8088151911621458.50947892754823895494      
   8088151839180781.57958184209508811172      
   8088151763174865.45958676992414088797      
   8088151683489132.99455437456258993702      
   8088151600007189.06893562003206200536      
   8088151512610851.99656497049504187170      
   8088151421180343.99918636489573097164      
   8088151325593840.39447326444060548060      
   8088151225727760.93962657059896133056      
   8088151121456970.40892363250710542320      
   8088151012654159.53359052509376004615      
   8088150899190577.98436717885160746749      
   8088150780935612.04821599363359390083      
   8088150657756682.67138733959931413877      
   8088150529519706.54264036197781287223      
   8088150396088874.68428545256073188430      
   8088150257326257.70238371004170536277      
   8088150113092754.97948398412118940423      
   8088149963246860.04157160295957339474      
   8088149807645769.22094881020515910828      
   8088149646145075.07902224955193180335      
   8088149478597974.57252135856540982677      
   8088149304856583.99829852147778398806      
   8088149124771162.65699247520307703981      
   8088148938189757.76053051774453214826      
   8088148744959463.12155283543457002463      
   8088148544925093.62316554272009164629      
   8088148337929477.63726399282414163041      
   8088148123814747.65982912817229326732      
   8088147902420381.10350842943231666846      
   8088147673584044.71755265652731602035      
   8088147437142010.18939871881991206075      
   8088147192930176.58356693455780001001      
   8088146940779592.73068026022393890110      
   8088146680521512.60091883735420529265      
   8088146411986768.44092290678211990777      
   8088146135001310.90051424576462347962      
   8088145849391400.46026583632083296286      
   8088145554980475.16248045862275373695      
   8088145251592181.70886778604826262973      
   8088144939046126.17442325992912994896      
   8088144617161250.98395759955021829934      
   8088144285754600.09807129832866814164      
   8088143944641142.65730587332546537398      
   8088143593634559.78046729243279455712      
   8088143232546333.94395758827354245973      
   8088142861186455.15279080317980382308      
   8088142479362898.78689332244964246398      
   8088142086882215.75315710919996826760      
   8088141683548725.50241783032464913152      
   8088141269165176.59425485124293772610      
   8088140843532644.85039401258283398889      
