   8094440309113174.17235649058334276146      
   8094440309107672.22588717026736229547      
   8094440309097933.34466887405549285345      
   8094440309082256.56571198180337460559      
   8094440309058877.34607994383069058415      
   8094440309026109.96862800671177830790      
   8094440308982457.86956650268305777079      
   8094440308926679.61597546750434679138      
   8094440308857811.43035796190414884674      
   8094440308775154.65069023285946045281      
   8094440308678238.57588856891206172909      
   8094440308566768.02000164153251876836      
   8094440308440562.44679716070702790720      
   8094440308299490.63221271718577647276      
   8094440308143403.48486260352428190660      
   8094440307972065.36651810432196791668      
   8094440307785084.19675632957807422194      
   8094440307581839.60756738690484097219      
   8094440307361408.45882110841693850463      
   8094440307122487.17535522300134802169      
   8094440306863308.79011628522700470822      
   8094440306581554.90857013143375143973      
   8094440306274260.07581209204815752244      
   8094440305937708.19408677364044272119      
   8094440305567319.35067211145284078819      
   8094440305157522.70804454049353565421      
   8094440304701631.26606685329676151627      
   8094440304191691.56857248609296677337      
   8094440303618318.93805295555823202738      
   8094440302970528.02583010335491930931      
   8094440302235556.29048635376349226343      
   8094440301398631.20528939845534622220      
   8094440300442795.84714138478270008519      
   8094440299348656.81772225020983229250      
   8094440298094140.73166463605568828315      
   8094440296654259.02380424980584598064      
   8094440295000812.86873948388261794645      
   8094440293102150.38279005288949652982      
   8094440290922875.46636362645537887423      
   8094440288423573.40305957683540340284      
   8094440285560544.10195082527968510073      
   8094440282285559.52358590012131082676      
   8094440278545616.24902752669436295074      
   8094440274282726.44703249002904514586      
   8094440269433838.99734162057739404305      
   8094440263930594.39709872975014373457      
   8094440257699448.20413626860925843630      
   8094440250661615.25814842581370996480      
   8094440242732979.03163918800238950477      
   8094440233824205.70613192709460063240      
   8094440223840504.76641172899914330324      
   8094440212681539.97653535233379239969      
   8094440200240509.02795313724695723621      
   8094440186403278.34178178747846995819      
   8094440171046660.49449379854893914243      
   8094440154035912.25417360093899833869      
   8094440135221474.52529096184953773686      
   8094440114434885.17983744519310404433      
   8094440091484978.89723704314963462127      
   8094440066156872.47558462983273133966      
   8094440038217828.66034583235592125318      
   8094440007433385.60630946007217112036      
   8094439973591874.68195213616561666924      
   8094439936526105.34537752596641323188      
   8094439896120454.79527020190375081587      
   8094439852301092.42546427188305075643      
   8094439805017148.86423210910925716936      
   8094439754223616.12850449180686131841      
   8094439699870553.45762400930120972729      
   8094439641898165.40451094504236460771      
   8094439580235872.12412756126420228329      
   8094439514802678.97388951567358988254      
   8094439445509081.86981984714319498728      
   8094439372257048.30947840438386806528      
   8094439294943513.61847867982170539203      
   8094439213458698.65461652609704788688      
   8094439127688739.00148377016902159677      
   8094439037515931.45069181470543059117      
   8094438942819183.64091128631666708509      
   8094438843472703.58343877111506001112      
   8094438739348905.65565189665085637973      
   8094438630317604.07905002613165623172      
   8094438516246002.39302268204406787516      
   8094438396998846.91320308312840213494      
   8094438272438665.59995752156334144784      
   8094438142425847.55774488103092585266      
   8094438006818702.07913515683350181261      
   8094437865473552.33690569837328730902      
   8094437718244753.17117760315776551355      
   8094437564984667.08250883562429639235      
   8094437405543797.18848408434879149274      
   8094437239770780.15520756121655038089      
   8094437067512423.98102806379874609496      
   8094436888613708.78455482045148742902      
   8094436702917792.59413690812061901048      
   8094436510266081.78564924949091683153      
   8094436310498120.65657823060026944406      
   8094436103451664.54841234108057627852      
   8094435888962686.73463557298207638607      
   8094435666865456.48230934213498535042      
   8094435436992397.03625596979011640273      
   8094435199174194.40449477407690300878      
   8094434953239751.90475926761292049631      
   8094434699016239.12612995369111081653      
   8094434436329011.31430335102565709181      
   8094434165001664.17238941612491815673      
   8094433884856026.36923555175041122747      
   8094433595712153.77812236838636109331      
   8094433297388340.43493722103905359862      
   8094432989701097.86254739748362909465      
   8094432672465167.87897271198821729562      
   8094432345493514.79454637251100333414      
   8094432008597320.76518407191435072918      
   8094431661586001.89771995320253468800      
   8094431304267182.80650091480722629900      
   8094430936446687.05719956840989586649      
   8094430557928570.69157704533085321598      
   8094430168515089.27010304032957927270      
   8094429768006722.03204111768373735063      
   8094429356202141.21994598822419679594      
   8094428932898229.02227487942854707026      
   8094428497890083.45472397879845771751      
   8094428050970983.77947391723417424215      
   8094427591932424.12767000241650944790      
   8094427120564093.05997202097125870456      
