   44683910613.4853331430079862018215751      
   44683907770.7695318861768145843082747      
   44683904582.4279767627170896304042939      
   44683901047.4541090945568439053560078      
   44683897165.1562916114926662441268650      
   44683892932.6931196895925026257490818      
   44683888342.3658671514331336280468815      
   44683883378.7460723775019713890040103      
   44683878015.8826801017811276647415321      
   44683872214.4826770499455005874340626      
   44683865919.4436753576266593930707297      
   44683859057.5875498367921899613936758      
   44683851535.5770142570489437506711985      
   44683843238.3783040206080504223571635      
   44683834027.7905650361870501763001119      
   44683823741.2764525730280027868383542      
   44683812191.1261032517805702919870942      
   44683799163.7055318912076772435169918      
   44683784419.0643824564748276298028840      
   44683767690.1593541018803975357937486      
   44683748682.8352015424395899348082445      
   44683727075.1006781897913434529024207      
   44683702516.9980850117885000935522432      
   44683674629.7863266519683402897823994      
   44683643005.4319510350185349710494812      
   44683607205.7610153289195862173730394      
   44683566761.4137660325566211569480949      
   44683521170.6499663570141627932709785      
   44683469897.8408353165672072110369538      
   44683412371.6345991022499497756427958      
   44683347982.8074936859758300577021753      
   44683276081.9355906884279466977923251      
   44683195976.3701318782287044989745136      
   44683106927.2024814399222574654777100      
   44683008145.2706791469990674604919621      
   44682898787.3852895562139315053355565      
   44682777951.3758247360588034640840996      
   44682644670.9742871580516950535876983      
   44682497909.9526791029257862916075183      
   44682336555.7678343691937695114404734      
   44682159412.4464455999632924470735867      
   44681965192.6487497418690628438394641      
   44681752509.2109545502369900067331148      
   44681519865.6030893886521877801215838      
   44681265645.7021530993775784268099707      
   44680988102.5339648576708582441381407      
   44680685346.1016640669425820621975808      
   44680355332.2813750126365150685056739      
   44679995840.4608520759054135424830162      
   44679604469.4278873360445717276088027      
   44679178613.7559499101911947657194689      
   44678715447.6818487458897974189991294      
   44678211906.0528295824957413438878624      
   44677664664.4646247370860929565996710      
   44677070117.8431393513816979556047603      
   44676424358.1905404494652545862473260      
   44675723151.2935057116869930596267914      
   44674961912.6425084972925373999656851      
   44674135682.7169277813355468496328996      
   44673239101.8976661553251495793386057      
   44672266385.3006515139836149514950118      
   44671211298.0091495126897084462196012      
   44670067130.9614227777832421090109439      
   44668826678.1088251497147788861832302      
   44667482215.2064197629944906327727390      
   44666025480.9547700295042294710993778      
   44664447660.8217089181581999220800833      
   44662739374.0526566414746696629710022      
   44660890664.1852780691369638164120657      
   44658890993.5757627135651553014281451      
   44656729241.3954149153715371164146637      
   44654393705.9972060896145477536510497      
   44651872111.6131593362898932848476423      
   44649151616.4542467248943297014272459      
   44646218824.3849781004105856541570467      
   44643059799.3537513525928112510862926      
   44639660078.7384505925611946034130274      
   44636004683.6150608945106701710422022      
   44632078166.6043350622071778652543285      
   44627864532.1373325215152825133958230      
   44623347365.7172603863427250514074577      
   44618509727.2837951517452836858928747      
   44613334139.6112254171613742667623863      
   44607802441.6393566473941287668989118      
   44601895422.1977870468241136194615124      
   44595591986.0678664932522407007670444      
   44588867848.3865848907531821537080485      
   44581694462.2052567318025448298075756      
   44574040580.0295389578259558736267640      
   44565875233.2283559359718404481219036      
   44557168350.4213010682945184552470062      
   44547890170.6433362690146534479132976      
   44538012197.2066088244648038667105880      
   44527509149.8803878951239805250101292      
   44516360324.3109892998637501311830976      
   44504549704.6415173375976923010979908      
   44492065068.7607117871530396398885836      
   44478896585.2882459244628625843934565      
   44465035654.0877924397033469243001238      
   44450473836.2462078834657348402094314      
   44435202237.2987193806640402098209013      
   44419211149.5538227154105874309518153      
   44402489892.9390241462602865222919195      
   44385026800.3263336917031145801674561      
   44366809174.2211374167718974819648690      
   44347823488.5098179423056362451613402      
   44328055373.9368745365318908237867892      
   44307489725.9096353511056731160484922      
   44286110778.7980238334572710067144150      
   44263902171.4122527062953787157016586      
   44240847003.4043019262915548631973757      
   44216927883.2905086821917046400982770      
   44192126969.0768379277379315048867646      
   44166426002.7421158254808549015669369      
   44139806339.3554314716281946359097101      
   44112248972.0171083146153649245120611      
   44083734552.8251627806540553149415437      
   44054243410.9750539270280433595407708      
   44023755568.0764032773238667152679686      
   43992250751.4963351007098837334937003      
   43959708405.6336376039499573294189351      
   43926107701.8193101821670521946575135      
   43891427546.8383642276704543342183678      
   43855646589.7764633438275996398846211      
   43818743229.1799706663696716089939743      
   43780695617.9438879135450245206656068      
   43741481668.3058929577616696646474004      
   43701079056.1471304430798624395710868      
   43659465225.2549599545693843934418669      
   43616617390.4293589047919783702413247      
   43572512540.5293754839970888543566814      
   43527127441.1778872345116229631428239      
   43480438637.2007328446445233993627077      
   43432422455.0371399201681315247588935      
   43383055004.6309634280467015720054897      
   43332312181.4216948438127371467681290      
   43280169667.9536574865691891616057057      
   43226602935.5972075966437545618293113      
   43171587245.8872294958162149986399779      
   43115097652.0775016600969951096704845      
   43057109031.7275063333687451294065447      
   42997595960.4732012262368319338389658      
   42936532906.7060040187622899928710300      
   42873894101.5613165961877122723012491      
   42809653574.6661315639149659070434678      
   42743785151.8689005144670818338551025      
   42676262458.3836122052486925213986284      
   42607058922.5568214119391209293602972      
   42536147767.1210517050147721805915596      
   42463502022.4759593572947905254591282      
   42389094515.0296731038137800665754014      
   42312897878.1747025462782082884774896      
   42234884547.0469924069927418090095356      
   42155026757.9427460677133391365144081      
   42073296555.2832123210436718679055190      
   41989665788.1839833304980194263955485      
   41904106102.6771289495957551949323014      
   41816588964.8338528103004701847479398      
   41727085631.2227070813297643564979083      
   41635567178.6442495645866769886869407      
   41542004481.7459633295962273044040593      
   41446368222.4531435426832441801215570      
   41348628892.6022152596938044314602131      
   41248756793.5578512044182248570331015      
   41146722029.6650743635955115217998926      
   41042494516.5881842617389537277071931      
   40936043979.0222865543928095909181464      
   40827339947.4980428454267891070018226      
   40716351764.1741272025610543736179697      
   40603048576.9351282250821694963885149      
   40487399345.6352633026270359300956986      
   40369372832.2586503075382989819343255      
   40248937626.4168317153818268955930604      
   40126062109.1463873171669311866087144      
   40000714477.1929428856849025840440291      
   39872862737.0797037614998395287180344      
   39742474705.5941814047336736819038206      
   39609518009.6583084661676667914451072      
   39473960084.9583093501553872832565308      
   39335768177.3916010281225131465152319      
   39194909345.2732459086624020849227480      
   39051350455.9503554789199641350430963      
   38905058185.7328614934988922870546983      
   38755999022.8757335630190715499810308      
   38604139265.8914613736169094324168098      
   38449445023.3446447378476759740373454      
   38291882212.0345218604407876391356424      
   38131416562.9658575665274964365222225      
   37968013616.4657974695899649269067474      
   37801638721.5925514609401529874902464      
   37632257040.7597719790607293507830441      
   37459833541.8235367413942356007796434      
   37284333010.7263520059849746987035799      
   37105720039.4740319489105553705285545      
   36923959025.8769698329636976523683737      
   36739014188.3778955457996926561301897      
   36550849551.0100807313069839622222459      
   36359428947.7892603935284008708947784      
   36164716023.5682471834127539003857159      
   35966674229.2240790044097195148643347      
   35765266834.3473973304554867033998151      
   35560456915.2633693153519694430448759      
   35352207358.6355788011285113972025527      
   35140480861.4700970668868831547395457      
   34925239931.3659963513029375951969571      
   34706446886.4209911971485212859281578      
   34484063855.3071788698722849677177336      
   34258052776.9939291056107329236435272      
   34028375400.5113020815194325584567809      
   33794993285.7152956285152660762879666      
   33557867802.5530271636561722687041871      
   33316960131.3224696576929772197417171      
   33072231262.8315274879804319338473881      
   32823641998.4858311476588308723760911      
   32571152944.3965486744353771533176429      
   32314724530.7772938787080110849576360      
   32054316989.4136078611428992976941236      
   31789890354.6448929336839280634467834      
   31521404485.2490819004743389503003998      
   31248819042.9787788430540187334688818      
   30972093502.1309559758871799166435742      
   30691187144.5367484455437638161658830      
   30406059064.9371730875509082276792357      
   30116668166.2478856952505501985318519      
   29822973166.4549283972831994306170044      
   29524932589.0523052937462750158204065      
   29222504766.9800544923251574310858061      
   28915647850.7386755982266237365313143      
   28604319791.6973408075090262081949437      
   28288478358.2338160871726547764791413      
   27968081126.5372313897635858813008569      
   27643085483.1259465722207840217190429      
   27313448626.5167023295482482570700342      
   26979127564.4795662729112534960523988      
   26640079115.9442700021287178333400481      
   26296259911.0487354414845295989895625      
   25947626384.8968850568196139262157912      
   25594134788.7883817328426058981619353      
   25235741183.3258324846673311627707270      
   24872401442.5341531267761563907266701      
   24504071248.1519267800667431879638058      
   24130706092.9481458459739668202779245      
   23752261281.5898835945136182987718175      
   23368691918.3121647768590028471234044      
   22979952931.7705194457168150443805004      
   22585999053.3051527023740417020491903      
   22186784833.7162310865501089357532489      
   21782264629.9369684823057592591256328      
   21372392606.9905830027713670513218487      
   20957122744.8820084151064648067899783      
   20536408832.6656355753341439326641071      
   20110204477.0082625594158313501678459      
   19678463074.5920583866208492971539301      
   19241137852.0557344599199567808196927      
   18798181851.3913752614548511561551975      
   18349547912.0793540759581266256119272      
   17895188691.9707466472846559107873935      
   17435056657.8621894533118569278901374      
   16969104088.9371440438066200423502235      
   16497283075.2937381877049673584611316      
   16019545518.3341336481399973634051649      
   15535843137.4834397545884223731749133      
   15046127439.2147141757612862870235182      
   14550349767.8817403906146155668298268      
   14048461279.7362247609277767838845361      
   13540412930.9010134062120089662457763      
   13026155493.5504426855238029345009430      
   12505639549.7998560843030518245779477      
   11978815496.3172378037984531658373399      
   11445633541.0124550900291048491835744      
   10906043703.5315212717088721580605326      
   10359995818.7402246315808567924102602      
   9807439519.42627880747232516903907724      
   9248324266.37745456397942733932406573      
   8682599334.82816524622802313033419390      
   8110213805.48980227539363622338674796      
   7531116571.96588418246949201670469047      
   6945256341.09011035144955690532450806      
   6352581632.70158290670234332604151756      
   5753040779.84171761910399083175108093      
