   44856432863.5613159773584427451295965      
   44856418337.3294785552589649474919248      
   44856401217.9833820952254621132819730      
   44856381067.5185793267364952383467091      
   44856357395.6589792182824603837034490      
   44856329657.1799876429893333769450913      
   44856297249.1617091337559211110874914      
   44856259507.6804796101071730938456595      
   44856215704.1986256473460305002547764      
   44856165041.2954622836165672096457286      
   44856106647.7864623518942348278502341      
   44856039572.9529669255966582608733482      
   44855962780.5369788887874155534410067      
   44855875140.2377557866211841320243553      
   44855775421.3668272794303649131718933      
   44855662283.2441001158555553106552769      
   44855534266.1155394083552098207524820      
   44855389781.5388757895881329902996959      
   44855227102.6248678257242721436785659      
   44855044354.4122652555244204804577333      
   44854839504.3493174844240872139819671      
   44854610353.8841172469927456028670229      
   44854354530.3481462386619184716807026      
   44854069480.5102519743059079866841713      
   44853752465.3750580262075173947699121      
   44853400555.3398260368475777515013456      
   44853010631.8683353811349025520459085      
   44852579379.5304431800340737754896983      
   44852103288.1312853768820019635195382      
   44851578664.2269295979370341719685320      
   44851001619.1691767213267989981871707      
   44850368080.3456812527013865715778064      
   44849673792.7260727197085804060134533      
   44848914322.8734277902521511278369954      
   44848085062.2825671497242412294212480      
   44847181231.2705168108006483039370961      
   44846197881.0825740284699701272376332      
   44845129893.5668909488052562664615373      
   44843971997.0390426295909916736241646      
   44842718747.4598573365749225717779257      
   44841364541.7729728053839028386806901      
   44839903615.1556590134391732900945772      
   44838330042.2411335787280603034959332      
   44836637735.2694801060152845762605429      
   44834820445.4475224730507128734460203      
   44832871766.1927643254773162756628497      
   44830785137.2754972010241773373263165      
   44828553856.9475134806352769852456095      
   44826171105.0957199176958734834350280      
   44823629985.8591539499051319897584960      
   44820923609.1988216183010927801517431      
   44818045249.0899788823442884649425871      
   44814988661.8271073109327790786350949      
   44811748731.5561005239797188741763363      
   44808322945.7417307702969988384364710      
   44804714299.1423817151452833013494310      
   44800915751.2562334376743876208569723      
   44796804325.1760928129065616543731894      
   44792401505.9641376826711758967449715      
   44787713769.1369303553468278151700719      
   44782719645.5021308417645728821877789      
   44777394976.4897126080848796608138993      
   44771718846.0866692987094249308767746      
   44765676501.9285235852591408386966997      
   44759259701.9692196281557028070051415      
   44752465048.5304131588801039473399301      
   44745291853.0159028082761113334687868      
   44737740272.5786915701130627279296738      
   44729810238.7033110429957451723865956      
   44721500768.5981753402034718965736061      
   44712809749.6562931051151822313605943      
   44703733909.6619718219235983298378071      
   44694268899.9506513956981446212457268      
   44684409357.8476954338848356249295141      
   44674149104.1170127303893675224574509      
   44663481191.6264370408399560534341030      
   44652398016.8994627533879598362078472      
   44640891399.0636374711652585679838848      
   44628952644.9491419647525889260592174      
   44616572600.8168884771519496336461520      
   44603741695.2416507094797105953471009      
   44590449972.0628652989213694179111561      
   44576687118.8182321775857725805947299      
   44562442506.0604252833012526400424146      
   44547705126.0805898719437863944114988      
   44532463733.0372773551798252265571069      
   44516706767.1540033940489997721798555      
   44500422386.3458094094944986062182714      
   44483598475.5942757951061659543028493      
   44466222653.6730463524368088655964176      
   44448282279.0651761411971593922604251      
   44429764454.7588357747019212568536237      
   44410656032.7412716643038782008609991      
   44390943617.6576295862802190869878154      
   44370613569.5272871495994760110883115      
   44349652007.0564757334101903571826161      
   44328044809.9327759481042619528946785      
   44305777620.2518443810646382813239508      
   44282835844.7295082292918545479508000      
   44259204656.3383585339593239542949633      
   44234868995.5626003107158863689181781      
   44209813571.5013693877579216135325437      
   44184022863.0618887283046684158488759      
   44157481119.7728775628259971797311549      
   44130172362.3448175893987565547631250      
   44102080384.6486996475829281003590889      
   44073188749.5740046718919001705267344      
   44043480805.2506672770084873506958205      
   44012939662.3249055397490312312053915      
   43981548211.3991645502627319926916633      
   43949289118.7706827029564232335076108      
   43916144823.6876035815441675117183096      
   43882097547.2213872358584462177852599      
   43847129285.0998954560041866528870302      
   43811221809.9441984478899642093519015      
   43774356674.9140527913783431866714499      
   43736515210.9913980813104771263553459      
   43697678526.5227240374132433419050553      
   43657827514.3722849122748083479943656      
   43616942843.7611767106764551151172334      
   43575004964.9811361542174219784396370      
   43531994113.2502900464239689623154632      
   43487890299.8971432659110712485416004      
   43442673325.2712318715073386364033184      
   43396322765.0135622560229652117091851      
   43348817985.6110094216340110112145218      
   43300138130.1727948953183874760015821      
   43250262133.2903792377576421050567073      
   43199168705.7405593573936530075512359      
   43146836352.6263085047511450155724936      
   43093243356.6257418464117547397126907      
   43038367792.9874205293238178182164065      
   42982187518.5055546287022075377942201      
   42924680178.3459931952876782467797303      
   42865823208.2906683980552362040804093      
   42805593827.2118926087614325266095935      
   42743969044.9961878753097016928466899      
   42680925660.0819553318089754841706583      
   42616440260.2094696954073564628830997      
   42550489222.0137160038059595663255334      
   42483048709.2932987819348635040044390      
   42414094683.1111327146262260475295893      
   42343602890.1725294609611688773407191      
   42271548869.5830830306721202255509995      
   42197907952.1292126702318634672943688      
   42122655260.2285530323588302719012623      
   42045765709.2937031762738860473956598      
   41967214008.2642306062963250270097848      
   41886974657.6093583385527749908633470      
   41805021951.0547016496044526921367082      
   41721329974.4791812597167299114586819      
   41635872611.5093382420125393865236411      
   41548623538.0690545420755206040523168      
   41459556225.3418214640891959994291037      
   41368643938.9771883104022040299447114      
   41275859740.8693166935974859769952283      
   41181176488.0806144064790161529925585      
   41084566833.6831707621549493421947954      
   40986003227.1622611901439694325028575      
   40885457914.0692952262076063536343392      
   40782902938.1116585114520763598485394      
   40678310137.3178680178961183788370168      
   40571651149.6039650841838130316734321      
   40462897409.8308819527612258734557011      
   40352020148.8758894994416360971850942      
   40238990399.8052847298784129709947085      
   40123778990.8939261506580241797895640      
   40006356549.0840107123211401197579052      
   39886693501.3597153426691464764327158      
   39764760073.0493590281663338389776216      
   39640526288.8507591655025368572888861      
   39513961972.8206848671797008661828744      
   39385036749.5725678515102717497974401      
   39253720042.4819479418525226665095850      
   39119981075.9672947405113155654769000      
   38983788874.5999307426526650642704498      
   38845112264.4138825735744416214072509      
   38703919868.8146388352079082778295984      
   38560180115.2767397199643053933993883      
   38413861231.7829112338290117558892243      
   38264931247.0488494241681346692902846      
   38113357990.2151549528870781772452533      
   37959109094.0392050331856860313701163      
   37802151993.8199134258360830465775790      
   37642453925.4831935914834721567470538      
   37479981924.8412760149443189604256311      
   37314702834.2495262916809597335398055      
   37146583296.7146981259051230436057877      
   36975589758.6658561803281172508405916      
   36801688466.9480820976374749495875384      
   36624845474.0244343345518683734935853      
   36445026630.4041805087218720965136748      
   36262197603.1820099384324574114470334      
   36076323843.3465891787250987491738674      
   35887370621.1824394872835558348622631      
   35695303005.0780184900393147042340354      
   35500085867.5056107530419093496932082      
   35301683885.0301605318357008367913862      
   35100061538.4020438252292879806240094      
   34895183112.6616349400209185509126599      
   34687012697.1698593723840455787055674      
   34475514186.0563430041680544513960538      
   34260651273.6756611015809150673866784      
   34042387469.1014297539800531256465832      
   33820686078.9275801176439159606799880      
   33595510223.9949087227953804149855118      
   33366822806.4909544189831859840976051      
   33134586555.3318155593829754371410920      
   32898764019.3755556406985109489813825      
   32659317508.5058878512895628923144235      
   32416209174.0186521104170661983430020      
   32169400962.3909969887437696768993606      
   31918854625.9935558395471335224283133      
   31664531723.3554468551333614987095088      
   31406393619.1312180835713191189324728      
   31144401483.2180048350480553241159768      
   30878516293.8205369017303574836001346      
   30608698831.9598137949230855853254277      
   30334909688.6328484221316213318201387      
   30057109266.7074263396611332284671527      
   29775257775.5028543775569746973797015      
   29489315201.3238481672503013975590967      
   29199241382.7814922081564777988293829      
   28904995937.7522600754624060911744724      
   28606538297.0656419084940638386142229      
   28303827701.7271105041627603119837174      
   27996823198.2849512584751513880167195      
   27685483640.7922485865886983713757030      
   27369767690.8468495209541887226328338      
   27049633817.4761230411014958756855543      
   26725040279.7406210764742912763271893      
   26395945212.3377606790431890378994041      
   26062306456.3858633785944770000460912      
   25724081729.3082718265170027357848903      
   25381228535.6154540406246829261939535      
   25033704201.2123015657172427268954491      
   24681465851.3291601887271627493424812      
   24324470415.6498116566727113189511642      
   23962674631.6427877359057025211157366      
   23596035059.2802074238262339290612488      
   23224508053.4865768134552413913903943      
   22848049781.6092149300701772909554397      
   22466616219.6617125043240909263412953      
   22080163151.5755128762046190906029358      
   21688646170.3470053014288366606216409      
   21292020676.5520796986430740111878354      
   20890241881.6488047724214477825035129      
   20483264810.9982032388525845470116608      
   20071044292.7930459970930805035532288      
   19653534965.1623567689900981890965592      
   19230691278.9375741327090964710695597      
   18802467491.3344440688732805782143065      
   18368817667.5062830515279120143979877      
   17929695680.0729147817932687482519540      
   17485055216.8023252309333092174545559      
   17034849774.3916520542367737854624025      
   16579032661.6349983600738665988709421      
   16117556990.2577566255471048146877754      
   15650375684.9372522245982438577863129      
   15177441479.2471553910722594886397285      
   14698706916.4954484889720740551983795      
   14214124348.6431711163774566723920270      
   13723645941.9631198781772535980785682      
   13227223669.8618872189611996434978850      
   12724809315.2630471740548940771421845      
   12216354474.5562132247047912782455938      
   11701810551.5131215570305465986736256      
   11181128759.7185186148402659851346037      
   10654260124.8903767565346437591269627      
   10121155480.0944034195048604590461350      
   9581765468.23670066894726341707511311      
   9036040547.50527209208932211111231052      
   8483930984.15560700549320048162204632      
   7925386853.90973682735183363437750565      
   7360358044.86249910034859358942656567      
   6788794252.18934938195808726742436901      
   6210644986.01875172119474927880489576      
   5625859563.50104330527143948804749247      
   5034387112.91764157669882196535071930      
   4436176578.22764337531232693599100328      
