   44574775315.1450017796883009049058459      
   44574773263.8942025965319431048378562      
   44574770808.9926262926063119641386593      
   44574767909.2901027618261934954757454      
   44574764522.8190515034213796238589233      
   44574760606.3662368027639692369463746      
   44574756114.5289295892360227308665948      
   44574750998.9354040236800612529470277      
   44574745207.0801701268405906374831278      
   44574738681.7710696783131967386094144      
   44574731359.9459380052548188262291123      
   44574723171.9657555167519491804007446      
   44574714040.8813369123233911347769674      
   44574703881.8413411355228118864992039      
   44574692601.7843588604507885097352389      
   44574680099.4522691695120796831763048      
   44574666264.4192437097025347883014081      
   44574650977.7198836605480926862894909      
   44574634111.1478385474959366781533819      
   44574615528.2150758531921964857383111      
   44574595083.0882812517978514643491144      
   44574572621.6026263290721817469793393      
   44574547980.7593736546299688784719135      
   44574520988.9857541336231521422062113      
   44574491465.8191925450393818333893528      
   44574459222.5800343517529735065264365      
   44574424061.6243534832502937158466773      
   44574385776.3433424566656424317548017      
   44574344151.1809439392115621339644175      
   44574298961.2653428800840002097930370      
   44574249972.0841594108019268846284485      
   44574196939.2134825112849651738313978      
   44574139607.9394381185775111731771241      
   44574077712.7669382069696876322851324      
   44574010976.9766781323177034525267134      
   44573939112.1754127837753639115825710      
   44573861817.6390425505872135252950167      
   44573778779.8394931347499247200823140      
   44573689671.7563088911592589646631028      
   44573594152.3249410239823076359388686      
   44573491865.7426785496520956181248444      
   44573382440.6609349254759311290325056      
   44573265489.6183272693587999599823828      
   44573140608.0696583908998188891657745      
   44573007373.7091752100810088264846551      
   44572865345.5602479083027354900711276      
   44572714062.9377124414802359827380552      
   44572553044.6108566986523817049135944      
   44572381787.7427337241087318736753206      
   44572199766.6968362632951593601971575      
   44572006431.8585741731189300107442660      
   44571801208.4215695871475003567149098      
   44571583494.9796222105020365270643206      
   44571352662.0899287812648271129254549      
   44571108050.7290668624974215791898714      
   44570848970.5923620609561404997497980      
   44570574698.3494404670610657569228575      
   44570284475.6914301377530570566861729      
   44569977507.4209973185203930060927268      
   44569652959.2137845129582264275108475      
   44569309955.3302015298657687033397356      
   44568947574.3388931855995270189839297      
   44568564854.0598104662394172018278678      
   44568160777.4929973937968644651687248      
   44567734277.5308472784757165072300228      
   44567284231.9968095218874050862498903      
   44566809460.3757937262252074559190750      
   44566308720.5199357958590821296721015      
   44565780704.9860587150100751013851886      
   44565224037.3173588888227313312746045      
   44564637268.1270300930314528954456000      
   44564018870.8940350703617751419274040      
   44563367237.6240511605516042889910354      
   44562680674.3894773589961226100849188      
   44561957399.1947383307771526550060292      
   44561195526.4317968745230310193357358      
   44560393076.9338797634577342034570923      
   44559547962.6958819428971730792535222      
   44558657983.4893646154550356668520935      
   44557720820.8206966227763808876316961      
   44556734031.7255745744459505050190384      
   44555695042.1657890740953426525660715      
   44554601140.0554336349382631237117287      
   44553449468.2058466791062652413103050      
   44552237016.6012240983775297676411443      
   44550960614.5508046821501815288507395      
   44549616922.3212835628274966476438501      
   44548202422.3979941644294984253410964      
   44546713410.2614605145903197158252071      
   44545145984.7555367201476344015400207      
   44543496037.8259405979604350782755880      
   44541759243.7890914157714808553546615      
   44539931047.9990595517215893229039998      
   44538006654.8335798305727820099675255      
   44535981014.9894500143970865574807090      
   44533848812.0585726780846464738164908      
   44531604448.2638250069260407074762330      
   44529242029.2727945568572758948639871      
   44526755348.1114352261138447368260728      
   44524137868.0797279210594736671924124      
   44521382704.3679978248779568218305258      
   44518482604.5029555896969445462485014      
   44515429927.6718947469952457526826443      
   44512216622.0458700044125363154111163      
   44508834201.1844993609493507037855428      
   44505273714.5190202715592200222562748      
   44501525734.6351384453134827445255931      
   44497580305.2062566465223458420000368      
   44493426924.1389103713952541651457860      
   44489054505.4605280614599144556571024      
   44484451342.3946620994541405039374900      
   44479605067.4660765831460881649756919      
   44474502609.7070439273427491956994465      
   44469130148.4989767833166463209856380      
   44463473063.9427938116218362135672816      
   44457515883.8041893048059204636124557      
   44451242243.4314516780981294886756654      
   44444634760.9145018298805125125518697      
   44437675065.0568544928996960994790977      
   44430343668.5843113405893386941077180      
   44422619912.2012157070624601002660267      
   44414481889.7521502939642185143340087      
   44405906376.9530882497293277251114756      
   44396868755.6241515378516155556428223      
   44387342942.5729442032141107677583247      
   44377301322.5608519220751007716105832      
   44366714689.3830705752663055294219955      
   44355552197.9853193276932438960684860      
   44343781332.3356943601339583356926777      
   44331367892.9114920624441984873970601      
   44318276008.3271052909717394653948277      
   44304468174.9385064839713775202595828      
   44289905327.3983583900192240120486560      
   44274546941.9157849628601578708051988      
   44258351172.2377127171859257993202805      
   44241275016.4652131163033894876141771      
   44223274510.0887623877282357786168225      
   44204304940.1711573637083463005327296      
   44184321049.1683013489961635355261115      
   44163277372.2558065795935048907017333      
   44141128291.7125983383090037625337214      
   44117828379.9101901756901388362635447      
   44093332537.4470264594039384613090916      
   44067596288.6344588229340914897613776      
   44040575780.3314071667328347663697417      
   44012228001.2486350613030430987623560      
   43982510861.9664880916040562346473203      
   43951383276.8136826221580782195656284      
   43918805212.9580012543825191820193815      
   43884737721.1580350513033536466783357      
   43849142943.9077491940888255187276903      
   43811984104.3874737220196996171987537      
   43773225476.7496403438422510894667419      
   43732832339.2169889046534757081297782      
   43690770912.4422858136790568659200286      
   43647008284.8548789892675558956045427      
   43601512326.2325451026846689156379338      
   43554251595.1308133582203423470995350      
   43505195272.4185340328077423928213297      
   43454312923.8847134309151680319036455      
   43401574614.0503626159062265623226828      
   43346950662.0943051798066830710948732      
   43290411591.5952451469586355505513952      
   43231928047.8825953723962903906314155      
   43171470727.1282662933681003463995141      
   43109010312.6498521002876738796644924      
   43044517422.7429466513601801614346226      
   42977962566.6670991269765251344677120      
   42909316110.0054436201466730469049006      
   42838548248.6352781069577199786635004      
   42765628985.1625968869629871943820184      
   42690528116.4571113045471156483852107      
   42613215221.5495709462976176925560815      
   42533659654.3300961137764134521156877      
   42451830541.7246829032607110419131793      
   42367696779.3828870481102533118946441      
   42281227032.9293883704162184205578307      
   42192389737.1988874255384671444400344      
   42101153101.1159810180563014582745191      
   42007485107.5978141118726673279750384      
   41911353515.9580603516420793495408207      
   41812725867.2973862522343531529327995      
   41711569486.4358162882490892209461806      
   41607851482.2775517076834628820313345      
   41501538754.3803100910348674077779861      
   41392597990.9142285953353396287193347      
   41280995679.1485965332901710849692948      
   41166698098.3628278416862152759151175      
   41049671330.9482369665432813397508414      
   40929881257.2459478707447325537294425      
   40807293560.9560559863813343049025157      
   40681873731.4427307348002390193444336      
   40553587063.2207187198733846101891434      
   40422398697.1551974189908369476406304      
   40288273461.1668388428407763188068897      
   40151176118.7811466440771191220158243      
   40011071200.9650343474690247846868892      
   39867923053.5112528051262075185615187      
   39721695825.1589024814111048079584850      
   39572353486.8300353359772874763649698      
   39419859820.7465329845259273110577737      
   39264178423.5911318354225245346757432      
   39105272707.4203620866412778543396014      
   38943105898.5666015693550230118108662      
   38777641035.8868056535650787404245824      
   38608840989.3722293500023878250663518      
   38436668411.4335931342766332581005392      
   38261085793.8268110356028602060727825      
   38082055458.6299751086954924169411324      
   37899539521.7882306824454639677541460      
   37713499923.5136676207150318826535931      
   37523898420.1945617428298113557282589      
   37330696583.3053249040469608829914005      
   37133855802.5033201005487021213534109      
   36933337284.1727614892206310594214165      
   36729102049.9621185949889215506441637      
   36521110940.3092337490364351284615976      
   36309324611.2070776454949192308610027      
   36093703534.8991629494813980223177327      
   35874207999.3917022427415356975216059      
   35650798109.5746604795214761517179606      
   35423433787.5542795931274040182223527      
   35192074768.2146304920041130034578007      
   34956680605.9903059035387395620029210      
   34717210668.1210036603676336848630006      
   34473624139.4844128550495997223472535      
   34225880018.7819983178002800887653041      
   33973937122.9657419719906104514661905      
   33717754076.3387143570792369936494272      
   33457289325.6340199513258084155106232      
   33192501130.1960870612265579398469355      
   32923347562.8704588090722173778867322      
   32649786513.5026551837838303730541726      
   32371775682.7404777556127848455351094      
   32089272586.1167545242289580200942630      
   31802234549.3620329368091817989395488      
   31510618725.8365814859412265862639712      
   31214382069.0762040664321887296701513      
   30913481345.4329504392003507903670605      
   30607873143.7620005634677276132156207      
   30297513858.9063537187415939503207620      
   29982359700.3533202196678748435789122      
   29662366690.8959922012552682419606430      
   29337490665.2280663734725122768167625      
   29007687275.7216687046126300388002021      
   28672911970.3214038123919449562157463      
   28333120029.4195517582024592848222339      
   27988266531.8312042526877701855715070      
   27638306375.6864779189504403518656405      
   27283194268.2497017684127214659786204      
   26922884728.3745413446720310834060896      
   26557332086.4074200405822447591510643      
   26186490484.0179819525507376225925129      
   25810313873.3323729048795467669807901      
   25428756019.2664384613765028456021028      
   25041770496.9265193429001032473872982      
   24649310689.5830698765675434958999605      
   24251329798.7809454881427995114442430      
   23847780829.9883530506596233656216026      
   23438616601.4200382085866404032335656      
   23023789741.8575648438783191686856793      
   22603252690.6450451437324228957989905      
   22176957697.5088254710362926976846560      
   21744856822.4367292731446004731269769      
   21306901935.1951504998742754229689129      
   20863044715.7721110437970202953835973      
   20413236655.6281449502022472039721478      
   19957429055.4711564235930062041207188      
   19495573026.1060684620234552554868930      
   19027619488.2617377460594903094987640      
   18553519171.7178012552868228569666464      
   18073222618.2181875487091480270687649      
   17586680178.5274981177700051111492892      
   17093842012.5395059495340811176059132      
   16594658090.9960332804949757108770807      
   16089078194.0159778593034643986454807      
   15577051911.3767852246931076091985642      
   15058528642.6460723958183028864222517      
   14533457593.7975164255135790893526209      
   14001787789.7905570727510481053962790      
