   8088153109149712.37106885150967150368      
   8088153109149712.57838760584370076546      
   8088153109149713.40542788141109602825      
   8088153109149713.26545848031500255456      
   8088153109149697.68246146014671043786      
   8088153109149610.72274531332356410467      
   8088153109149302.90000413319977032745      
   8088153109148458.98691841133201327861      
   8088153109146503.58813120022665244923      
   8088153109142415.21683015462123080355      
   8088153109134282.60284454807018463245      
   8088153109118481.76427787293137538268      
   8088153109088594.18294216289410571326      
   8088153109034415.04046426515168522094      
   8088153108941393.30878073618455443867      
   8088153108790682.45504708159838539502      
   8088153108559675.33563645974462137309      
   8088153108222856.53068512009711277418      
   8088153107752751.89301497280944143811      
   8088153107120621.19385512755953005718      
   8088153106297236.70210639622175189702      
   8088153105253130.49374711401043878088      
   8088153103958857.68115732860257109313      
   8088153102384983.30418515544057929314      
   8088153100502091.55972558886927254590      
   8088153098281267.38214924517790942442      
   8088153095692580.43130152419150034893      
   8088153092706733.21858964246728897554      
   8088153089293648.84406007423100094973      
   8088153085423195.22043007027110594637      
   8088153081064367.88864238872676790289      
   8088153076186179.39288306869106400399      
   8088153070755693.28966301441442483203      
   8088153064740098.21926710973206918129      
   8088153058105034.45034412053842334898      
   8088153050813891.59023391381441768500      
   8088153042829004.14690218023339527385      
   8088153034109576.42301650126944545082      
   8088153024611748.54484093190542800048      
   8088153014287130.14397568044405586584      
   8088153003081453.08564960816229319658      
   8088152990932146.62734793708711191536      
   8088152977766354.72377230178220057499      
   8088152963494169.19519760851335746926      
   8088152948004016.66068786363275367694      
   8088152931155815.71974180621382496340      
   8088152912786597.82967979856589191019      
   8088152892756553.27864109108285721808      
   8088152871080243.52792337167386072308      
   8088152848111893.24549819116475072537      
   8088152824469849.57386039698571651279      
   8088152800610300.87015261103123346578      
   8088152776582001.00467227486508857686      
   8088152752148964.69708010867394954412      
   8088152726988313.89515101911640624667      
   8088152700797160.71826973292515819761      
   8088152673322960.90445479013385331538      
   8088152644360594.09379410075013000676      
   8088152613741131.75176234192737081356      
   8088152581320871.72738933456726347342      
   8088152546973062.94729408855150658113      
   8088152510582037.41091717007291649316      
   8088152472039111.37899270925063185088      
   8088152431239973.06857032228061708378      
   8088152388082679.49070994089107102497      
   8088152342466530.02242842957347677968      
   8088152294290879.08950484967183684661      
   8088152243454929.57370110542777758272      
   8088152189856922.89226138660677835855      
   8088152133394122.03614952947087463325      
   8088152073962506.28468727187729518744      
   8088152011456440.07727571374149053412      
   8088151945768993.47989476280201221869      
   8088151876791219.97130343242974474544      
   8088151804412835.91135837309033036670      
   8088151728521608.26433544717843849518      
   8088151649003555.20340188347831759941      
   8088151565743104.23654848502561357654      
   8088151478622736.65751200238999776056      
   8088151387523350.40367137698956039038      
   8088151292323791.15319331390575766528      
   8088151192901322.07506994362612452384      
   8088151089131466.76066312097129024257      
   8088150980887765.72103424584385733109      
   8088150868042263.01424674050737286066      
   8088150750465096.26605964064480703331      
   8088150628024558.66301933602280484735      
   8088150500587419.00176890206995675668      
   8088150368018544.82393141874742007423      
   8088150230181060.35010375926815933811      
   8088150086936628.37947146354729426043      
   8088149938144616.87213196352157010705      
   8088149783663109.18908337260924175730      
   8088149623348485.19868007003470259698      
   8088149457054946.71206696115325095620      
   8088149284635588.26458993694604737539      
   8088149105941275.13403203277943546035      
   8088148920821225.77483257846934157700      
   8088148729123327.23124445754721465428      
   8088148530693221.16142429528835112486      
   8088148325374877.31479599122965666157      
   8088148113011189.10574605699746937679      
   8088147893442401.78374808139960669244      
   8088147666507473.82969938331368241809      
   8088147432043967.77905714398878588099      
   8088147189887094.48131987504993406154      
   8088146939870156.74690547125114783653      
   8088146681825935.05768335573126914112      
   8088146415584211.94192574975834798389      
   8088146140973391.33638119866058844090      
   8088145857819917.14512261741932995941      
   8088145565950230.00744228781022479840      
   8088145265186023.80358743475528633237      
   8088144955349182.67553961190516869945      
   8088144636258950.97666964906177078203      
   8088144307734333.83010206832662290517      
   8088143969591026.73225705221995392256      
   8088143621643316.69649756880768272111      
   8088143263703973.97597460412759908747      
   8088142895583887.70180477642316765451      
   8088142517091657.08765564206356183264      
   8088142128035212.13830027922692427877      
   8088141728219619.41807223109365991825      
   8088141317448737.98623050838076266929      
   8088140895524738.42333399876174312645      
