   8088153109145649.54100512382260149049      
   8088153109140692.19239841829141946048      
   8088153109130906.61466111830337747269      
   8088153109112010.53657986121973695604      
   8088153109076627.68484321823161355396      
   8088153109013388.02341630458332615797      
   8088153108906525.87375802661385322794      
   8088153108736087.22176306929542927322      
   8088153108478579.50168584703464043188      
   8088153108107849.80383268902176105170      
   8088153107596003.22942649747643453339      
   8088153106914120.49431097653102713547      
   8088153106032854.56068274072085989412      
   8088153104922783.18258403029619144249      
   8088153103554400.57552643137978250123      
   8088153101898293.60537343564351300037      
   8088153099925199.66764093442936141634      
   8088153097605985.22535888275763327811      
   8088153094910910.08941467466322591730      
   8088153091810275.26401012945877961897      
   8088153088274248.21087189502922914879      
   8088153084272347.71105087831498753424      
   8088153079773611.38090162245946433597      
   8088153074746608.20716173461881904998      
   8088153069158134.75425396990107501389      
   8088153062975399.50563836650972717943      
   8088153056163392.07132003845215179744      
   8088153048684797.84674485040031845142      
   8088153040501927.50373527573003395921      
   8088153031572567.07789160082018572410      
   8088153021851773.51474338860913291388      
   8088153011290391.31591600171138591296      
   8088152999831282.76524658133546426958      
   8088152987409750.99621198960444565500      
   8088152973949081.70265069919137894839      
   8088152959353565.76462992246299538689      
   8088152943504362.47478251248451289104      
   8088152926253729.78016462348544240047      
   8088152907437837.92726324099275421551      
   8088152886941435.18306191621609935270      
   8088152864857035.01060265837846355134      
   8088152841639626.96379283722391463716      
   8088152817908752.19933462922855584888      
   8088152794013949.68510483226950421361      
   8088152769904405.70365126526802653558      
   8088152745303422.00887819503034150380      
   8088152719887081.58520761689937420696      
   8088152693365476.36124595531021959100      
   8088152665499976.75649211111169579417      
   8088152636096691.42208175073128064922      
   8088152604994596.15406408095755537088      
   8088152572055383.49002509390141368601      
   8088152537155848.05698768112695386419      
   8088152500182587.72088030008926557227      
   8088152461028335.70165889282904033396      
   8088152419589648.41321152150846796568      
   8088152375764946.34461040409931310933      
   8088152329453683.50201964653778185111      
   8088152280555221.49527643839443856975      
   8088152228968500.39691039784863154510      
   8088152174591541.87029441106610709242      
   8088152117321254.19396022773390688559      
   8088152057053211.48405623456630163595      
   8088151993681451.13627752120896014995      
   8088151927098406.99917777153833681972      
   8088151857194860.33443274120765389794      
   8088151783859921.03357192195678422933      
   8088151706980968.34281334341954034471      
   8088151626443492.63281687239398438840      
   8088151542131420.41410375187958595958      
   8088151453926771.41062252616508534107      
   8088151361709912.35006089463180707459      
   8088151265359298.25735137964320990711      
   8088151164751632.21219016632725867973      
   8088151059761875.69066596888665592654      
   8088150950263181.76715497693875416008      
   8088150836127162.52438559620844587238      
   8088150717223331.02864856094105151969      
   8088150593419557.77405102995641471026      
   8088150464582220.73229652348061421378      
   8088150330575524.03119351775694644956      
   8088150191262307.36918337062960357702      
   8088150046503607.13196628180700005224      
   8088149896158315.79216127863017539012      
   8088149740084204.27667359538359494620      
   8088149578136997.54417399190770471447      
   8088149410170474.79558933385919654475      
   8088149236037349.80000052728236207070      
   8088149055587815.33355169651384651477      
   8088148868670792.30167985881109064036      
   8088148675133655.36503370893269182235      
   8088148474821407.37570409127742281866      
   8088148267577821.06016444237335196420      
   8088148053245212.31432401577873192878      
   8088147831663085.65204770395555269012      
   8088147602670282.72136495157247079203      
   8088147366103779.63357737189676686333      
   8088147121798045.13641933425188187707      
   8088146869586387.78668540568926741477      
   8088146609300863.18404537452365533033      
   8088146340770589.44310710498292709986      
   8088146063823703.13839039202976524939      
   8088145778286143.48163612880077079793      
   8088145483983884.73166515777856617250      
   8088145180738026.72162381309290062319      
   8088144868369408.53151622694165624131      
   8088144546698697.86428193054482357633      
   8088144215542549.06847807665491864419      
   8088143874716706.78861530166220404018      
   8088143524035019.10786968633324268974      
   8088143163309805.62529752846032150750      
   8088142792351331.99796477104349030733      
   8088142410967936.43066459699493843914      
   8088142018966785.34450075042247399904      
   8088141616152602.55944609194822262320      
   8088141202328834.96889704619458725306      
   8088140777296990.60774009419317190622      
   8088140340856300.77280423171138478387      
   8088139892804992.15967765567886925415      
   8088139432939075.66776370707543550656      
   8088138961052553.52529471570082969523      
   8088138476938281.62381670469602264542      
   8088137980386668.47723958608000708378      
   8088137471186437.30966408263912819591      
   8088136949124935.28425600844264023795      
