   8088153109147186.90754048716343167259      
   8088153109143835.41268728886047201677      
   8088153109137199.16044221989065580135      
   8088153109124490.62784121390306752136      
   8088153109100729.47302027217734814862      
   8088153109057770.24343754406890295502      
   8088153108983607.69623481057915345433      
   8088153108862165.73959760996597918251      
   8088153108673605.61226984714777836407      
   8088153108394958.45982636493782367334      
   8088153108000914.94811210248914839192      
   8088153107464592.52358782911802778572      
   8088153106758141.16667284696601373638      
   8088153105853212.85610010824714024690      
   8088153104721267.80893544925986696822      
   8088153103333519.74073903017751554882      
   8088153101661112.15147610580400450164      
   8088153099675334.25264365787563557685      
   8088153097346924.89440164252844299615      
   8088153094646699.34575249682424073240      
   8088153091545043.39938020154484283990      
   8088153088011785.51069347418241382418      
   8088153084016735.46120764390140966613      
   8088153079528512.18808417012584403589      
   8088153074515603.48897575178276883861      
   8088153068944850.47919855911032992191      
   8088153062782872.40365856774001413181      
   8088153055994371.06848704524351224322      
   8088153048541863.59218723766079384412      
   8088153040387237.35867828211541375166      
   8088153031487781.49373395916889100971      
   8088153021798636.80261475635597754642      
   8088153011270019.59228726485370196842      
   8088152999845450.15112152892957714852      
   8088152987460580.20224692012706734466      
   8088152974040476.18800053570565556423      
   8088152959492736.08130574643411024073      
   8088152943704911.86355820976246092709      
   8088152926539814.03001883398594812867      
   8088152907845888.41106618395684649779      
   8088152887509989.96840099914470102564      
   8088152865585714.66555697816230707884      
   8088152842434846.82392995716545195436      
   8088152818612397.57434147642430214819      
   8088152794492899.68742552411741452995      
   8088152770086920.57305880894144589546      
   8088152745158585.77700964703820206512      
   8088152719398332.40913613003574094036      
   8088152692516387.69309624686249650741      
   8088152664269812.84664115546504851387      
   8088152634459800.46414179355250142090      
   8088152602921322.45563545866675515036      
   8088152569512987.10478658940862565097      
   8088152534109308.24003378703534251903      
   8088152496595110.01098972430526696208      
   8088152456861851.92392033437841610596      
   8088152414804884.35863994675720355706      
   8088152370321766.52131356954894937390      
   8088152323311075.80106297879232710602      
   8088152273671392.84351667000769458508      
   8088152221300990.59296497464598906402      
   8088152166097066.09069500146520104080      
   8088152107955911.15617790480550681510      
   8088152046772320.66128398034080242487      
   8088151982439561.20717931253538372609      
   8088151914849521.77603511140233311268      
   8088151843892211.28134350631912716928      
   8088151769456005.94272022741793761336      
   8088151691427529.48641032813723383572      
   8088151609691613.27079797426521844822      
   8088151524131439.82174006962210662496      
   8088151434628273.84675259178582365331      
   8088151341061798.19962170193800075207      
   8088151243309641.11771492783276147742      
   8088151141247798.42573489759248829209      
   8088151034750621.17969408870125553896      
   8088150923690389.08336292528292307998      
   8088150807937883.70043684444334289654      
   8088150687362045.93873386871045866927      
   8088150561829912.57688770794440634871      
   8088150431207100.81487524677843301002      
   8088150295357185.02760520778831872680      
   8088150154142012.71339213384500830585      
   8088150007422035.82809163227040626706      
   8088149855055442.94070803908194756873      
   8088149696899013.73375469764002172572      
   8088149532807975.02881950827631871766      
   8088149362635300.08861021705759215134      
   8088149186232678.65721712613245302555      
   8088149003450000.10259904698389153612      
   8088148814135019.13665126202868578022      
   8088148618134488.99642676559232855934      
   8088148415292838.00850339807425887911      
   8088148205452683.92586901227316614239      
   8088147988455813.43554484684162531917      
   8088147764141238.89435284969849438135      
   8088147532346457.17890059706432162069      
   8088147292907784.77889709451956502112      
   8088147045659480.45110873948602124312      
   8088146790433596.76667844149764279808      
   8088146527060679.15009866456502064715      
   8088146255371268.80352072144412593074      
   8088145975190776.51529401744068037850      
   8088145686345351.21548239760372912225      
   8088145388658181.80175983545459019071      
   8088145081952922.18531914761380182712      
   8088144766048001.45942211310191309603      
   8088144440761778.27230130920297478114      
   8088144105912278.08296843758830229135      
   8088143761313590.23381664717094802122      
   8088143406778889.87203249686336502169      
   8088143042119660.70048961748502462047      
   8088142667145502.79509037303703344966      
   8088142281663900.79869021439594671020      
   8088141885481138.84045000438228597596      
   8088141478401321.14628442011952722326      
   8088141060226819.47459024775085850104      
   8088140630758474.36052761154362215033      
   8088140189794831.70504532890512835227      
   8088139737133282.94419618676220366544      
   8088139272568836.13001291139657917845      
   8088138795894908.61650292502748326676      
   8088138306903440.39176021030304327992      
   8088137805384070.84168036823880619003      
   8088137291124444.15412384212616989532      
