   330.83792827168043        568.35350354919342     
   330.83792827168043        568.35350354919342     
   330.83792827168043        568.35350354919342     
   330.83792827168043        568.35350354919342     
   330.83792827167883        568.35350354919342     
   330.83792827146920        568.35350354919353     
   330.83792826446393        568.35350354919967     
   330.83792816722706        568.35350354928164     
   330.83792742166969        568.35350354988509     
   330.83792365998994        568.35350355269406     
   330.83790967075100        568.35350356156130     
   330.83786827698236        568.35350358014875     
   330.83776549058905        568.35350359814333     
   330.83754297960013        568.35350355394917     
   330.83711115905470        568.35350326468506     
   330.83634393673145        568.35350230097663     
   330.83507601278717        568.35349984139430     
   330.83310260615292        568.35349444422400     
   330.83018156715434        568.35348374425860     
   330.82603724371143        568.35346400275523     
   330.82036544952211        568.35342943982823     
   330.81283886898268        568.35337127981973     
   330.80311253865005        568.35327651387718     
   330.79082865067704        568.35312633516799     
   330.77562126562151        568.35289449870663     
   330.75712011524206        568.35254560904025     
   330.73495438278792        568.35203369890576     
   330.70875599114146        568.35130115961385     
   330.67816302601904        568.35027831396815     
   330.64282308786687        568.34888364548090     
   330.60239679953031        568.34702479652128     
   330.55656129128170        568.34460027615296     
   330.50501376336251        568.34150179035771     
   330.44747485336546        568.33761707362362     
   330.38369177544365        568.33283305167447     
   330.31344103774029        568.32703915140928     
   330.23653072920195        568.32013061439125     
   330.15280216700563        568.31201163810977     
   330.06213096995737        568.30259823445863     
   329.96442746245287        568.29182068713283     
   329.85963644409981        568.27962556203693     
   329.74773632975422        568.26597721718088     
   329.62873779983261        568.25085880725487     
   329.50268189470876        568.23427278499719     
   329.36963780665707        568.21624093816285     
   329.22970026137244        568.19680399852041     
   329.08298671198162        568.17602086334728     
   328.92963438668755        568.15396753267976     
   328.76979719442346        568.13073571519431     
   328.60364266246728        568.10643127902131     
   328.43134893285958        568.08117256800074     
   328.25310174628504        568.05508855352195     
   328.06909164092036        568.02831698436160     
   327.87951126429829        568.00100250236369     
   327.68455283639787        567.97329477213873     
   327.48440586273591        567.94534667640448     
   327.27925497505606        567.91731256390472     
   327.06927800682547        567.88934659578695     
   326.85464426578670        567.86160119420992     
   326.63551298852258        567.83422560138979     
   326.41203199176960        567.80736455623196     
   326.18433649293246        567.78115709501662     
   325.95254809780499        567.75573546582677     
   325.71677393483651        567.73122416865374     
   325.47710597124671        567.70773913628636     
   325.23362033324815        567.68538692737422     
   324.98637691085480        567.66426417133539     
   324.73541895154256        567.64445699499800     
   324.48077272178176        567.62604059255773     
   324.22244734403694        567.60907885006316     
   323.96043456627336        567.59362411274310     
   323.69470872079643        567.57971690705642     
   323.42522659315097        567.56738581300601     
   323.15192739387840        567.55664736959329     
   322.87473272605706        567.54750601082549     
   322.59354658739926        567.53995405963883     
   322.30825532339855        567.53397174129839     
   322.01872760561059        567.52952724819625     
   321.72481443343833        567.52657678365574     
   321.42634896885050        567.52506461508938     
   321.12314660106580        567.52492326010406     
   320.81500468507460        567.52607352123243     
   320.50170248614683        567.52842463125091     
   320.18300083740985        567.53187427698697     
   319.85864202193375        567.53630879731782     
   319.52834932347969        567.54160319518598     
   319.19182678398130        567.54762127465619     
   318.84875720880666        567.55421550089068     
   318.49880694182656        567.56122751892224     
   318.14161771947141        567.56848752475241     
   317.77681091419748        567.57581473360290     
   317.40398527806360        567.58301708039016     
   317.02271627619263        567.58989126043753     
   316.63255501910362        567.59622261559059     
   316.23302704646238        567.60178488693202     
   315.82363109077556        567.60634009063153     
   315.40383768547986        567.60963827986780     
   314.97308759195772        567.61141717031137     
   314.53079006802636        567.61140187883495     
   314.07632092723560        567.60930442019026     
   313.60902054501184        567.60482330584819     
   313.12819143778921        567.59764291377883     
   312.63309591144377        567.58743293510179     
   312.12295327717891        567.57384765267443     
   311.59693668658849        567.55652505711032     
   311.05417014147002        567.53508606323896     
   310.49372489579480        567.50913348074891     
   309.91461567662907        567.47825093681774     
   309.31579650627174        567.44200166204860     
   308.69615643189030        567.39992718111159     
   308.05451473676891        567.35154587341674     
   307.38961598182277        567.29635142427560     
   306.70012472183748        567.23381115169991     
   305.98462003561599        567.16336418830701     
   305.24158950277786        567.08441970575780     
   304.46942377564056        566.99635474853380     
   303.66641027775540        566.89851230164538     
   302.83072751768509        566.79019916652737     
   301.96043944740171        566.67068386720734     
   301.05349027717887        566.53919464042110     
   300.10770026204051        566.39491755766471     
   299.12076226687520        566.23699490518788     
   298.09024010706190        566.06452384510646     
   297.01356884958869        565.87655577131090     
   295.88805760420558        565.67209616566129     
   294.71088805337394        565.45010364277516     
   293.47915334380423        565.20949871661185     
   292.18983099963157        564.94915722142389     
   290.83982884583344        564.66792135193043     
   289.42600373436716        564.36460462983746     
   287.94519190493747        564.03800020228937     
   286.39424475227224        563.68689095353398     
   284.77006913385247        563.31006128960803     
   283.06967064168805        562.90631037755929     
   281.29019802342526        562.47446615026149     
   279.42898632134887        562.01339967875140     
   277.48359577901925        561.52203889483405     
   275.45184329129125        560.99938093988260     
   273.33182453704120        560.44450216842108     
   271.12192398304683        559.85656538607532     
   268.82081322033633        559.23482407688107     
   266.42743445030919        558.57862123167354     
   263.94098614142484        557.88739143680766     
   261.36085220443181        557.16064425051979     
   258.68662789138693        556.39797538366793     
   255.91803626387107        555.59904717230950     
   253.05492420776437        554.76359068696263     
   250.09716995691974        553.89138267295812     
   247.04475003235390        552.98226738598271     
   243.89768011665461        552.03614237792249     
   240.65602835842748        551.05296473777980     
   237.31992967302182        550.03275718578982     
   233.88961175805446        548.97561701046982     
   230.36543191307288        547.88172739439653     
   226.74792431224620        546.75137067649143     
   223.03785646936794        545.58494276615863     
   219.23629385105153        544.38296795170425     
   215.34467115932111        543.14611311849569     
   211.36486805550581        541.87520016312806     
   207.29928811177481        540.57121572077051     
   203.15093743919900        539.23531674515198     
   198.92350114964063        537.86883116272804     
   194.62141366166347        536.47325244232297     
   190.24992019400528        535.05022778028570     
   185.81512572134588        533.60153971797456     
   181.32402817978428        532.12908157044876     
   176.78453268509128        530.63482794818356     
   172.20544400098737        529.12080162704842     
   167.59643408742804        527.58903890198144     
   162.96798304282933        526.04155535463940     
   158.33129074756130        524.48031397169109     
   153.69815877308673        522.90719727203543     
   149.08084240298331        521.32398445715830     
   144.49187477079829        519.73233400014522     
   139.94384192650372        518.13376400412903     
   135.44927165131259        516.52967746388833     
   131.02024508354569        514.92130957783888     
   126.66828699086398        513.30976263388322     
   122.40412796870174        511.69600034200403     
   118.23751990985750        510.08085272739470     
   114.17708534890684        508.46502258673706     
   110.23020705005490        506.84909289283684     
   106.40296142672561        505.23353511054012     
   102.70009583008415        503.61871815593179     
   99.125046960062107        502.00491792567618     
   95.679995207592711        500.39232720415674     
   92.365948131983757        498.78106574038742     
   89.182845280841789        497.17119027596510     
   86.129677197073576        495.56270416692428     
   83.204612519801913        493.95556776688761     
   80.405123916937498        492.34970570400117     
   77.728112844457797        490.74501601385992     
   75.170025787218634        489.14137711428816     
   72.726961173690839        487.53865424113718     
   70.394765143201013        485.93670496526585     
   68.169115530600507        484.33538392771470     
   66.045594267613623        482.73454676865413     
   64.019748393569969        481.13405330594401     
   62.087140747186105        479.53377012544127     
   60.243391104533082        477.93357258800631     
   58.484208806391337        476.33334626348142     
   56.805418069905606        474.73298796565973     
   55.202977121172367        473.13240661836829     
   53.672991756899080        471.53152359523602     
   52.211724554451784        469.93027295185277     
   50.815600325433813        468.32860139605293     
   49.481198932962442        466.72645863046233     
   48.205295196321742        465.12383605041902     
   46.984795459789495        463.52070674427506     
   45.816776619563683        461.91706555638376     
   44.698470920751554        460.31291842565685     
   43.627260771301493        458.70828193809876     
   42.600672710982785        457.10318252404193     
   41.616371569251896        455.49765621111220     
   40.672153863197252        453.89174790246062     
   39.765941466431997        452.28551088832876     
   38.895775149489054        450.67900634166000     
   38.059808343438348        449.07230288148236     
   37.256300794860785        447.46547590492145     
   36.483612658148061        445.85860721612454     
   35.740198724429881        444.25178454467999     
   35.024602811871418        442.64510103330304     
   34.335452524498102        441.03865482981394     
   33.671454221006044        439.43254865763834     
   33.031388226736219        437.82688940759925     
   32.414104356954851        436.22178775070864     
   31.818517643693024        434.61735776307859     
   31.243604342533121        433.01371655159789     
   30.688398136492765        431.41098393280407     
   30.151986645740244        429.80928212018813     
   29.633508050786016        428.20873533785561     
   29.132147963165803        426.60946948324494     
   28.647136569807838        425.01161199216932     
   28.177745899027435        423.41529150437259     
   27.723287214360951        421.82063756051548     
   27.283108635643988        420.22778034677799     
   26.856592913446303        418.63685049478249     
   26.443155270390456        417.04797855341644     
   26.042241698381801        415.46129597405638     
   25.653326695139800        413.87693295651241     
   25.275911871966237        412.29501966452665     
   24.909524278819259        410.71568565411934     
   24.553714885842265        409.13905968340720     
   24.208057183092251        407.56526952766626     
   23.872145886484592        405.99444188057913     
   23.545595694902008        404.42670214191264     
   23.228040145837827        402.86217427959713     
   22.919130544663233        401.30098072127612     
   22.618534970773769        399.74324229828431     
   22.325937303007017        398.18907796145112     
