   44856513694.8125532425847454598610923      
   44856513694.8082158175304606926071050      
   44856513694.7767144218601620290063604      
   44856513694.6196530862395111890964836      
   44856513694.0285970829695099262337370      
   44856513692.2334738983986530170101449      
   44856513687.6175383204297935760744555      
   44856513677.2123925503425563016136780      
   44856513656.1892856999714970962194711      
   44856513616.9484196769943107249805745      
   44856513549.0242276947003168504593110      
   44856513438.3519019056971042451215762      
   44856513267.1179973628040695295066914      
   44856513013.8336502097984276746092077      
   44856512653.7537138387192450145733802      
   44856512159.5115280976981677991131753      
   44856511502.8413826445117414792802605      
   44856510654.8334096080547059799852372      
   44856509588.4033243308891987098401272      
   44856508278.8071936822312757026996507      
   44856506705.2043220177048161463246540      
   44856504850.6979096481750341246053751      
   44856502703.0099327989672063020132484      
   44856500253.3109244330022681421728145      
   44856497495.5812348602422344879684432      
   44856494424.7073314870361115024746233      
   44856491035.0860628479496068917548017      
   44856487317.9778636573098056360557084      
   44856483259.7340028582369629393754036      
   44856478839.1365312772665636392395983      
   44856474025.6812268411759711788222050      
   44856468777.5525467858144478073426437      
   44856463040.3046736038882436702620315      
   44856456745.4233331688468273563976718      
   44856449809.6062557395468209110978174      
   44856442134.2245638229085414258862308      
   44856433605.0643463718311159650558447      
   44856424092.4168300831790703929440531      
   44856413451.4417514581069335439872358      
   44856401522.6433092936887527002067518      
   44856388132.4678365247862986740968395      
   44856373094.0921286334769306865140534      
   44856356208.1753189981925233079366103      
   44856337263.7373361075742014983892443      
   44856316038.7463668725728751052445313      
   44856292300.9176186512429851797970556      
   44856265808.3064644036516054972895449      
   44856236309.7104382715496764968353482      
   44856203545.2218076895423634700785205      
   44856167246.2635918976779148476878286      
   44856127135.7499407999392591450258667      
   44856082927.9744651216959091253102024      
   44856034328.4004833912318887467011982      
   44855981033.2058263727661379084797981      
   44855922728.7455448046337311506723942      
   44855859090.8503851783193577532705643      
   44855789783.8452851022556537541566047      
   44855714459.5636620863412864370573442      
   44855632756.1244199989628487341209949      
   44855544296.5295600606454303317683139      
   44855448687.1331732887216731304677171      
   44855345515.9445136009311596326372337      
   44855234350.7880562811089837351900109      
   44855114737.1449695828953286465194450      
   44854986196.1237068033413363817918552      
   44854848221.9903599437972962945470229      
   44854700279.6157033431725154449305407      
   44854541801.7238812093943408531553247      
   44854372186.4714003173333542052222503      
   44854190792.5168900842148856820599801      
   44853996938.1440331460988177710458491      
   44853789896.1369689592792807710736169      
   44853568890.3098264687890170843883595      
   44853333091.7375273331054501991681511      
   44853081613.9622086753426099889206062      
   44852813508.7137236623385877493981493      
   44852527761.0243298777563526912261660      
   44852223283.9140966809826443389083997      
   44851898912.9538214306570994158826108      
   44851553400.2640674901877945049785330      
   44851185408.3087675241249232850210515      
   44850793503.0912588782884247936310922      
   44850376146.8861257795571874009400035      
   44849931690.8133669353433803065524094      
   44849458366.1026136352621462457091211      
   44848954275.5006170544734075584170982      
   44848417383.4668376637412728085272982      
   44847845505.8487802168770742019694517      
   44847236298.5199649686985816097407877      
   44846587245.1304143301610141994744287      
   44845895643.6720172472697364008390706      
   44845158591.7342327778614189511178378      
   44844372970.5471606980765925799446597      
   44843535427.0651024333376315191385814      
   44842642354.6005241136579420871291402      
   44841689871.3517871681589690044134678      
   44840673796.6515751854550336260931798      
   44839589625.1477661867492615080165400      
   44838432498.4654088451013231576241315      
   44837197174.4822076925552577477485147      
   44835877994.5370151182787219647248791      
   44834468848.7239530660722463749030490      
   44832963139.9839796541864202555530300      
   44831353748.0810404699501771078292522      
   44829632994.4639867266560770092877993      
   44827792610.0040791024889654344018219      
   44825823707.1488529261279404914101984      
   44823716758.7665575494206615495334955      
   44821461585.5203529701900807109825448      
   44819047353.7108159215528895414770007      
   44816462584.2884320311339797277163918      
   44813695173.8745293389696749106776973      
   44810732426.6840130742949563814951997      
   44807561096.2242420278442823524968304      
   44804167434.1308447695681778087475615      
   44800537243.4106220558126927938619361      
   44796655932.9367691677196277981862622      
   44792508570.2539846837632533063686206      
   44788079930.3124734592518378246243767      
   44783354528.0226927726076516645888428      
   44778316691.7292929273222216407406381      
   44772950538.1072997973030024832931355      
   44767240025.7813327103703752436537586      
   44761168961.4459188866615813795774076      
   44754721007.7658045227500942605958427      
   44747879686.2317371675479022299379893      
   44740628376.2139448599489502632009122      
   44732950310.8048040649204704423190978      
   44724828570.8300568382201785835688912      
   44716246077.4204563208266247429460918      
   44707185583.6241151884039665251376226      
   44697629665.9185389031775519678535521      
   44687560715.9044259692574342274780632      
   44676960931.8274345499421237968698692      
   44665812311.3053698092812101449634665      
   44654096639.5703759711465816328295449      
   44641795501.9251120655448971860444036      
   44628890250.7503338460792004157311675      
   44615362019.5548498066184009976224313      
   44601191714.5961107092942455337143467      
   44586360013.0593956178564235956107402      
   44570847360.9940170778184177848886501      
   44554633973.3495043715629885106734607      
   44537699834.6043752491336362733902713      
   44520024700.4414145859129676502307444      
   44501588101.9652135120284321063507926      
   44482369348.8759739983778158537528777      
   44462347536.3195439526032559327560721      
   44441501552.0909246249919024583691238      
   44419810084.8714913791727293609682947      
   44397251634.7070809395239004011482607      
   44373804524.3231007820611392818900180      
   44349446911.4115822062328528955790583      
   44324156802.9230017096014838308830084      
   44297912068.1173270042319018370250079      
   44270690481.0702107304545230007938169      
   44242469628.6755953277381483979743652      
   44213227085.5459496753783987715877793      
   44182940320.6525652978427288876702877      
   44151586736.5230693697561544027352891      
   44119143681.6163415679256539134730291      
   44085588459.2290293606926353267619528      
   44050898335.4862938888400083998969938      
   44015050544.8497004255559940280872509      
   43978022292.7528143153402326759127095      
   43939790756.2770571020689327244205768      
   43900333081.8345057039863794952385372      
   43859626380.6528464367761511891291508      
   43817647721.2253939220286835218882541      
   43774374119.9194373466948894788089259      
   43729782529.2366821712046084444353733      
   43683849824.4744113643309504745692365      
   43636552788.9261445262162822409576845      
   43587868098.3621843707611649343002588      
   43537772304.8641814432078349867205742      
   43486241821.0033941737184736677405457      
   43433252904.2926642482831584102870872      
   43378781641.9085899203673793540466352      
   43322803938.3547842967267151440109693      
   43265295501.5893059354843027489176191      
   43206231833.7460243011592916267833046      
   43145588220.7702029485770539558403046      
   43083339725.3094961083376879465731864      
   43019461181.4793565322827132288539315      
   42953927184.0184926530698073841978956      
   42886712093.9008373023507925303820635      
   42817790029.2685637309360818215836356      
   42747134865.4626052498335654100635362      
   42674720234.3118788721140591877118862      
   42600519523.8511700252727598339689829      
   42524505878.8177660805317887393510970      
   42446652201.4849740045936023039250426      
   42366931192.9174216229966308996370175      
   42285315192.0909737866331915586119530      
   42201776424.6104310562923324197199898      
   42116286837.4340952888996506561718099      
   42028818143.7846866708880143126902471      
   41939341823.6050152808916178434937369      
   41847829127.2120286469290662112816972      
   41754251076.2190515755530170660308691      
   41658578466.5332742843464264386825618      
   41560781868.3175686922390626668895334      
   41460831629.4952523173284146245505402      
   41358697878.4049056105306664793364068      
   41254350523.7007693399841719824198351      
   41147759253.4563041868004090535729751      
   41038893547.3622456490347596562866084      
   40927722665.1914555710377967420216801      
   40814215652.7279684539980334935024577      
   40698341347.7996233161108559204038581      
   40580068375.4796348158424638359090565      
   40459365152.7326178729803172882724192      
   40336199889.1797915711782592285372142      
   40210540587.3219441080482152491082445      
   40082355044.1060907519703078111457988      
   39951610851.5421330355475304855250935      
   39818275398.1057572076044018388457868      
   39682315869.1078595302114098962241233      
   39543699248.0832243174576842618472050      
   39402392316.9161109220037209753839454      
   39258361657.5337757688775816761601527      
   39111573651.5379989704310035419125712      
   38961994481.3014894248203079819663595      
   38809590131.3503513656763976264055272      
   38654326387.9547095792565197755289208      
   38496168839.6637529239995856442488665      
   38335082877.2622652615808598816181630      
   38171033696.2912632584938789577180331      
   38003986296.0801190749316785426722168      
   37833905480.3267767581735308248051265      
   37660755860.6845668789775223176528673      
   37484501844.9168187881774043631436195      
   37305107655.0128713028119109879492200      
   37122537318.0525422947789531838886099      
   36936754664.7868036579650105495598992      
   36747723333.2882787659958306006973450      
   36555406769.0781013943272754736908080      
   36359768224.6479915777096512126924044      
   36160770759.2845746407915098011543021      
   35958377240.8653145931118839542153978      
   35752550344.7142335395371275577849102      
   35543252552.3353423231973372233886328      
   35330446156.5364273922970356817959885      
   35114093256.8699961197573201140583191      
   34894155755.6256263078447097378597504      
   34670595379.7673684594852921138038473      
   34443373650.1106629225316932275103340      
   34212451901.7799448672309335477253276      
   33977791279.4649570292613992229521792      
   33739352733.8423801560642905010046422      
   33497097026.6760800415134026397812851      
   33250984732.7145080128476681018700288      
   33000976233.1432895787737861587924314      
   32747031714.8061742926224253542684470      
   32489111184.5304672065812656630962086      
   32227174445.7625783323675153681620643      
   31961181121.4173693519802174646030580      
   31691090641.2231724180985482528485394      
   31416862241.1362694335226287597048803      
   31138454976.5174182369340191105674510      
   30855827705.1171839187437466500298538      
   30568939096.5528642502918935197766115      
   30277747630.7008751517960935658200292      
   29982211597.6367148073018664870742345      
   29682289097.3849657288702563550528991      
   29377938036.8170979344531732019251721      
   29069116142.9086037422291979711283947      
   28755780945.8026499890221355635780756      
   28437889780.5173185662486767265228087      
   28115399802.1516068497315394102526391      
   27788267972.2849590848068838759783471      
   27456451061.3666927184513232530128724      
   27119905654.0909333732156567035492657      
   26778588140.7714109271001054015635811      
   26432454726.3610117752271688500338644      
   26081461423.3276076753990796503131073      
   25725564060.7103585427512575317870391      
   25364718262.3578821344877987923533359      
   24998879478.5475329763257614507859039      
   24628002964.1539514390364678700034709      
