   44856513694.8129263850526657716125136      
   44856513694.8129263850526657799737016      
   44856513694.8129263850525855066793030      
   44856513694.8129263839423514966346008      
   44856513694.8129260300757945402513952      
   44856513694.8129047291901483598314179      
   44856513694.8124255455727036855060123      
   44856513694.8069706032318892275628096      
   44856513694.7690952964185241319311691      
   44856513694.5864566293449911396047323      
   44856513693.9162767821693810068495615      
   44856513691.9200368413895271104017061      
   44856513686.8646979016143109415307027      
   44856513675.6071031727862271421961948      
   44856513653.0798108089734189549430437      
   44856513611.3830353034127150039660599      
   44856513539.6989870383766617929022345      
   44856513423.5755061559829693078579272      
   44856513244.8046183419140161366246613      
   44856512981.5299021896367219239977950      
   44856512608.7038526876191700810348311      
   44856512098.7568284419781778665499934      
   44856511423.3513417760085027869857909      
   44856510553.6720428449100764304045963      
   44856509462.8346149623400088488913563      
   44856508126.4613247974354517168396637      
   44856506524.1179858016058873096236642      
   44856504639.3590820432162355746128156      
   44856502460.3465398135317464487072209      
   44856499978.5832747822278358460966286      
   44856497188.2357713389832067439707858      
   44856494084.2314680662302478103036463      
   44856490660.7024683282741151222646768      
   44856486908.5947493412394757799751443      
   44856482813.4834376022040271753528114      
   44856478353.2897925749828192636730477      
   44856473496.4119937175550277801431255      
   44856468199.7709242967334639911210531      
   44856462407.4890109642930827946188344      
   44856456049.5533079906234761109363984      
   44856449041.0499467955643516514245085      
   44856441281.7433764018890439152542529      
   44856432655.7727047834150056705944772      
   44856423031.8273099910598857051270510      
   44856412263.4989264247253686441910557      
   44856400189.7888698459410763761272271      
   44856386635.7170728830381620908930527      
   44856371413.1121190036145188876011535      
   44856354321.3622948840481699942178334      
   44856335148.3083584177525334911224376      
   44856313670.8065346880431789551396038      
   44856289655.5304320971287110452812342      
   44856262859.5497897141592458822010867      
   44856233030.7265279021351083204788374      
   44856199908.2400933816789704052068521      
   44856163222.6190512138063282601911308      
   44856122695.8800346954908035470289435      
   44856078041.4040770413399469518373840      
   44856028963.7040145753444385032610845      
   44855975157.9541554124515751889886383      
   44855916309.4485409456264354520826196      
   44855852092.8467061103547967303843272      
   44855782171.2217848892368166793402323      
   44855706195.0278322886149903739387606      
   44855623800.8655871443354006716244887      
   44855534610.0626879744663823814266023      
   44855438227.1363927538365780355980977      
   44855334238.0638288937711194131623263      
   44855222208.4335907415161966951358073      
   44855101681.2680462890675632186866600      
   44854972174.9728237402421357073002018      
   44854833180.8609371962300681945026174      
   44854684160.5625857824159458772305721      
   44854524543.2617758085924239138087964      
   44854353723.2720841239234231679272271      
   44854171055.0337992734520000073915212      
   44853975852.2770351250720460093416949      
   44853767382.8455469943436135401171055      
   44853544865.1722257047836823680967838      
   44853307464.5504099987995762117561104      
   44853054288.2441251136044359609203764      
   44852784381.2166772243115147207324197      
   44852496721.2027481513127463172111504      
   44852190213.3538752084629720655107255      
   44851863684.7790333907599039563527680      
   44851515878.5034309496561959375747354      
   44851145447.1870676208540892689341390      
   44850750946.2167999344419375633965436      
   44850330826.8147070102781581273271951      
   44849883427.7053359048391018157468775      
   44849406967.1374540507627732407365649      
   44848899533.8246886883421506241305821      
   44848359077.1410337412037529583781459      
   44847783396.6869130359189523840158239      
   44847170130.8708501200976822565119087      
   44846516744.5262855838872704404858782      
   44845820515.3266980651974059161141681      
   44845078518.9863868153796720060522845      
   44844287612.9304966728043674954187614      
   44843444418.5625719451244462092703552      
   44842545301.3274701126335789007988594      
   44841586349.2006676049087673273843673      
   44840563348.7574118205030832343730229      
   44839471758.9783906568837964029542418      
   44838306682.7089717662251398640033499      
   44837062835.6959826878789522758316385      
   44835734513.6027742540397434026848902      
   44834315557.1397885602709372123391711      
   44832799316.0300768034758154455209594      
   44831178613.1165088468265600731949882      
   44829445709.3360659495848153126157608      
   44827592271.8976323286426742917010776      
   44825609347.0252318202959017298065427      
   44823487339.5675819278306444434457584      
   44821216001.5426044245800621862975803      
   44818784430.8434247933830384818911706      
   44816181081.7615321506142968522570262      
   44813393787.1143648375268273733240469      
   44810409791.2496234223842180814305140      
   44807215792.6112855036755694593993179      
   44803797993.2582667643528251832279848      
   44800142152.2789837933897276273354944      
   44796233640.3125425915706593806065086      
   44792057492.0464930733244558209278612      
   44787598454.2905675953100308225641143      
   44782841017.6968268756077940503688642      
   44777769490.3885938489789789615637035      
   44772367970.5340302211258245814589537      
   44766620400.3304715037390329429987178      
   44760510571.0402505726877787348750632      
   44754022130.4977559921794398217439619      
   44747138585.3675208003965431744045690      
   44739843299.9228748665157385108632536      
   44732119491.5980504260984435433469361      
   44723950224.8219014714684738231138434      
   44715318403.5115973437421669866358012      
   44706206762.5725143078788894543669405      
   44696597859.5080994770698504700472695      
   44686474065.9553890242212972338005640      
   44675817559.5862268541961709776330831      
   44664610316.4347446537723831185428044      
   44652834099.4670941569443187436345723      
   44640470471.5874979559606272616410539      
   44627500761.5719851013688872185661777      
   44613906079.3620006904312585099738313      
   44599667307.4466534774223350186258687      
   44584765098.5652088637779364572112786      
   44569179874.5447601142030664861401418      
   44552891826.3133500229243151710456263      
   44535880913.8912308767460149413368292      
   44518126869.6951325475438107625405078      
   44499609200.9851069455314093935636095      
   44480307194.9515680889155844725619126      
   44460199924.2464518581468231323385430      
   44439266255.6512393606676911660842933      
   44417484857.4551181949924562587437883      
   44394834210.5567757560941383647019790      
   44371292619.7913563052811556440601114      
   44346838226.3928220657200157091382987      
   44321449021.9692701544540906386184896      
   44295102862.7789664636278468099622877      
   44267777510.4695036302429247353237954      
   44239450541.8028386563184622832626393      
   44210099522.4696614979269742514145026      
   44179701913.8524233176059180703756696      
   44148235112.2927278453657482505899537      
   44115676461.1129491936513693334774074      
   44082003259.4132161016536889206938394      
   44047192769.7585317142220670548827893      
   44011222223.4255636702881258486189565      
   43974068822.9362950246819877018247480      
   43935709742.3841039673631638945921020      
   43896122124.5735698504865531913463228      
   43855283076.7734851049284518149203212      
   43813169662.4683162807299423272803488      
   43769758891.8987121429722188596130879      
   43725027710.1288881479465728158203679      
   43678952983.4858347860546809526144564      
   43631511484.7845028185772054435919821      
   43582679877.5304650699054723135436134      
   43532434699.8828595250833278423282345      
   43480752348.9782006831161733265786168      
   43427609065.0549116849289576046601063      
   43372980916.7833769163289214481810765      
   43316843788.4845051610032558525282732      
   43259173367.3242381904129170283216698      
   43199945132.6601582330116032638588413      
   43139134347.7712310813635457770282696      
   43076716052.8849579286059498650836028      
   43012665053.0649391456504610126693613      
   42946955922.7621236392997763271131652      
   42879562996.0842307792888402817265085      
   42810460366.0656191187757913400734085      
   42739621882.4654559947772446322074191      
   42667021151.3906291267362668153928857      
   42592631535.3447592887483865882972749      
   42516426153.6510394762382298481661030      
   42438377883.2003170942704535669881957      
   42358459399.5862223192695365234130584      
   42276643017.3010783676844085481294608      
   42192900936.5160892042446842253936200      
   42107205080.0691599282523705314398047      
   42019527136.3870918517035397442564703      
   41929838561.4382481516097099704187630      
   41838110580.9315050284234315685161665      
   41744314192.6629645639976008852233627      
   41648420169.2201746864663047827086569      
   41550399057.2791925329621202044664588      
   41450221182.5451822966885153809584542      
   41347856648.8854432029465945833900777      
   41243275340.9437355738061323606833327      
   41136446928.8791023744877132906210527      
   41027340864.0468382893193907439612370      
   40915926386.0124892322873082746770999      
   40802172519.6961986896201017312207968      
   40686048079.1882953836878022666097227      
   40567521668.5092889674686005030848279      
   40446561682.1721278176972883586420918      
   40323136308.4915485894836963906492155      
   40197213528.0956900531590544135226847      
   40068761116.5874167891240978603332219      
   39937746644.2840956006832301287680671      
   39804137478.4677451154101080538708688      
   39667900783.2217477335675817089448069      
   39529003521.0615838343179399119597385      
   39387412452.6201521492414681226769292      
   39243094138.8875346395188737027164603      
   39096014940.5926362215216607298739768      
   38946141019.1926881859902862442231290      
   38793438338.4825492926076824896777981      
   38637872663.9183236780391829790685187      
   38479409563.4707883747781808404194905      
   38318014407.0724071450761751620034249      
   38153652369.9989908228333076268924193      
   37986288430.6975853263031889938103840      
   37815887372.6767598614562934520542293      
   37642413787.0385306769615930827826598      
   37465832061.1225707732716165350120101      
   37286106396.6083504558959334629726363      
   37103200800.3544123341745253187050793      
   36917079082.4019118044534832766979142      
   36727704860.8917217502488083520711804      
   36535041561.0549161913981040996988293      
   36339052415.1596110775811105683114727      
   36139700462.2084328754070215759474743      
   35936948550.1068615691501727807546332      
   35730759333.7219638196405630274840761      
   35521095274.7251787553670154726300534      
   35307918645.4369921108531643086918850      
   35091191525.8520337676223604146138688      
   34870875797.8450913657617804848022968      
   34646933168.0461699920996971329885151      
   34419325137.8459076377714477205709412      
   34188013022.0778407558778025397930833      
   33952957945.3643470908444514590843912      
   33714120838.2984285033126310483919992      
   33471462442.7454119796810550191863082      
   33224943313.5683352173369241834947948      
   32974523811.8422842574481922167002253      
   32720164107.4449261009490417750693119      
   32461824178.2097012527041166046096080      
   32199463816.7661380254558298007434682      
   31933042622.9953962676239602362485315      
   31662520006.6262404541928159288189416      
   31387855183.6394316697501261070069742      
   31109007189.7163406445042127915270883      
   30825934862.5070579439077292480857950      
   30538596851.7501340628524381697051068      
   30246951617.3698639026437127816142682      
   29950957429.5453544752965300995652026      
   29650572368.3419333132402426202745442      
   29345754320.7742777388099952612354493      
   29036460993.9075227312645160277664578      
   28722649897.8864184749247210469370475      
   28404278348.0104406549700366516619085      
   28081303479.4057084623393162133702253      
   27753682233.7271910201131455284173554      
   27421371361.3644310184587346191597226      
   27084327427.3785465909729370133116458      
   26742506802.2520649454496788764585551      
