   44856461700.2482177667122374221355127      
   44856455271.4718553542562353886609346      
   44856448181.2863893163917729848358170      
   44856440327.6574853238424754769680144      
   44856431592.9156435166335202154356890      
   44856421843.9769483492673724528540406      
   44856410932.7089672604907436153903400      
   44856398696.4661461479479827190775850      
   44856384958.6762115212848701605927009      
   44856369529.7100360938479844861311680      
   44856352207.5536519673614573741255573      
   44856332778.7498954278675135935141835      
   44856311018.9405741889353725799534844      
   44856286693.6422221967156181337015619      
   44856259558.8517722278891789490742881      
   44856229361.3973390968343569496097145      
   44856195839.4504727347851076653506225      
   44856158722.5521102308291682914380175      
   44856117731.7209346925171176229947664      
   44856072579.3342464569725464546866299      
   44856022968.8393122085333525075378340      
   44855968594.2917083975259910006019807      
   44855909139.8062797436637469256159514      
   44855844278.7475630920360682566594256      
   44855773672.7685005379194395945035851      
   44855696970.7939361971579233539307789      
   44855613807.7042371545765220788502115      
   44855523803.0132082711480837936624314      
   44855426559.1264575975556865947988812      
   44855321659.7690680480004620564981434      
   44855208668.0291739419793662211985831      
   44855087124.1816742018407156580246961      
   44854956543.6109650901167933465917770      
   44854816414.3335603809611968651899277      
   44854666194.3510735135649489447062541      
   44854505308.9086644167835962773557188      
   44854333148.0142172316105582959341958      
   44854149061.4043944188016323113092260      
   44853952357.7245243940011258047028242      
   44853742299.2084086390265853153208076      
   44853518098.5839888455361882140647574      
   44853278914.3852443450722876425437106      
   44853023846.9734275287941231371241081      
   44852751933.7738087486290094006395980      
   44852462144.3688207039892626367616760      
   44852153375.1575770082233201383825788      
   44851824443.7878496474605531407678807      
   44851474083.1448028457825901258850928      
   44851100934.9560594667455498543746562      
   44850703542.9006683852463890594258701      
   44850280345.5668873624786414989299321      
   44849829668.1132083571317378130414849      
   44849349714.2809838005747274827304375      
   44848838557.0842080377091763124863350      
   44848294129.0816682619701633766384327      
   44847714211.8023888771083928878850467      
   44847096424.1258591007930137247159121      
   44846438209.9163632335690251120150519      
   44845736824.1883135679094636405971630      
   44844989318.1839714260735769355915453      
   44844192522.9341885807318943092936143      
   44843343031.1423218891843491346903425      
   44842437177.2145607277858349988671751      
   44841471015.4564851134503169175787920      
   44840440295.7879782372882667648879896      
   44839340437.3920451267071021830411809      
   44838166499.7915429092508401601678742      
   44836913151.7713869284049984441589164      
   44835574638.0176263420932533168346858      
   44834144744.0838634691873980655899820      
   44832616760.4242360469649730529541020      
   44830983446.4491953906271256014537642      
   44829236995.7082134186651351035090438      
   44827369004.6954474658372544398545224      
   44825370446.1116173768653573383703216      
   44823231649.4311402234473450092793907      
   44820942290.6047398991045563296626444      
   44818491392.1443345726193776838215342      
   44815867334.8185515415828836618861791      
   44813057881.2966682581416421168603363      
   44810050210.2365379103533087623389061      
   44806830959.8430265504292772874343209      
   44803386277.9876989902821744017586904      
   44799701875.9163950296299541690387171      
   44795763082.6513251854000815523265922      
   44791554897.1065708716957718574016674      
   44787062035.5484036051549688093214642      
   44782268962.2080580799482754285160584      
   44777159963.1935878678240185122400295      
   44771719116.5084497874226726381205629      
   44765930346.2435740942032680716739800      
   44759777426.8023400789034889863902397      
   44753243989.5505621084855642854376406      
   44746313524.7805096291978873655682318      
   44738969379.9916874107597065794438534      
   44731194755.2220483875566697094968728      
   44722972696.6690529615391697576375852      
   44714286089.0909497374161765622345501      
   44705117647.2334628776324945445862819      
   44695449907.4841093324614364207008516      
   44685265219.3196437911474912321280221      
   44674545737.4730920329927823281917443      
   44663273414.0351141163581650450481548      
   44651429987.5625689787252601381116148      
   44638996995.4870292605176375878059109      
   44625955741.0787966934177652035795717      
   44612287307.9255928709780643520197464      
   44597972551.8475137590321522643046962      
   44582992098.9529808586401545571628451      
   44567326344.4352596596449849555828999      
   44550955451.9007368914451753446554370      
   44533859355.3406512303616527377027737      
   44516017760.6262223727691274105392830      
   44497410148.9891523557467770703848956      
   44478015782.6940230218963176218406863      
   44457813710.1987014043831901880927978      
   44436782774.5355935360570347050405797      
   44414901621.6205592914348853181946039      
   44392148711.5066534425547147934430811      
   44368502329.3448835730761267985207015      
   44343940598.1345287816232410579987588      
   44318441493.2916987768523750222806944      
   44291982856.2170752596552534444207736      
   44264542435.2443455712972284204273376      
   44236097796.1674204748092762595313637      
   44206626495.0009463234472035751373229      
   44176105984.7829071181408715827913652      
   44144513655.2454919772625010341192371      
   44111826844.1934375255869503212348019      
   44078022845.9860847010599100447043800      
   44043078919.4933618703562959351642919      
   44006972292.4828664787432921485288297      
   43969680164.2247551073378126250296539      
   43931179705.4397854943697460339523573      
   43891448054.9671335560230834316166780      
   43850462315.5166659940843515720632227      
   43808199544.9502441107948578503445797      
   43764636746.5644487988358696886331295      
   43719750857.0198552439670992599689096      
   43673518732.5613512481559097384992184      
   43625917134.1248130772154291051600136      
   43576922711.4778655052354721167561497      
   43526511987.3868097621550872638012329      
   43474661341.4048812400991499195400064      
   43421346994.5368382299916120174249692      
   43366544995.0652590410563240768512721      
   43310231204.4608934734600512884085519      
   43252381286.7849710490626477744955694      
   43192970696.5731079834897563194861887      
   43131974671.5341385455267851298267581      
   43069368225.0958156539145775534158880      
   43005126135.6855953037317992464187798      
   42939222949.9733765099172628429878333      
   42871632974.0875620629041680665254788      
   42802330273.1617801961375642245155206      
   42731288668.4470951492626627819674509      
   42658481738.1334103126802582046065144      
   42583882816.1795361198578196851680866      
   42507464993.8366981396045828171992300      
   42429201119.8616092127334969289968029      
   42349063841.6857406915012995370586339      
   42267025446.8783805715347243949027721      
   42183058107.5050750387779931489666697      
   42097133719.6153526899345414835301316      
   42009223944.0181919267871918145368762      
   41919300210.1958569440864382718460567      
   41827333717.7874097251740919006920929      
   41733295437.6598187744207239265847642      
   41637156115.4229776973661018802435107      
   41538886273.5407589180125548948375588      
   41438456211.2638270464495157690928910      
   41335836006.1882815165256494609417791      
   41230995519.2868446604111863341981012      
   41123904393.5028887561352157532504655      
   41014532058.0840405670419664923851718      
   40902847726.2322311783893852570111495      
   40788820398.6908904775988874515788632      
   40672418864.1536218391018414980674792      
   40553611702.4488795387993902088606959      
   40432367284.8185876264203349662428394      
   40308653775.0934330364599114484487526      
   40182439130.2415738894171766973142226      
   40053691101.3639885439832638994336838      
   39922377236.0009236011067527933371591      
   39788464877.2421329458429299392291801      
   39651921165.9488672376789753367413344      
   39512713041.3455001073306002142266580      
   39370807240.5843925097165359989106880      
   39226170301.5463416714875845102579823      
   39078768561.6923430797812192241963930      
   38928568159.5754226450098436495723175      
   38775535036.0011606459862407503919468      
   38619634933.3892819073254093845771570      
   38460833396.7443507102901120957271312      
   38299095773.3689196625395685792465319      
   38134387215.7195094072272259447465868      
   37966672679.5633405947481806605414814      
   37795916925.7457691221239570740138613      
   37622084522.9267939614066178344653047      
   37445139835.2909933210418475425784516      
   37265047042.6300346039580752975452795      
   37081770129.1996217924867420161246686      
   36895272882.2631518364071940215295143      
   36705518897.8134385032846247663678230      
   36512471578.6616188941676153581777790      
   36316094134.7250034144847732860114886      
   36116349582.5096944781186098624224484      
   35913200747.8628661513247053833240449      
   35706610263.2249087790695779984866545      
   35496540567.7886699726175090784290165      
   35282953912.0533446813162022301856080      
   35065812353.6926624602093482874403783      
   34845077752.5302897978864443085445509      
   34620711791.6849336902115342618713490      
   34392675952.1140192111402870222644986      
   34160931525.9009732354996060484015091      
   33925439615.3090630368448221533432520      
   33686161129.0230308047277963510708505      
   33443056786.6216840398955247707342184      
   33196087120.8420156324580972376796304      
   32945212471.1796290693565095462223014      
   32690392984.6793055482818999968558016      
   32431588617.5245446570638534121528971      
   32168759140.1821804685654249368232051      
   31901864130.4567442211764906700955937      
   31630862975.8820425191269905506553478      
   31355714870.5532903689042883567470947      
   31076378828.1745198290497221493394363      
   30792813664.2323954162930009522667748      
   30504978006.4672954645191873121183333      
   30212830292.7580458785927287765535207      
   29916328771.2515932591445667638631795      
   29615431499.9424223712889005012234499      
   29310096343.8869483930377544581893258      
   29000280988.1148860871239445577090980      
   28685942920.6408732057470218706185335      
   28367039435.0073600052153811068163622      
   28043527644.1784055709737254970372032      
   27715364467.6146625812687056839667675      
   27382506634.0920034685242509262239671      
   27044910686.3489758290087313159178015      
   26702532973.1607209323948375614652018      
   26355329657.0111551645025001480149219      
   26003256708.8468751696842588315689263      
   25646269915.4433216726507708726204872      
   25284324859.2494122660118965469762664      
   24917376948.4026741973828800463035860      
   24545381395.8768936704001060429636612      
   24168293226.0930119213843826460595869      
   23786067272.0373484636217165086195390      
   23398658176.9864795145466628176159082      
   23006020398.4262071705755306838650182      
   22608108203.0395582677527952008940439      
   22204875662.1341416294195805345025074      
   21796276664.0400589979883473685355790      
   21382264905.9051860754616934253375269      
   20962793883.8459204601503177035983492      
   20537816947.1157889508303398849510205      
   20107287189.1867887950737684016131884      
   19671157563.7349340612310171780706271      
   19229380821.2127161532597297151029776      
   18781909522.3358654348909790768017857      
   18328696035.6014437095895871148393226      
   17869692539.0936905256271064868522191      
   17404851028.0523643735794173613541104      
   16934123301.4786455930223154878422644      
   16457460974.2247218666472515954235538      
   15974815470.3224501972756359959829597      
   15486138023.8184981305313973152303478      
   14991379687.4698218972091015872208004      
   14490491300.8320254522182260156801406      
   13983423530.2168269290125037478635173      
   13470126855.9518070040905314270333793      
   12950551567.1882096493538038142954616      
   12424647765.7791445067054278233762880      
   11892365351.2277158328581549321985708      
   11353654048.4104070271473923846161590      
   10808463387.1240717315215636018028970      
   10256742708.6795165598044253086546414      
   9698441165.78324323143822042106136884      
