 -0.146582916058422986746200272566253190      
 -0.159143977350352842392136656594878222      
 -0.166809302627390451181945931013027474      
 -0.169192669588516971797233634687741319      
 -0.166452195946838560050455897328092323      
 -0.158068475546039500429395393606327779      
 -0.143727736275400067029931020552275493      
 -0.122969280773783703868752492150421237      
  -9.53283570544995414685062600639039311E-0002
  -6.13551041145653252154965038631508851E-0002
  -2.12056052419453696111780740374956483E-0002
   2.37302123638643717002134567654113602E-0002
   7.14051246021653983426453566336005280E-0002
  0.119819370031785947421575738276604039      
  0.166482356350514192255703320272789742      
  0.208815656524145611095901478716737312      
  0.244157664693247997866071203308331187      
  0.270925521243389396408824128893299432      
  0.287483707486198506776440501718997585      
  0.293047044900258680589812825351740296      
  0.287387642407718009638363032288024308      
  0.271329100600042227431056895123750262      
  0.245590236619226516274370565238308410      
  0.212104779965380071425450539493183875      
  0.172634751630664430713533305375124903      
  0.129532141355764026634866727265548614      
   8.47503135438879757666795131541239216E-0002
   4.03235685493575367406073764283599650E-0002
  -2.37184186791800266558881125435794520E-0003
  -4.18256867395090343756520888778059767E-0002
  -7.68297168996571447187840320389528264E-0002
 -0.106719946001393343007719716682768747      
 -0.130747172803591662647504109061899573      
 -0.148829114252058592384585177641907582      
 -0.161195152318299981365294263763471453      
 -0.167759837290982568180255446375663028      
 -0.169265131347765019874635963351629277      
 -0.166378509105020959832980810085333849      
 -0.159367731689432797724285846106714987      
 -0.149035749238942899582930812609072635      
 -0.136242049797156241839568907545189868      
 -0.121361431321349656764126206343683898      
 -0.105166628710738165497019347136060859      
  -8.82662671329560565585207139948325501E-0002
  -7.10628848959465173078591401843699090E-0002
  -5.37574775611236755572386240218238247E-0002
  -3.69238392715031917289753063342600998E-0002
  -2.06965941054178346205768606532708989E-0002
  -5.40241305995383742494288017458184359E-0003
   8.85125982070665041691670087336225917E-0003
   2.21032494015018545918701615827378893E-0002
   3.41944440926914614143864197885748154E-0002
   4.50183604123085703718471339445133012E-0002
   5.47317695162758001581747612217575538E-0002
   6.33762114417222815088725953184140012E-0002
   7.09715970639596502723790116054120248E-0002
   7.76141490821185549054071702706059708E-0002
   8.31544424671103455884442324298013187E-0002
   8.80715056143038643913984657257157313E-0002
   9.20898264741518719724908303063086082E-0002
   9.55174126879579103857372616108729729E-0002
   9.84054489698773924827273098597222940E-0002
  0.100975479422971757938717253360184578      
  0.103062276144249188821174770364295693      
  0.105148143043382836634414433804370456      
  0.106609689352712731817616810941132457      
  0.107455381010668364175804937301941783      
  0.108366873069354446815709716852702210      
  0.109511982388422779307933783019810974      
  0.110904477810878548586505554399605028      
  0.112164821657841498852274819385175429      
  0.113972851679534328833238343158828863      
  0.115472552722657594406738548345903598      
  0.117121994635345693434750007227015874      
  0.118905088476625386622762278404649118      
  0.120962742781953242174979916619446927      
  0.122713126738985839434498070965760800      
  0.125355351835801160783091626865060056      
  0.127889183235913275889632350588384417      
  0.131178842955891357128325512711352922      
  0.134739182721288963556594192322422285      
  0.139092357773279495731459181815649065      
  0.143610851104415507027282968658156163      
  0.148785144300611521975502466225803512      
  0.154948319187400020737327859356963677      
  0.161554457671064014959603176834535888      
  0.168659606526596698431851654121771068      
  0.176839055317004816511679826390916936      
  0.185530401967608492776407807836428985      
  0.195460464083691160058758095228233528      
  0.205669364676897821458652887851313649      
  0.217507769710354450035339493526136202      
  0.230265924332873031290193956617448328      
  0.244154084727873544021342198058423349      
  0.259514894451344831811042156866841701      
  0.276823324841755845269936008020831061      
  0.295659009898516669233881253552053763      
  0.316585594017453828287151208540869992      
  0.339799076861677918018527557107100944      
  0.365227505654540347137407220262767312      
  0.393594702989669791102879021468507577      
  0.424620806404202622460371987037936363      
  0.458812909665655334270937404645929728      
  0.497976669655724550890494305242925192      
  0.538123449951815836190994055819585277      
  0.583738337040723988570408847382249259      
  0.636427431096249477048535839783739732      
  0.697870648289729484177930528283070911      
  0.764932967570955728974839061508405035      
  0.844130400974383124599324811792440791      
  0.931940190733959100533752718310363616      
   1.03194280889026468088939009493289917      
   1.14788867518893769974098142559718629      
   1.28210932723309199240680225164354880      
   1.43527715692186448582371436993095116      
   1.61722489937816770413699666281467534      
   1.82978561325767759823971789455800940      
   2.07492964353805296645247977567644097      
   2.36202002617159293294281172597641138      
   2.69192961290909081369114782169672450      
   3.06582024331425051602845703892404429      
   3.47622124018068270499329105386618874      
   3.91378437993011909439041476328911405      
   4.36022808162117549672290892025740068      
   4.77352210709882685382233643275511954      
   5.10780904870145742054588847037434359      
   5.29664999759358440125013571124108075      
   5.25719312066411572957430717913895924      
   4.89648846028428575759022881811738151      
   4.11550161324086506871162326337529667      
   2.84173325861277615681414076273091964      
  0.978870489399893208764423964733733658      
  -1.46222176666281746206196097273674506      
  -4.47199841605626871445131384631370249      
  -7.92886145597838819099513839054679921      
  -11.6936906722438617421042540013181775      
  -15.5009556657587696679996684337853121      
  -19.0926606517655035675055303928963027      
  -22.1425661736341207548735010672611824      
  -24.3497056636443789169007627084959061      
  -25.4416784274713817521793565111277477      
  -25.2493027973199156119086905975078849      
  -23.6562867611669186084748433847367466      
  -20.6993102182406384872626562991078632      
  -16.5483877915739150897588273419892716      
  -11.4469966769591975378379561473126748      
  -5.76086251994198156737543173611357457      
  0.119179425423459031728775079795513742      
   5.76801420994333749786506808225411019      
   10.8102464454926788786537802481106511      
   14.9495359350496932069162478878689143      
   17.9467781585240970043793599600163042      
   19.7145534016540977091166061941062037      
   20.2647622245933151152099502786639691      
   19.6943086814704373785023259983346274      
   18.2003500262151379740342431360863373      
   16.0057232126152238526040313102084014      
   13.3850875155141538564581609690254971      
   10.5669691496378273599552437089983240      
   7.76172501049031591325492516430594556      
   5.16068911440640749276572060715202491      
   2.85821781135449698555899000951145803      
  0.924531657278751100737306154143571155      
 -0.621963544302143232946094567837381006      
  -1.76900345083414046580476785107244013      
  -2.59247978667683128985404023404392543      
  -3.10439131613395632255836643007357797      
  -3.38369140681262513052615610338019725      
  -3.44719677695769620513633870534918917      
  -3.37278350934726080247905508763719211      
  -3.17026700169953617420774523045343203      
  -2.87370827894369213470980720444810996      
  -2.48774307050624494951994284341367753      
  -2.02509392036671730679745720635590068      
  -1.52613702609860469479671647103371272      
 -0.968867488505756948310070839242128823      
 -0.407571326080111916257522694118720947      
  0.166375929954863190088361665657012847      
  0.734568630378522576644794692894684746      
   1.28053117750722867111652992125001883      
   1.76221626307729486401342344006312905      
   2.20192646018802611085321486261548960      
   2.55783776116503420120424424938129453      
   2.79818547730488755960286771900531126      
   2.94192845962708206556642981882763519      
   2.96384219287834830450294538530170697      
   2.87286051822129050422671454654567074      
   2.65755839486429305906735809714471281      
   2.33913994214960031499970138829491944      
   1.95587221254898358330789545575564753      
   1.48422519965152001250499877409567877      
  0.972934661763769117411556002186119959      
  0.457453649580050197170552482519996956      
  -5.67958864635050882700430852736027143E-0002
 -0.537611366873070121770289511277169523      
 -0.981395994791578908981105996944582655      
  -1.34318746940862242079147084909028396      
  -1.65187966567468043417894671060092428      
  -1.85957365569578572531205048548508924      
  -1.99005278431759963185730695703482007      
  -2.04967100912685388868861407676167398      
  -2.04472277604362235194210744061939021      
  -1.96615248682076234399950876720406441      
  -1.86612509796757126985323349662170503      
  -1.71936652583221218475365628708277070      
  -1.56738780502951915056794758358630452      
  -1.41007211836001399683131579526030515      
  -1.25932549794482212623733621086401802      
  -1.08114612701609981262540729599902632      
 -0.932644130624161960506414552306965475      
 -0.780778392279329377180809078483989036      
 -0.653077713246700091421545888180050125      
 -0.506645943657130789299690889227483298      
 -0.397331671950274271883732256267277641      
 -0.273972279092898408298089272060723563      
 -0.194174229134706918794978675469757993      
 -0.126938141707301515990243659859652441      
  -7.15636781854346848597952097047065360E-0002
  -2.53091905502209108338508798652397653E-0002
  -1.80067910336172539184435981875129169E-0002
   1.33646057961668914415039618750912876E-0002
   3.84439871831927922680183767512432928E-0002
   3.54534512045363958766954853805378522E-0002
   5.09931732355424164565854466920648459E-0002
   6.31252919264513195129905291443418802E-0002
   8.46912333276855677555429933628122323E-0002
   9.02607136911061710632972035897132291E-0002
   9.37723374348918171873708998796506312E-0002
  0.129056866189726112480956263167236825      
  0.127109653391950174141429384315749593      
  0.125464750231486247792979738097585149      
  0.134591981747062951724346315137914138      
  0.129516550806331191232103178989010623      
  0.123950440029616374936345401145094395      
   9.57216825974766896899246921395267166E-0002
   9.04991249122783246690103550508970077E-0002
   8.64041069229235839096570075869025276E-0002
   5.27001884758157050783460430810999807E-0002
   4.96702974786483479242628409403961641E-0002
   4.65684263894620445182788157770828624E-0002
   4.52418884878250556593579801833795418E-0002
   4.20233170105238583549078500350003635E-0002
   6.60918713661360255730490903435880758E-0002
   6.37038661571645075018568836831768095E-0002
   7.91525169639941503135189228662828303E-0002
   6.33128762653214078812131158797632875E-0002
   6.15886729829250094415106460856771233E-0002
   2.41271451528984788001819013814540990E-0002
   4.39919734123121616006855511740191141E-0002
   4.14921123263982237121347456772706292E-0002
   3.93952233372496313572052989254322200E-0002
   3.52312033613009496350020689268813117E-0002
   3.27183258600449711730592011898575279E-0002
   3.07512870167203242753014959696663646E-0002
   2.82151493949259497888117470502938768E-0002
   2.67161314555872356761768651783814045E-0002
   2.60464477906537042072486550329284488E-0002
   2.40817173190183714439358877077154701E-0002
   2.35678830548925133956210440427192552E-0002
   2.11995066090250110131668164751035457E-0002
   2.20100855242626520405807348778122468E-0002
   1.76294170660330893131807512676838030E-0002
   1.84910309438367126548917814423313298E-0002
   1.67358732962724545681542917661943459E-0002
   1.63054249463550408681955274112755456E-0002
   1.43671532641959259937661099099753934E-0002
   1.62970960628637172132692244981504010E-0002
   1.36662760764371238772323680558893783E-0002
   1.31164060843228582003556429112114088E-0002
   1.17490822865701187886597726521881574E-0002
   1.13040434498101838335198453709515520E-0002
   8.91574607229762595537788383520565665E-0003
   7.98178650834558033885766900489541696E-0003
   8.49384188904492514644062092065412889E-0003
   6.43780316919789154799542508707505588E-0003
   7.53190414029536760608325043952408388E-0003
   7.16850119013986440173758260453563030E-0003
   6.87293585424655895010201562280313519E-0003
   7.16077835633216660683308429882295040E-0003
   5.07129602907102090006634187814719035E-0003
