   3.51970612993979822750495487435941223E-0003
   3.90588135248359298396053140973356076E-0003
   4.20570603158653706422292697841024571E-0003
   4.41902144572313324529522590441972412E-0003
   4.57247227122560554961788484127343459E-0003
   4.63552567326389456099463650290508896E-0003
   4.57760928093664023989142322876973002E-0003
   4.35422852455081508297175254862309392E-0003
   3.90144272531357939790917085885733892E-0003
   3.21346928470589422306356797042488195E-0003
   2.25675697973364489465427971931600842E-0003
   1.06324557355705739013333160900258286E-0003
  -2.90779850099280106676903906234213902E-0004
  -1.73990456017142632415378231718196325E-0003
  -3.18874616004671014686757046512442217E-0003
  -4.52998788893264330611891861054753714E-0003
  -5.64924557472891190192455374585117800E-0003
  -6.49467190677211872100973340563033479E-0003
  -6.99709210819793792382220647175833386E-0003
  -7.13158882280623232121449639404910700E-0003
  -6.89001121361138338503096480785005949E-0003
  -6.32313067603108790521200754969657507E-0003
  -5.45439055043896634102822521634752475E-0003
  -4.37566831894559072376588192631096980E-0003
  -3.15368719940397608481605162854296971E-0003
  -1.88627572764625331057806186759747311E-0003
  -6.43014892506167926008504496134660714E-0004
   5.10103218336672644780605655778933018E-0004
   1.55026253229378039919186426645522584E-0003
   2.43356772260161874442509383103526362E-0003
   3.13281460785131173373525788723309403E-0003
   3.64918721360780157969494889725843362E-0003
   3.96630987243051783741740575573439069E-0003
   4.10417313670289647398815008330568243E-0003
   4.09052052478027848894754303285238136E-0003
   3.92579462488199841613099969051745968E-0003
   3.65751402990941710778350339378177284E-0003
   3.31849876029975304214998627455422997E-0003
   2.91048721369913085619315985033115884E-0003
   2.46563497389366535333958892127338367E-0003
   2.01960227611088345119206259014481440E-0003
   1.57202207153837067196928483441873059E-0003
   1.14546926835309141345219544267664220E-0003
   7.60287861664894358276559620364063435E-0004
   4.14928040519701838935320363946494219E-0004
   9.95700871099664834820454844764225483E-0005
  -1.61581674481757541374562042266031233E-0004
  -3.83741566903797382621868196372286115E-0004
  -5.55754394128884527557173142253338316E-0004
  -6.84874300224230126440524305111594149E-0004
  -7.83664543663771515800576203786744000E-0004
  -8.47632228654775176265628186681101344E-0004
  -8.75411340604093427482518796003806043E-0004
  -8.81425629566782200645430748114884815E-0004
  -8.69163308878543872374222871009450050E-0004
  -8.41143335254874281311332715554253435E-0004
  -8.02181432114772948591295586740308004E-0004
  -7.38844425669497526218426942554889679E-0004
  -6.82015360659738802282148915289604813E-0004
  -6.09008924300028817643412631834173103E-0004
  -5.37030380681619034865015135703694058E-0004
  -4.66513364345507292663384765062552349E-0004
  -4.05699147427930101771675334994922438E-0004
  -3.39815020349824028319766448034517180E-0004
  -3.01858440180822160037725693971620619E-0004
  -2.36189063505434898926133083381825303E-0004
  -1.40480515727545134374146390053945534E-0004
  -5.78953746981946252111063716300266618E-0005
  -2.81333217017579094411899537747890779E-0006
   3.44498546210700628469844840532279791E-0005
   7.82817757034407701457407692311818482E-0005
   8.67856673764058465320354049620918802E-0005
   1.24996228749996025004596687335605852E-0004
   1.58349577206455439707060454083532798E-0004
   1.98673376326651552070878433408459213E-0004
   2.35617052555593372538045766159675430E-0004
   3.09226653322649802115822986137777095E-0004
   3.45587721742857086427101145299185229E-0004
   4.14131494207050636311951644442567536E-0004
   4.57988576254914574172219270121591052E-0004
   5.13415991035404137368339820762668640E-0004
   5.50943591877638350427845301450856057E-0004
   6.13560563866549824172113600278499830E-0004
   6.70511229186017708066820570322852837E-0004
   7.10746917429357316641383065578117742E-0004
   7.66612953319674880150256835850756392E-0004
   8.42571638005611385276308567660863663E-0004
   9.08515120909953955437436631052089649E-0004
   1.00241857241061568083939596968240090E-0003
   1.08303145144576844740954539900598509E-0003
   1.22739364455095478692054519252559262E-0003
   1.34578226447985441628303614815065062E-0003
   1.50070845494868328029181711117652081E-0003
   1.68239804302338510937239339523524938E-0003
   1.88506032829158232050738712750116693E-0003
   2.08318993419993234925325242925349689E-0003
   2.33102848124837958819782770580065979E-0003
   2.59927490723653035321208157781033128E-0003
   2.89800770068144357249125769948352051E-0003
   3.25620123102231296236763000299903305E-0003
   3.65021980178604810743862317508099594E-0003
   4.12980861075492841503160749474325149E-0003
   4.69889096124793943431695860967960432E-0003
   5.23564191116604566888933678645933290E-0003
   6.13579905404977628477226840023174372E-0003
   7.12375525245739418996474089021025425E-0003
   8.10452925931064926908436086287360649E-0003
   9.07204500990723161393411631304132235E-0003
   1.02843536196285129319656197720621868E-0002
   1.13813945351343686612557409067775501E-0002
   1.27021251476822062693178719373119005E-0002
   1.40433493033064397608059528063345579E-0002
   1.52679745755411593959782202821951827E-0002
   1.62406091302031231434778732120234373E-0002
   1.69115678366737610188466065057685585E-0002
   1.65988378595968331614498567226800337E-0002
   1.50385508829775041910525553038786703E-0002
   1.18541871030932831634894555695748367E-0002
   6.00435144395586611960528287121928516E-0003
  -3.18894086741909591974200561029762769E-0003
  -1.66054044064476779280525785705677145E-0002
  -3.49131893698516947851879495738401806E-0002
  -5.88834589492208739854222292621553174E-0002
  -8.89781464865514381392948803682934408E-0002
 -0.124341205913791128092713518315444288      
 -0.163965586610354769298420586580835776      
 -0.205435754039544948083543361270423197      
 -0.245077950079084927661430538077959126      
 -0.278039802647904736731419203011614808      
 -0.298284263597367863293576883980496036      
 -0.300886407191966709364526974951710084      
 -0.277450825189669076349152765300637302      
 -0.226250854908613780122070766554625808      
 -0.143641314996822830462445024747319946      
  -3.26435206253325864288316137115678274E-0002
  0.103856435075099789120960642150712596      
  0.254674159480291220323409839724927380      
  0.409478145389056641136876514220981302      
  0.552730256386660581289880536991769404      
  0.669521688225186117188359756593751889      
  0.745724153472823121961842931675502184      
  0.771710479255024161996366946560875152      
  0.739732790847531344701398248656168495      
  0.649874615070057972762304856114068170      
  0.509184876607008830686333190958445695      
  0.327712780198008912952920643341971277      
  0.122257002287521882509289743096137155      
  -8.95579352629271084655700396918775097E-0002
 -0.288216994408073816014756778847905700      
 -0.457141607100708040555207335800183590      
 -0.584141326825237146359540680634913406      
 -0.659673491590957639827389807998604591      
 -0.682356765652387941620763098341544729      
 -0.655502775785946982947645542222040992      
 -0.586173435509397919996211586822206809      
 -0.486049587174491069186951088936180678      
 -0.366880368397382989551621616667818030      
 -0.242568590293621612738716559363073972      
 -0.123044609382431533774204617041237648      
  -1.66931445966356533641765123303666403E-0002
   6.95346115538944409566750655652297567E-0002
  0.134286193576300377276291564091946209      
  0.177560898561511757078449438286345326      
  0.201602576189851856041481930040748281      
  0.208045419252202318075766352017636318      
  0.203741598062421681857433798943246904      
  0.190053970020840380935913173865035519      
  0.172456805256903889874326071728356989      
  0.151334755506161286498170084853265480      
  0.131130297548191269275042381150830235      
  0.111539783778241357478311208855969930      
   9.36812184993659346846162171497539865E-0002
   7.61147988962369324198194317750472075E-0002
   5.87764676775748853399648682524114202E-0002
   4.30296733645513076932520637294712851E-0002
   2.62105805377826992561428293168559494E-0002
   1.10571845667431307806394739321198919E-0002
  -4.15691347820976778652168169588088681E-0003
  -1.93457529854062980305383331280065280E-0002
  -3.40248755281128097497628528598275583E-0002
  -4.64896359053243337078552058152066773E-0002
  -5.87854585677180298717117079825769639E-0002
  -6.88399044245510459607890624122508410E-0002
  -7.50240397357779489529893327504136169E-0002
  -7.89563651271710148450813887903082263E-0002
  -7.90844701308718349614435150875416390E-0002
  -7.59275133752710718101265121329598055E-0002
  -6.86965551871991441504424925458814047E-0002
  -5.83247819819675265138135605197904951E-0002
  -4.67522308076103500314278185033432673E-0002
  -3.19843608193364542879356376685686776E-0002
  -1.64466807689314258769576460928595500E-0002
  -1.65637348272650762912862541772391475E-0003
   1.26470346651888434893050330748447506E-0002
   2.51321183943560935904066895289038746E-0002
   3.62523243387449356499880235153842640E-0002
   4.35574731073513119337069958656515508E-0002
   4.93506816054494552086822629974186720E-0002
   5.09653333751315777876039262580852867E-0002
   5.00689658544079624959287563546543301E-0002
   4.69942382538207946507087845292194023E-0002
   4.24293039266838823388126516203162360E-0002
   3.53253301544706194538810431089232304E-0002
   2.91511203829348770721472367814614413E-0002
   2.18629331711960903599907880181579104E-0002
   1.57674085619528405734742681586538452E-0002
   1.07790380262440787119254808080803534E-0002
   7.11283750802539875285227766638213674E-0003
   1.67521903018366567938385555262028234E-0003
  -1.01013914663012401716794095552345260E-0003
  -3.88428607745942504820032293401927879E-0003
  -4.97702435576602766675212193748801650E-0003
  -7.80759602722854548131497610497621590E-0003
  -8.66157410432073895805099669663908246E-0003
  -1.10826944542406066383191744724521921E-0002
  -1.09670962540949416127263537974450603E-0002
  -1.05640329948761284818364062189835424E-0002
  -1.01542989446797120728319630974473633E-0002
  -9.43845798002661694722544585277746374E-0003
  -6.77511086063861288243302023648988030E-0003
  -6.05232531966734763350796346413769311E-0003
  -5.34457817355659375012628448926924614E-0003
  -3.14830955796216071280180767769001321E-0003
  -2.54962933220397661609176684151678916E-0003
  -2.03777178584453510863789914401963600E-0003
  -2.30543225621117150814169451419116151E-0003
  -1.86566668277379222492002715790729334E-0003
  -1.48553150956895110695689959069633564E-0003
  -3.25226029190586450351744723499055037E-0003
  -2.82559180810572503966763489755287987E-0003
  -2.54518640569431792364493920604166193E-0003
  -2.95291728376161149119791002468322785E-0003
  -2.61841833736051587062929858131959110E-0003
  -2.31672141278035347966796920181590758E-0003
  -5.27881393403572747155071108377913417E-0004
  -3.20892363247285966035149967332700740E-0004
  -2.35270390753485358197086974456864624E-0004
   1.67334072025691054770107498101705842E-0003
   1.69884768098459195625335688263101007E-0003
   1.43998122057664920776110053128421574E-0003
   1.32639532809688465319338159591438928E-0003
   1.34419765063963644313522820407014711E-0003
  -6.07740330008678175788362745770064218E-0004
  -6.28808836544538766964097625657709858E-0004
  -1.74936406382528468432325751512770179E-0003
  -5.71970928015881900065303620104724341E-0004
  -6.50264927311490468055168852342344849E-0004
   1.86584264106363620813138597701168019E-0003
   4.36775029245875403134605719767264789E-0005
   4.28804918202750829831075614587701936E-0005
   1.85189916474549510671439296787471179E-0005
   1.45656659374843504553734360872462744E-0004
   1.64729860979619097790074179550232599E-0004
   1.55243375839967702998573760084566763E-0004
   1.89360772972492673359151119128832391E-0004
   1.63150593288933518772042897240678361E-0004
   9.15455278069355969940867208029552854E-0005
   1.21572346813131233709516250052402415E-0004
   3.20375426738261786419686833295091356E-0005
   1.14643847361588246575732876067089819E-0004
  -3.32240587252528327006681206480742971E-0005
   1.80818578598907771576261841830378899E-0004
   3.66444124024994747390115288231593528E-0005
   8.58018347699585642365738571247591766E-0005
   3.09552451246360197804455038531708038E-0005
   9.74059306584780939126702471003141431E-0005
  -9.31513661955699333510983391700203306E-0005
   9.34596579944829818977668180939120546E-0006
  -5.66635724109165066927827107625022480E-0006
   2.90564210111112999345989173014665338E-0005
   8.59584311958340148906486362985913353E-0006
   1.20415635136506354275246942896085290E-0004
   1.34045949145479776237051870850942319E-0004
   4.59124281904299810532349455517828492E-0005
   1.48929183986907353958644532175993214E-0004
   3.47273733888320260752505461696905549E-0005
   1.63723760034417608499053435925588871E-0005
   3.09923224389117025088961840903511324E-0005
  -2.30409235920131137324746173287970951E-0005
   8.55096069616568688247468365443723942E-0005
