   330.83792523503121        568.35350355155231     
   330.83791512647343        568.35350355832634     
   330.83788352720381        568.35350357432765     
   330.83780165822174        568.35350359540837     
   330.83761839726719        568.35350357909749     
   330.83725308449755        568.35350338493788     
   330.83658971985415        568.35350266085277     
   330.83547358629443        568.35350071059429     
   330.83371029863611        568.35349628239851     
   330.83106734599187        568.35348729386419     
   330.82727754909433        568.35347042701028     
   330.82204380097420        568.35344052581002     
   330.81504442899706        568.35338972576187     
   330.80593861789129        568.35330627547671     
   330.79437153951130        568.35317307511866     
   330.77997899967323        568.35296602282767     
   330.76239150406963        568.35265231031406     
   330.74123796232942        568.35218888856082     
   330.71614914472354        568.35152130614847     
   330.68676094251470        568.35058307823874     
   330.65271776920849        568.34929577205060     
   330.61367585352195        568.34756978710038     
   330.56930666237156        568.34530592287035     
   330.51930026097716        568.34239758806268     
   330.46336856083889        568.33873357461744     
   330.40124818058052        568.33420122065638     
   330.33270295601329        568.32868979159969     
   330.25752585360090        568.32209391639810     
   330.17554023530346        568.31431692202557     
   330.08660038663390        568.30527391369151     
   329.99059131259531        568.29489450364770     
   329.88742769847175        568.28312509516343     
   329.77705219965901        568.26993067971887     
   329.65943300597934        568.25529611524883     
   329.53456076323630        568.23922687656568     
   329.40244503050172        568.22174930547169     
   329.26311023503570        568.20291038367247     
   329.11659128201842        568.18277705839625     
   328.96292895800718        568.16143522008679     
   328.80216505506820        568.13898826235663     
   328.63433744149620        568.11555547644991     
   328.45947559851419        568.09126999290834     
   328.27759511939826        568.06627688153787     
   328.08869343033280        568.04073078642352     
   327.89274511829564        568.01479361270663     
   327.68969758369610        567.98863212429774     
   327.47946692947323        567.96241550648176     
   327.26193409879943        567.93631292010639     
   327.03694125880884        567.91049107222113     
   326.80428850877217        567.88511182047387     
   326.56373084479543        567.86032983269013     
   326.31497542291595        567.83629030767804     
   326.05767909887942        567.81312676577681     
   325.79144625410913        567.79095892696103     
   325.51582688357439        567.76989066881833     
   325.23031500087632        567.75000807884226     
   324.93434713564488        567.73137761213150     
   324.62730136202384        567.71404431061819     
   324.30849634244294        567.69803016680294     
   323.97719072859132        567.68333255897983     
   323.63258277709775        567.66992279432259     
   323.27381028665638        567.65774476897707     
   322.89995068700091        567.64671368525933     
   322.51002157926092        567.63671495542678     
   322.10298149205136        567.62760315819116     
   321.67773094562347        567.61920114575355     
   321.23311404850972        567.61129926186118     
   320.76792028474881        567.60365469056467     
   320.28088693568111        567.59599097472233     
   319.77070193250819        567.58799772123461     
   319.23600716146257        567.57933035307110     
   318.67540242179587        567.56961024588225     
   318.08744991702019        567.55842493707519     
   317.47067922749193        567.54532857933759     
   316.82359287559137        567.52984266450619     
   316.14467242380124        567.51145700773986     
   315.43238148866698        567.48963072414358     
   314.68518503683163        567.46379435183439     
   313.90153776853185        567.43335066891234     
   313.07990257544373        567.39767715788832     
   312.21875368214899        567.35612796228691     
   311.31658234908184        567.30803602953245     
   310.37190151348972        567.25271549206866     
   309.38324937806203        567.18946391495558     
   308.34919599350843        567.11756498229340     
   307.26832612890109        567.03628873530579     
   306.13926564565844        566.94489620239278     
   304.96066090581394        566.84263922534194     
   303.73117926168226        566.72876218716499     
   302.44950372441070        566.60250296335266     
   301.11432637192848        566.46309353145978     
   299.72434069030294        566.30976029348142     
   298.27823354653822        566.14172391597970     
   296.77468432411320        565.95820034922406     
   295.21232626909131        565.75839567637058     
   293.58977929097489        565.54151162838536     
   291.90561611680550        565.30674104006368     
   290.15836047693193        565.05326791283801     
   288.34648015148093        564.78026671194550     
   286.46838084672413        564.48690181304664     
   284.52240145860935        564.17232716794808     
   282.50681021611553        563.83568637008614     
   280.41980250064023        563.47611305476869     
   278.25950014419954        563.09273184277447     
   276.02395253268799        562.68465990208199     
   273.71113988858150        562.25100919815213     
   271.31897894330803        561.79088958774469     
   268.84533164983594        561.30341286529665     
   266.28801695669461        560.78769791981074     
   263.64482739613476        560.24287704458277     
   260.91355001303498        559.66810380138020     
   258.09199318308168        559.06256219917793     
   255.17802069269609        558.42547791633001     
   252.16959323560479        557.75613098168071     
   249.06481953365778        557.05387063972705     
   245.86201743966618        556.31813219518062     
   242.55978626838780        555.54845571318106     
   239.15709006353302        554.74450645674904     
   235.65335257677336        553.90609691262591     
   232.04856157580119        553.03320927858022     
   228.34338005239482        552.12601811232264     
   224.53925999237785        551.18491130973086     
   220.63855280774976        550.21050812986653     
   216.64460908000905        549.20367236214872     
   212.56185931731127        548.16551837846384     
   208.39586745509763        547.09740827221333     
   204.15334945668366        546.00093840125282     
   199.84215283333020        544.87791423457645     
   195.47119206708413        543.73031411541024     
   191.05034313239247        542.56024306263805     
   186.59029972881439        541.36987941319694     
   182.10239881128777        540.16141806563928     
   177.59842465460997        538.93701452057292     
   173.09040192987695        537.69873385684548     
   168.59038888059976        536.44850846283157     
   164.11027473747711        535.18810383566461     
   159.66160151598905        533.91910073171016     
   155.25537635878123        532.64287699741988     
   150.90202610689315        531.36063503359503     
   146.61114279078836        530.07336805166312     
   142.39149570908532        528.78190229667041     
   138.25094502512638        527.48690680573895     
   134.19640387944824        526.18891202523184     
   130.23382255521341        524.88832866988218     
   126.36819214725416        523.58546562757522     
   122.60356560892816        522.28054625820710     
   118.94309357043130        520.97372285614722     
   115.38907238050626        519.66508906848230     
   111.94300185291817        518.35469042317561     
   108.60564985079557        517.04253319638258     
   105.37712142854193        515.72859181556032     
   102.25693017505499        514.41281505857569     
   99.244069678966355        513.09513126505578     
   96.337083525831758        511.77545276443902     
   93.534132390439282        510.45367968024226     
   90.833057180958477        509.12970319151708     
   88.231437588489683        507.80340840553049     
   85.726645537848398        506.47467686285023     
   83.315893334435970        505.14338871246736     
   80.996276547383715        503.80942465585406     
   78.764811684545620        502.47266760188575     
   76.618468942397868        501.13300412651199     
   74.554200447421721        499.79032568841239     
   72.568964028478362        498.44452971263956     
   70.659743378313337        497.09552042909337     
   68.823564564416614        495.74320960954327     
   67.057509622168837        494.38751716506061     
   65.358727231327279        493.02837139117565     
   63.724431604510137        491.66570167572416     
   62.151948507186674        490.29947035301660     
   60.638658910686971        488.92962457029927     
   59.182043655310977        487.55612874616526     
   57.779675045428192        486.17895665391814     
   56.429217458830387        484.79809109579895     
   55.128427329271318        483.41352380263049     
   53.875152512084860        482.02525521948803     
   52.667330830890620        480.63329435519188     
   51.502988376896070        479.23765848777413     
   50.380237428629748        477.83837296252580     
   49.297273942556956        476.43547081222005     
   48.252375001655942        475.02899261716226     
   47.243896049422830        473.61898606565467     
   46.270268030224095        472.20550571201642     
   45.329994451373246        470.78861267853574     
   44.421648506406349        469.36837416366654     
   43.543870262732604        467.94486380015309     
   42.695363425891678        466.51816021930983     
   41.874892897606038        465.08834769203145     
   41.081281775991570        463.65551543444428     
   40.313408813753767        462.21975746785733     
   39.570205696561317        460.78117220530135     
   38.850654501065996        459.33986218281404     
   38.153785379731850        457.89593391744370     
   37.478674122729508        456.44949745955910     
   36.824439950339311        455.00066622470399     
   36.190243386571019        453.54955677429041     
   35.575284189768624        452.09628849172293     
   34.978799334208070        450.64098326906867     
   34.400061265046205        449.18376546361867     
   33.838376081121396        447.72476160146806     
   33.293081759526558        446.26410005834737     
   32.763546667289610        444.80191095167055     
   32.249167969004077        443.33832588948650     
   31.749370167914325        441.87347779938921     
   31.263603794062597        440.40750070211595     
   30.791344041865887        438.94052954832176     
   30.332089539396716        437.47270003328271     
   29.885361193090620        436.00414836306481     
   29.450701087223191        434.53501120630432     
   29.027671391175414        433.06542538920809     
   28.615853378405713        431.59552774343200     
   28.214846491181749        430.12545522923773     
   27.824267466961626        428.65534444644493     
   27.443749443995848        427.18533159570757     
   27.072941174731916        425.71555248484367     
   26.711506269197894        424.24614216785699     
   26.359122486115186        422.77723495081005     
   26.015481043024586        421.30896436966458     
   25.680285960475789        419.84146292909872     
   25.353253451697118        418.37486201908365     
   25.034111353124054        416.90929184491921     
   24.722598571528970        415.44488134096144     
   24.418464548620115        413.98175794347605     
   24.121468784626781        412.52004775387275     
   23.831380385348599        411.05987522796221     
   23.547977556266815        409.60136322602784     
   23.271047246464192        408.14463288050359     
   23.000384721302428        406.68980358217232     
   22.735793184313394        405.23699270616152     
   22.477083420412271        403.78631593181126     
   22.224073409578079        402.33788660708939     
   21.976588183693881        400.89181693893084     
   21.734459239316884        399.44821610899214     
   21.497524442429572        398.00719161225192     
   21.265627692698917        396.56884877677993     
   21.038618666484954        395.13329062497394     
   20.816352555727715        393.70061814474678     
   20.598689845358322        392.27093001213569     
   20.385496061285995        390.84432251976591     
   20.176641592229217        389.42088974723248     
   19.972001448902891        388.00072352404345     
   19.771455087079694        386.58391331491379     
   19.574886213231650        385.17054622903657     
   19.382182615502817        383.76070704516746     
   19.193236027048918        382.35447854361013     
   19.007941813474712        380.95194007613691     
   18.826199051109683        379.55316970710965     
   18.647910227004225        378.15824280424016     
   18.472981136728020        376.76723236352268     
   18.301320753241850        375.38020906263665     
   18.132841099468436        373.99724124606354     
   17.967457127724593        372.61839493374259     
   17.805086603890061        371.24373384251817     
   17.645649997437211        369.87331939621191     
   17.489070376724179        368.50721074729273     
   17.335273308385801        367.14546479865749     
   17.184186760355686        365.78813619684701     
   17.035741012362351        364.43527742007063     
   16.889868561529667        363.08693871010951     
   16.746504060428236        361.74316827025626     
   16.605584202018228        360.40401204345937     
   16.467047668209069        359.06951391561256     
   16.330835049633802        357.73971570030517     
   16.196888774799760        356.41465716198564     
   16.065153044279835        355.09437606251817     
   15.935573765717777        353.77890819320430     
   15.808098489895007        352.46828736984907     
   15.682676355252854        351.16254553856629     
   15.559258025954019        349.86171272674397     
   15.437795651058684        348.56581720024741     
   15.318242795275262        347.27488536684200     
   15.200554394388599        345.98894183974187     
   15.084686709544297        344.70800950476411     
   14.970597282968663        343.43210956840727     
   14.858244895539793        342.16126161481873     
   14.747589518514511        340.89548358589758     
   14.638592273383647        339.63479182203650     
   14.531215396348180        338.37920112843915     
   14.425422198017962        337.12872481008816     
   14.321177023852789        335.88337465706343     
