   47.300031789872691        64.301093241360732     
   47.294488111649130        64.298199887782175     
   47.288184931766175        64.294888724063057     
   47.281077751750864        64.291129901707180     
   47.273125175165866        64.286894781087895     
   47.264289317535287        64.282156361353955     
   47.254536169942007        64.276889703558666     
   47.243835877528376        64.271072315756243     
   47.232162925908412        64.264684485446537     
   47.219496223565621        64.257709542223608     
   47.205819077257424        64.250134042365701     
   47.191119050880722        64.241947863425580     
   47.175387725969621        64.233144215073580     
   47.158620358584358        64.223719561087478     
   47.140815443783623        64.213673457306129     
   47.121974212281245        64.203008319846049     
   47.102100055703524        64.191729123294792     
   47.081197900561435        64.179843041144608     
   47.059273552489977        64.167359046266839     
   47.036332999761534        64.154287460876489     
   47.012381708828194        64.140639490523355     
   46.987423984762323        64.126426758004953     
   46.961462184888738        64.111660774838626     
   46.934496103524985        64.096352464907383     
   46.906522307795591        64.080511667771717     
   46.877533503684894        64.064146649021723     
   46.847517956227556        64.047263637181658     
   46.816458929567133        64.029866368204395     
   46.784334168795681        64.011955652702028     
   46.751115426582089        63.993528967686622     
   46.716768026757990        63.974580070780448     
   46.681250470479625        63.955098639967858     
   46.644514082086964        63.935069938217218     
   46.606502695836177        63.914474504715365     
   46.567152380221209        63.893287870602528     
   46.526391207868258        63.871480304381755     
   46.484139038405388        63.849016570950276     
   46.440307377253717        63.825855733428376     
   46.394799237200914        63.801950966453532     
   46.347509050547345        63.777249399939230     
   46.298322611781842        63.751691985715802     
   46.247117067585314        63.725213396559816     
   46.193760925185138        63.697741937754564     
   46.138114129616618        63.669199507192062     
   46.080028167505965        63.639501572052332     
   46.019346217368287        63.608557179606365     
   45.955903374725288        63.576269013397088     
   45.889526904280039        63.542533471974053     
   45.820036581335359        63.507240804771278     
   45.747245098516679        63.470275293465221     
   45.670958532034909        63.431515467178244     
   45.590976904968791        63.390834392236059     
   45.507094824827178        63.348100005666616     
   45.419102185467054        63.303175497762709     
   45.326784970246671        63.255919763775658     
   45.229926111958271        63.206187904252381     
   45.128305925918809        63.153831509462876     
   45.021704858866805        63.098700184927388     
   44.909901844744091        63.040640787564136     
   44.792676935336246        62.979498915891440     
   44.669811754890894        62.915119276273060     
   44.541090323852103        62.847346248565806     
   44.406299730771586        62.776024391684878     
   44.265230654305540        62.700998865588154     
   44.117678312979486        62.622116097201307     
   43.963440038311951        62.539222589331438     
   43.802319044333835        62.452167131378225     
   43.634121506849425        62.360799331940868     
   43.458656643885597        62.264969782373832     
   43.275735208316711        62.164529324975156     
   43.085172299366484        62.059330743373586     
   42.886778806737304        61.949224030010789     
   42.680367705237060        61.834060000842292     
   42.465750230466611        61.713688218578397     
   42.242731130165787        61.587954302619423     
   42.011113258943901        61.456702613377786     
   41.770692810169891        61.319773548829616     
   41.521259021799388        61.177003400723180     
   41.262593180342968        61.028223805304847     
   40.994467741277006        60.873261263571649     
   40.716645636136761        60.711936769692919     
   40.428879708448356        60.544065532204684     
   40.130912397588297        60.369456842555380     
   39.822475618600663        60.187914080533794     
   39.503290906911175        59.999234895490360     
   39.173069870601211        59.803211590613550     
   38.831514977240225        59.599631733741340     
   38.478320778876402        59.388279055506324     
   38.113175563471295        59.168934639149384     
   37.735763698968725        58.941378539579155     
   37.345768561719687        58.705391799712338     
   36.942876360375358        58.460759020509300     
   36.526780922739675        58.207271543846616     
   36.097189560033769        57.944731282883041     
   35.653830343751345        57.672955424081785     
   35.196460701308190        57.391781911637480     
   34.724877705774752        57.101075926510141     
   34.238929924567572        56.800737273631334     
   33.738530846503487        56.490708650412486     
   33.223673801581256        56.170984729202033     
   32.694447797627696        55.841621684915502     
   32.151053805598096        55.502746860916460     
   31.593820601970382        55.154567982213472     
   31.023219156631349        54.797381321353718     
   30.439874369824537        54.431578030312345     
   29.844572971732084        54.057647924519777     
   29.238266486068099        53.676180047598827     
   28.622068626764857        53.287859617362876     
   27.997246420608725        52.893461037786373     
   27.365205422090138        52.493837237316683     
   26.727469444125131        52.089905740587440     
   26.085655805400911        51.682632237947118     
   25.441447436977416        51.273012625105537     
   24.796563330120375        50.862054550935902     
   24.152728918069538        50.450759546680182     
   23.511647000336648        50.040105997610787     
   22.874972098309385        49.631034997894801     
   22.244283401724250        49.224435478329823     
   21.621078179642993        48.821142855388935     
   21.006734993274133        48.421918174015708     
   20.402515335729912        48.027451944600386     
   19.809551046554969        47.638358533841163     
   19.228838712095023        47.255174693579292     
   18.661237230789329        46.878359693444672     
   18.107468192191739        46.508296796661625     
   17.568118758360676        46.145295873599025     
   17.043646675963785        45.789596949857575     
   16.534387064904038        45.441374497059734     
   16.040560608447908        45.100742287764639     
   15.562282748399621        44.767758634055433     
   15.099573547502203        44.442431853244130     
   14.652367884913236        44.124725813209395     
   14.220525686970781        43.814565424731185     
   13.803841955939680        43.511841974705369     
   13.402056396502172        43.216418214257651     
   13.014862481453614        42.928133126377290     
   12.641915868029656        42.646806341506490     
   12.282842083800835        42.372242160441402     
   11.937243458595495        42.104233177628345     
   11.604705299306184        41.842563508171182     
   11.284801320998696        41.587011622861461     
   10.977098369589598        41.337352815104751     
   10.681160497361212        41.093361325847745     
   10.396552396190437        40.854812138798778     
   10.122842310948647        40.621482497768213     
   9.8596044274101367        40.393153153851728     
   9.6064208402746569        40.169609392010685     
   9.3628831021517041        39.950641827523853     
   9.1285920688003710        39.736045797384278     
   8.9031645392104473        39.525626976458049     
   8.6862251495566181        39.319193863017702     
   8.4774128105379880        39.116563330756314     
   8.2763795075413746        38.917559459917840     
   8.0827903924082456        38.722013560529831     
   7.8963237890410722        38.529764167522266     
   7.7166711080615835        38.340656983678031     
   7.5435366407132243        38.154544764982447     
   7.3766373229568156        37.971287182919262     
   7.2157024361057642        37.790750659221779     
   7.0604732519535292        37.612808161713318     
   6.9107026694938938        37.437339013255183     
   6.7661548195411729        37.264228662147822     
   6.6266046561842105        37.093368460527273     
   6.4918375367358339        36.924655433051917     
   6.3616488111942946        36.757992036702156     
   6.2358434188339498        36.593285985099612     
   6.1142354250172630        36.430449912766178     
   5.9966476711121608        36.269401246931700     
   5.8829113457439419        36.110061943345904     
   5.7728656235640816        35.952358298089479     
   5.6663572604387067        35.796220705228556     
   5.5632402567357939        35.641583488217748     
   5.4633754982778528        35.488384691727830     
   5.3666304201066417        35.336565890449926     
   5.2728786883071850        35.186072016843127     
   5.1819998934516240        35.036851191006804     
   5.0938792542818412        34.888854549910306     
   5.0084073305980477        34.742036082712865     
   4.9254797696212025        34.596352499040016     
   4.8449970453277365        34.451763076240098     
   4.7668642064361562        34.308229513688687     
   4.6909906626475895        34.165715816947490     
   4.6172899501201776        34.024188160611764     
   4.5456795342247771        33.883614781153348     
   4.4760806094627927        33.743965857400049     
   4.4084179097651850        33.605213405136531     
   4.3426195313517564        33.467331175527406     
   4.2786167657636263        33.330294554584128     
   4.2163439435454952        33.194080481339306     
   4.1557382758314816        33.058667347562533     
   4.0967397149499174        32.924034916193207     
   4.0392908193545036        32.790164262905243     
   3.9833366284553735        32.657037678623311     
   3.9288245346135402        32.524638603705220     
   3.8757041703269977        32.392951568089948     
   3.8239272984567299        32.261962121075697     
   3.7734477123350887        32.131656763552833     
   3.7242211356167383        32.002022913606432     
   3.6762051284669450        31.873048833181159     
   3.6293589998643818        31.744723578918979     
   3.5836437261071050        31.617036956805869     
   3.5390218714019501        31.489979476469980     
   3.4954575110419697        31.363542295912115     
   3.4529161629731129        31.237717199561651     
   3.4113647227806494        31.112496543562081     
   3.3707713915789714        30.987873222414429     
   3.3311056242011432        30.863840634615389     
   3.2923380683240464        30.740392650778649     
   3.2544405101899292        30.617523566473263     
   3.2173858232960537        30.495228100295090     
   3.1811479130674480        30.373501320111995     
   3.1457016963097240        30.252338718134094     
   3.1110230168627448        30.131736033657511     
   3.0770886320977016        30.011689342508145     
   3.0438761646235251        29.892194998161450     
   3.0113640655035154        29.773249603765681     
   2.9795315767374868        29.654850012206410     
   2.9483586993379061        29.536993290947365     
   2.9178261571968851        29.419676698263135     
   2.8879153715947483        29.302897683078172     
   2.8586084264293938        29.186653864531191     
   2.8298880431774300        29.070943011845362     
   2.8017375526919439        28.955763030191001     
   2.7741408711496796        28.841111950843093     
   2.7470824803807301        28.726987944981801     
   2.7205473830720996        28.613389199006185     
   2.6945211139342491        28.500314073234733     
   2.6689896967227504        28.387760979543220     
   2.6439396295686484        28.275728397524837     
   2.6193578661602461        28.164214868439252     
   2.5952317974750532        28.053218985466014     
   2.5715492344812572        27.942739385398184     
   2.5482983915401873        27.832774741949311     
   2.5254678706104126        27.723323758555253     
   2.5030466462473724        27.614385162412916     
   2.4810240511785904        27.505957698883488     
   2.4593897623605780        27.398040123809221     
   2.4381337882067480        27.290631203717698     
   2.4172464549739074        27.183729703918889     
   2.3967183979608522        27.077334398429230     
   2.3765405449392585        26.971444045674374     
   2.3567041087963303        26.866057399350723     
   2.3372005760491974        26.761173201670609     
   2.3180216966768423        26.656790179938607     
   2.2991594746469870        26.552907044873542     
   2.2806061586780992        26.449522488838472     
   2.2623542329931636        26.346635180218872     
   2.2443964093648128        26.244243767322946     
   2.2267256183375630        26.142346870746152     
   2.2093350032055632        26.040943090928934     
   2.1922179102641213        25.940030997178809     
   2.1753678822948799        25.839609128319047     
   2.1587786520533920        25.739675994536267     
   2.1424441358952646        25.640230077443075     
   2.1263584276779204        25.541269831078633     
   2.1105157919710482        25.442793677653587     
   2.0949106581500647        25.344800006908677     
   2.0795376153321743        25.247287178227651     
   2.0643914066711666        25.150253520938517     
   2.0494669236153946        25.053697329854391     
   2.0347592032661579        24.957616876280159     
   2.0202634197094893        24.862010391342704     
   2.0059748846599490        24.766876090238512     
   1.9918890371152698        24.672212143566291     
   1.9780014442522511        24.578016705491191     
   1.9643077943844642        24.484287897390669     
   1.9508038934257890        24.391023810398490     
   1.9374856615552138        24.298222509395508     
   1.9243491298747939        24.205882034600542     
   1.9113904362766865        24.114000399753856     
   1.8986058203231144        24.022575581431745     
   1.8859916272549933        23.931605566974000     
   1.8735442952334558        23.841088290820867     
   1.8612603578996421        23.751021674848324     
   1.8491364396713419        23.661403615383787     
   1.8371692539909315        23.572231991888493     
   1.8253555999932931        23.483504664053100     
   1.8136923593139851        23.395219470254446     
   1.8021764957105380        23.307374238387997     
   1.7908050503989617        23.219966776052850     
