   45.701713911335723        62.931284081219168     
   45.701713911335723        62.931284081219168     
   45.701713911335723        62.931284081219168     
   45.701713911335723        62.931284081219168     
   45.701713911335581        62.931284081219097     
   45.701713911314918        62.931284081208780     
   45.701713910583656        62.931284080843518     
   45.701713899984910        62.931284075549463     
   45.701713815955593        62.931284033575380     
   45.701713380608012        62.931283816095117     
   45.701711726638301        62.931282989730164     
   45.701706746205176        62.931280500825373     
   45.701694198283093        62.931274228160490     
   45.701666701847948        62.931260476968127     
   45.701612785504970        62.931233498861481     
   45.701516146984382        62.931185113870043     
   45.701355222266749        62.931104484052348     
   45.701103094192320        62.930978052113829     
   45.700727710798795        62.930789626819632     
   45.700192340695871        62.930520573430876     
   45.699456180613858        62.930150060847510     
   45.698475026459590        62.929655316509461     
   45.697201942765112        62.929011856004060     
   45.695587909191914        62.928193683691497     
   45.693582386253766        62.927173441957301     
   45.691133878040183        62.925922569726545     
   45.688190442394628        62.924411455172049     
   45.684700211607939        62.922609634098798     
   45.680611928217147        62.920486045466760     
   45.675875505032508        62.918009356028925     
   45.670442609548616        62.915148355159808     
   45.664267248351010        62.911872401906955     
   45.657306354514560        62.908151917629702     
   45.649520328350334        62.903958885792385     
   45.640873548844084        62.899267358767872     
   45.631334799193588        62.894053923946679     
   45.620877600169557        62.888298115757571     
   45.609480455072820        62.881982766851138     
   45.597126981268140        62.875094272825855     
   45.583805948013293        62.867622778229141     
   45.569511197317851        62.859562265295068     
   45.554241487616018        62.850910565626691     
   45.538000243144651        62.841669284825294     
   45.520795239211147        62.831843658261079     
   45.502638233441800        62.821442347362805     
   45.483544543638459        62.810477174458391     
   45.463532602927550        62.798962824537583     
   45.442623501162558        62.786916516640112     
   45.420840506822294        62.774357647650788     
   45.398208600880388        62.761307432167364     
   45.374754020692727        62.747788535928400     
   45.350503814299721        62.733824711249497     
   45.325485420430532        62.719440442320511     
   45.299726281779648        62.704660610252240     
   45.273253472406644        62.689510166774674     
   45.246093371246808        62.674013837635506     
   45.218271354113917        62.658195841167618     
   45.189811523645574        62.642079634286510     
   45.160736470248310        62.625687683259912     
   45.131067057113597        62.609041254440967     
   45.100822236929439        62.592160230839418     
   45.070018898171867        62.575062954715563     
   45.038671722928079        62.557766080064305     
   45.006793084572827        62.540284460972813     
   44.974392952706559        62.522631046733949     
   44.941478813482888        62.504816797675119     
   44.908055621537819        62.486850617325118     
   44.874125751499889        62.468739299006806     
   44.839688961339988        62.450487480881883     
   44.804742371282309        62.432097612372893     
   44.769280445116813        62.413569932851409     
   44.733294984428483        62.394902457115784     
   44.696775120412354        62.376090964801676     
   44.659707312197348        62.357128997095643     
   44.622075344049229        62.338007854727493     
   44.583860319699056        62.318716596481536     
   44.545040667572330        62.299242048304997     
   44.505592130735735        62.279568803010719     
   44.465487761095623        62.259679226002596     
   44.424697898727580        62.239553448782843     
   44.383190161898767        62.219169375928502     
   44.340929418696838        62.198502678180375     
   44.297877754985485        62.177526783850013     
   44.253994427592360        62.156212861054641     
   44.209235821842228        62.134529805731759     
   44.163555187810346        62.112444107026064     
   44.116903339532932        62.089920225074032     
   44.069227460543878        62.066919961398263     
   44.020471723611472        62.043402791573591     
   43.970576998759540        62.019325709090630     
   43.919480750604457        61.994643176319592     
   43.867116864851035        61.969307021509074     
   43.813415523048761        61.943266375701420     
   43.758303001121078        61.916467551717624     
   43.701701484643834        61.888853939566346     
   43.643528846596837        61.860365873834816     
   43.583698406432710        61.830940488914877     
   43.522118663661054        61.800511557913637     
   43.458693006284960        61.769009313811189     
   43.393319376370215        61.736360240360845     
   43.325889935572526        61.702486869127661     
   43.256290662322279        61.667307519571132     
   43.184400945151197        61.630736046139447     
   43.110093116566723        61.592681540772205     
   43.033231958245587        61.553048016066121     
   42.953674161149550        61.511734057916200     
   42.871267738721762        61.468632447038026     
   42.785851412596926        61.423629760231734     
   42.697253910647554        61.376605908776995     
   42.605293279955475        61.327433695231477     
   42.509776111399994        61.275978295592687     
   42.410496703980002        61.222096719135529     
   42.307236266595559        61.165637261175469     
   42.199762002280089        61.106438904101864     
   42.087826221171930        61.044330717567611     
   41.971165430575553        60.979131243147705     
   41.849499435116059        60.910647880680223     
   41.722530479558777        60.838676296442692     
   41.589942457281133        60.762999868261240     
   41.451400233623872        60.683389195795975     
   41.306549124762626        60.599601712372639     
   41.155014607608528        60.511381432112387     
   40.996402329203192        60.418458890109726     
   40.830297302343681        60.320550581272201     
   40.656269282597741        60.217362223274350     
   40.473867727166670        60.108585622949555     
   40.282628034363135        59.993902497614471     
   40.082073370195808        59.872985621543968     
   39.871718344626281        59.745501139817456     
   39.651073488166567        59.611111421978244     
   39.419650540547920        59.469478466284023     
   39.176968457393343        59.320267799565109     
   38.922559902584794        59.163152740318374     
   38.655978023925314        58.997818891496060     
   38.376803137139873        58.823968633590056     
   38.084648901775140        58.641325354627753     
   37.779167629163311        58.449637177774378     
   37.460054301475260        58.248679917378226     
   37.127049064738550        58.038259096433173     
   36.779938008964869        57.818210898321531     
   36.418552316491194        57.588402082646390     
   36.042767455409709        57.348729922242590     
   35.652492862004458        57.099116067262855     
   35.247679747857624        56.839511908976803     
   34.828308454307738        56.569890899825019     
   34.394390212471606        56.290249984293943     
   33.945953768901084        56.000601319306398     
   33.483058424073846        55.700980818037465     
   33.005786006992025        55.391443147933302     
   32.514244674536243        55.072064204715858     
   32.008572756116536        54.742943525816152     
   31.488943904660168        54.404207296165033     
   30.955574620615646        54.056012911874006     
   30.408732328235814        53.698553486991926     
   29.848744945664304        53.332063179564528     
   29.276011190021197        52.956822691110638     
   28.691011252459006        52.573164705753300     
   28.094317504170860        52.181479035304186     
   27.486604731053529        51.782217171414167     
   26.868659427550238        51.375895961251288     
   26.241387597057383        50.963100153901429     
   25.605820569903408        50.544483593144996     
   24.963118240891298        50.120768830141799     
   24.314569232211824        49.692745014330796     
   23.661587387820834        49.261263876877010     
   23.005704154785168        48.827233714761356     
   22.348556372398505        48.391611244375007     
   21.691869268741570        47.955391315955893     
   21.037434599233290        47.519594524769367     
   20.387084261605697        47.085252889583387     
   19.742660080599876        46.653393957307692     
   19.105977125421997        46.225021402798269     
   18.478805333253327        45.801107985779012     
   17.862811464404771        45.382562838514936     
   17.259544845129668        44.970227036656823     
   16.670405876407248        44.564857516926587     
   16.096624314679286        44.167116635646018     
   15.539243959445157        43.777565039948499     
   14.999114115006646        43.396658009382442     
   14.476887708723149        43.024745191433830     
   13.973025527204557        42.662073454039792     
   13.487805666990392        42.308792376420541     
   13.021337046543358        41.964961784968928     
   12.573575879590971        41.630560762203793     
   12.144343923077159        41.305497523181963     
   11.733347476610444        40.989619621833739     
   11.340196294363823        40.682724063520588     
   10.964421726335777        40.384566967302796     
   10.605493609912411        40.094872535966608     
   10.262835616513984        39.813341188497688     
   9.9358388526419095        39.539656746894728     
   9.6238736938395295        39.273492678762175     
   9.3262998741035883        39.014517406348368     
   9.0424749262222281        38.762398742913106     
   8.7717611062725318        38.516807518582219     
   8.5135309369408354        38.277420469557789     
   8.2671716017526311        38.043922534503267     
   8.0320882702964251        37.816008576945947     
   7.8077065282754825        37.593384619940714     
   7.5934741568733033        37.375768815121070     
   7.3888621295252630        37.162891852640946     
   7.1933652687871259        36.954497338915452     
   7.0065024181247919        36.750341845273901     
   6.8278163299583383        36.550194832789160     
   6.6568720858157668        36.353837191534865     
   6.4932613865951749        36.161065919095236     
   6.3365943346092699        35.971686043736518     
   6.1865037895447585        35.785515434312700     
   6.0426431767004791        35.602382997578530     
   5.9046855155282616        35.422128122010363     
   5.7723224891812093        35.244600178708538     
   5.6452635241289846        35.069658032894381     
   5.5232348250250896        34.897169509801799     
   5.4059784756691291        34.727010915120715     
   5.2932515286622133        34.559066534072620     
   5.1848251515853976        34.393228173591226     
   5.0804837944749961        34.229394707964964     
   4.9800244005395404        34.067471649519490     
   4.8832556509806473        33.907370740844748     
   4.7899972529075878        33.749009566627429     
   4.7000792592172882        33.592311180628371     
   4.6133414399176633        33.437203770143824     
   4.5296326728650023        33.283620316908468     
   4.4488103845777047        33.131498295232021     
   4.3707400140378674        32.980779375890663     
   4.2952945177800785        32.831409155701074     
   4.2223539047678038        32.683336903833627     
   4.1518047970326375        32.536515320092178     
   4.0835400227986387        32.390900307322624     
   4.0174582333519044        32.246450766921797     
   3.9534635427892351        32.103128390878375     
   3.8914651962904290        31.960897484393971     
   3.8313772566718245        31.819724790592431     
   3.7731183112071265        31.679579324979951     
   3.7166111980201006        31.540432224403759     
   3.6617827522605735        31.402256605292013     
   3.6085635666247664        31.265027430538620     
   3.5568877695938772        31.128721386686902     
   3.5066928147921175        30.993316758255769     
   3.4579192865451471        30.858793330690418     
   3.4105107121181577        30.725132254202826     
   3.3644134172851068        30.592316041652563     
   3.3195763264226112        30.460328352417420     
   3.2759508368774899        30.329153976023338     
   3.2334906786313606        30.198778752392567     
   3.1921517777713286        30.069189487305547     
   3.1518921378031202        29.940373890588504     
   3.1126717217283271        29.812320502664488     
   3.0744523443892691        29.685018636063234     
   3.0371975711421588        29.558458317259824     
