   330.11136171876882        568.31018142717403     
   330.01354300555317        568.30107596199275     
   329.90718370805814        568.29087874113327     
   329.79189178517663        568.27961118294115     
   329.66725238573923        568.26731982771014     
   329.53282198773724        568.25407616781047     
   329.38812241456890        568.23997563024523     
   329.23263493605634        568.22513584676085     
   329.06579445478508        568.20969413584032     
   328.88698410966720        568.19380441467570     
   328.69553024555535        568.17763354715794     
   328.49069795688331        568.16135723004686     
   328.27168734969149        568.14515554675165     
   328.03763045480753        568.12920825372703     
   327.78758902442883        568.11368989977700     
   327.52055303069483        568.09876494657590     
   327.23544028155396        568.08458279253648     
   326.93109673288330        568.07127302252707     
   326.60629775297758        568.05894076912625     
   326.25975031998217        568.04766236808598     
   325.89009600082113        568.03748129627422     
   325.49591476089955        568.02840450230337     
   325.07572952759716        568.02039918140042     
   324.62800966986038        568.01339016362215     
   324.15118258008914        568.00725680954599     
   323.64363121748835        568.00183243778508     
   323.10370537007026        567.99690226672487     
   322.52972634363653        567.99220288397532     
   321.91999244859608        567.98742197995648     
   321.27278389095602        567.98219858579728     
   320.58636664220762        567.97612367161139     
   319.85899514755312        567.96874109238490     
   319.08891340856798        567.95954887246501     
   318.27435448969499        567.94800045030649     
   317.41353796389262        567.93350614748556     
   316.50466838450694        567.91543439214001     
   315.54591510217472        567.89311318134526     
   314.53542488159769        567.86583037420428     
   313.47129595682037        567.83283456335994     
   312.35156854259498        567.79333489530563     
   311.17421726456712        567.74650076730325     
   309.93710853392992        567.69146011862313     
   308.63801533914085        567.62729830813191     
   307.27457725784171        567.55305537721699     
   305.84428242183492        567.46772316311592     
   304.34444327721548        567.37024159983253     
   302.77217090489557        567.25949480697921     
   301.12434699958033        567.13430616185042     
   299.39759297824492        566.99343318738283     
   297.58823692020314        566.83556192523247     
   295.69227720714207        566.65930113090121     
   293.70534214628509        566.46317579183369     
   291.62264573651464        566.24562103859409     
   289.43893783946817        566.00497556471146     
   287.14844904129421        565.73947545157409     
   284.74482889706383        565.44724844366658     
   282.22107748904574        565.12630897921929     
   279.56946884642679        564.77455433730131     
   276.78146841512444        564.38976292566622     
   273.84764571903423        563.96959510380589     
   270.75760020040394        563.51160087553023     
   267.49982838870540        563.01322228251456     
   264.06175835630410        562.47182769261849     
   260.42971627797851        561.88473866798745     
   256.58909522321665        561.24928975795058     
   252.52475617291694        560.56291940003791     
   248.22184827409458        559.82330975051195     
   243.66726447277634        559.02859077562846     
   238.85188909937671        558.17761255822177     
   233.77348058553872        557.27025424503609     
   228.43938929801450        556.30768142364104     
   222.86779909856972        555.29244860297865     
   217.08681589962617        554.22843907635047     
   211.13243478813763        553.12077191346827     
   205.04701412553908        551.97576153547766     
   198.87839662032275        550.80080699255655     
   192.67845258275801        549.60403442234951     
   186.50029393350516        548.39368585381385     
   180.39482086094111        547.17746520740627     
   174.40717552192939        545.96194253877309     
   168.57455645639237        544.75226820008845     
   162.92517955692080        543.55209945764773     
   157.47843660968346        542.36372133076759     
   152.24584807658013        541.18827160776391     
   147.23242123791607        540.02599935461353     
   142.43810378550617        538.87650989338692     
   137.85913390052667        537.73897258631848     
   133.48917125841689        536.61227956174366     
   129.32027480290847        535.49518726605936     
   125.34348738342055        534.38637071001961     
   121.54941589994870        533.28450618376223     
   117.92856064428680        532.18830421663108     
   114.47155436442566        531.09653440836860     
   111.16931499111097        530.00804066200726     
   108.01314063803767        528.92174938291544     
   104.99476311039946        527.83667290800918     
   102.10637268938551        526.75190966998127     
   99.340623989228177        525.66664204535107     
   96.690629055121875        524.58013263603539     
   94.149942308411511        523.49171951403605     
   91.712540407688437        522.40081085002180     
   89.372799225717458        521.30687924065137     
   87.125469409141033        520.20945599937011     
   84.965651612186704        519.10812558534190     
   82.888772091423178        518.00252031455989     
   80.890559169113772        516.89231545305483     
   78.967020887333788        515.77722472146172     
   77.114424303558749        514.65699666696275     
   75.329266062515728        513.53140325350682     
   73.608289801462021        512.40026390977096     
   71.948417146391932        511.26340358154602     
   70.346766771200294        510.12067580780706     
   68.800631937701311        508.97195461555197     
   67.307467186761144        507.81713243181866     
   65.864876506047693        506.65611856284266     
   64.470602421379709        505.48883782101922     
   63.122516072893085        504.31522934913323     
   61.818608041613651        503.13524559683259     
   60.556980050524793        501.94885141597513     
   59.335837262437309        500.75602327834360     
   58.153481288501524        499.55674857843695     
   57.008303699078212        498.35102501464928     
   55.898780124656213        497.13886002452045     
   54.823464769968545        495.92027029758736     
   53.780985392293744        494.69528130554505     
   52.770038647522092        493.46392686997132     
   51.789385863594539        492.22624879220950     
   50.837848945714022        490.98229644548627     
   49.914306878765302        489.73212648919394     
   49.017692213799307        488.47580247339550     
   48.146987946622801        487.21339459125022     
   47.301224550224497        485.94497928151367     
   46.479477409172176        484.67063910121811     
   45.680864002425004        483.39046221025433     
   44.904541919165723        482.10454238521510     
   44.149706225550261        480.81297842353098     
   43.415587913354052        479.51587427841952     
   42.701451393043044        478.21333832082632     
   42.006593346043765        476.90548364639267     
   41.330340510344158        475.59242735496798     
   40.672048427404015        474.27429062226685     
   40.031099741105166        472.95119823383249     
   39.406903066799309        471.62327856656401     
   38.798891477587389        470.29066324058113     
   38.206521454708174        468.95348698661184     
   37.629271528813305        467.61188724075009     
   37.066641465423629        466.26600422508744     
   36.518150972968193        464.91598042865934     
   35.983338935117743        463.56196061518625     
   35.461762482181712        462.20409160874607     
   34.952996029816291        460.84252194970827     
   34.456630559649604        459.47740180287121     
   33.972272879856533        458.10888283573678     
   33.499544827217605        456.73711791350161     
   33.038082615522548        455.36226092972532     
   32.587536206403549        453.98446669622354     
   32.147568688400710        452.60389074158996     
   31.717855691693675        451.22068911758015     
   31.298084800431791        449.83501822705330     
   30.887955104236280        448.44703471307184     
   30.487176616588233        447.05689508268091     
   30.095470001562671        445.66475636878982     
   29.712565804458027        444.27077472296423     
   29.338204279627700        442.87510610196432     
   28.972134882519846        441.47790595312466     
   28.614115939529647        440.07932910489285     
   28.263914209164184        438.67952953236369     
   27.921304605402536        437.27866035722695     
   27.586069832894488        435.87687368304705     
   27.258000077234446        434.47432047434268     
   26.936892687924107        433.07115042132449     
   26.622551928312898        431.66751190132646     
   26.314788660269208        430.26355182604169     
   26.013420075321132        428.85941549835604     
   25.718269505270761        427.45524667220911     
   25.429166120685370        426.05118731367372     
   25.145944766165083        424.64737767142100     
   24.868445667183561        423.24395604418584     
   24.596514272313740        421.84105879165514     
   24.330001046238316        420.43882025612407     
   24.068761278408509        419.03737271588034     
   23.812654892666547        417.63684630129569     
   23.561546290159924        416.23736895747459     
   23.315304151224584        414.83906636490161     
   23.073801323745791        413.44206197554252     
   22.836914636593633        412.04647690262931     
   22.604524768299353        410.65242992374795     
   22.376516086179087        409.26003736675347     
   22.152776514061856        407.86941309062388     
   21.933197457321498        406.48066867912473     
   21.717673615090224        405.09391315416696     
   21.506102859880308        403.70925294129262     
   21.298386225965885        402.32679229849634     
   21.094427625578753        400.94663253084099     
   20.894133918022881        399.56887277872801     
   20.697414710703704        398.19360954460399     
   20.504182288829494        396.82093681737280     
   20.314351524037448        395.45094607980326     
   20.127839761723962        394.08372618544746     
   19.944566784952162        392.71936361968886     
   19.764454716320305        391.35794240043373     
   19.587427881486192        389.99954390100561     
   19.413412819382916        388.64424714981504     
   19.242338109134831        387.29212829952110     
   19.074134509182507        385.94326222046914     
   18.908734605545149        384.59772023836166     
   18.746072917017866        383.25557163254342     
   18.586085791225653        381.91688323277776     
   18.428711387259167        380.58171973566141     
   18.273889561577029        379.25014337698400     
   18.121561823491280        377.92221406945305     
   17.971671338559833        376.59798964487567     
   17.824162787000677        375.27752553553529     
   17.678982375248033        373.96087504294820     
   17.536077791343441        372.64808941225186     
   17.395398087451898        371.33921749065439     
   17.256893689629724        370.03430597092938     
   17.120516454928726        368.73340017874972     
   16.986219426577556        367.43654276330454     
   16.853956989623292        366.14377515288106     
   16.723684526654669        364.85513498666432     
   16.595358845936765        363.57066010405219     
   16.468937765552063        362.29038548967554     
   16.344380227779681        361.01434444010562     
   16.221646244052792        359.74256845836999     
   16.100696863248675        358.47508729625702     
   15.981494139501180        357.21192898288763     
   15.864001103153727        355.95311987156413     
   15.748181731894823        354.69868467899431     
   15.634000923693437        353.44864653057414     
   15.521424467683650        352.20302698299753     
   15.410419018908284        350.96184606889716     
   15.300952076062934        349.72512236372904     
   15.192991947222882        348.49287294120916     
   15.086507744379590        347.26511355245287     
   14.981469341439823        346.04185850148417     
   14.877847363610524        344.82312079144674     
   14.775613159200901        343.60891210569656     
   14.674738792603991        342.39924293222089     
   14.575197007029731        341.19412249240702     
   14.476961213201164        339.99355881335907     
   14.380005472165159        338.79755879041284     
   14.284304474602397        337.60612819679642     
   14.189833524334396        336.41927172547366     
   14.096568528514014        335.23699311080418     
   14.004485962773080        334.05929493059250     
   13.913562862930538        332.88617876694138     
   13.823776826246615        331.71764536969437     
   13.735105978009155        330.55369452453340     
   13.647528962605671        329.39432513164667     
   13.561024928541887        328.23953521955531     
   13.475573517367991        327.08932201415439     
   13.391154848053690        325.94368194002425     
   13.307749507430284        324.80261067771744     
   13.225338535842129        323.66610317738900     
   13.143903408050150        322.53415358644548     
   13.063426034277494        321.40675544173115     
   12.983888744026469        320.28390163452184     
   12.905274268786835        319.16558434549023     
   12.827565741810549        318.05179523331674     
   12.750746681965332        316.94252537006469     
   12.674800982756691        315.83776521130937     
   12.599712906394409        314.73750473457477     
   12.525467071975102        313.64173339221765     
   12.452048445088291        312.55044012982660     
   12.379442334806585        311.46361347968889     
   12.307634376264659        310.38124146058885     
   12.236610522021103        309.30331160487412     
   12.166357058134111        308.22981131081406     
   12.096860558872304        307.16072734424910     
   12.028107901866679        306.09604616752557     
   11.960086256072071        305.03575390383634     
   11.892783075400851        303.97983636698677     
   11.826186090670857        302.92827906767775     
   11.760283299243371        301.88106716186564     
   11.695062964409138        300.83818557759594     
   11.630513605752796        299.79961897929115     
   11.566623992854209        298.76535177030757     
   11.503383140273970        297.73536814616926     
   11.440780299160691        296.70965205325837     
