   123.923023576279588669589695485460340      
   150.648694587249368730486942875994191      
   178.220145803542512357310330533838602      
   206.079846168986365378790009213988438      
   233.981596986073043863296535460689605      
   262.104170620290291364704735389046297      
   291.179522537930725717412597685687169      
   322.560042419034006532499145839957132      
   358.251055696483439391021077929743201      
   400.894425443887646986116351534428820      
   453.688942219226998574680732896598130      
   520.283496945957142606078875962832203      
   604.642429110775601559167899257409612      
   710.880880431087603833544688577033834      
   843.143173382131654491993310176169279      
   1005.43826448328631887573415473166181      
   1201.57416543305490307053015602242674      
   1435.05437979979909592213415238168496      
   1709.09998313766477919825924988620002      
   2026.62373416042046194511761644163712      
   2390.30633295698458677671260386805624      
   2802.64907041693855992469442075326535      
   3266.11006527783941609978028847649498      
   3783.17050368658762885082643227973786      
   4356.49883101563312790846260403002946      
   4989.09674971359603433966560738129050      
   5684.29738793889243548239048379693177      
   6446.04462978874258588609687372138613      
   7278.95033342954443913242488314270432      
   8188.33369522937556777945458485079773      
   9180.26214797145848203085202040463605      
   10261.6523577143268565927978565942547      
   11440.2160122048089125732640255953365      
   12724.3453938334592858924396350945209      
   14123.0658211244517138623215582612909      
   15645.9014918461308916106270039858326      
   17302.5216401391443657114784739675259      
   19102.6460640410702237405659069447472      
   21055.8815457516141334423866420469029      
   23171.0261970143307709464956295221536      
   25456.2859767555269302821213991052404      
   27918.7732651185058759227680612050947      
   30564.5064171405209566570412998370895      
   33397.9688639629455294645669327456333      
   36422.3239334530700368880117168907180      
   39639.4251864956050795532350373398776      
   43049.6681306272236970602834710471530      
   46652.1191894105403470267055956225135      
   50445.2628723157209947176630527861671      
   54426.4055870144896736071988140258866      
   58592.7102887320408233757584141563493      
   62941.5479874848112277213149927551693      
   67470.8037208301765142453631226103034      
   72181.7746807435892305433709655232946      
   77081.5781243442390976105346733567039      
   82175.1909283741073082468745285904847      
   86980.7460700722565376686034801213676      
   91448.7821722296119523165169014383273      
   97074.5653917391941462769727368669863      
   103619.267427051933389468268768279601      
   110864.597659189949551841302945357194      
   117659.823917661491169938307556464643      
   124534.196834527057859434102444983915      
   130555.334434332994166233609224214261      
   135871.680558827765154142886748838952      
   141137.744659092599766020609682604864      
   145909.878408983309049332609546237932      
   149927.752803813691355050147096081493      
   155486.118348111115149527943205243261      
   161514.696903607997444886388225662452      
   168587.506093821248699928183496885794      
   178247.423244348323179880728706836039      
   190636.591761143215132604324793116046      
   205423.594403211264007745928249028335      
   222084.033401800061339782970410811730      
   241914.321487558720737637878644304615      
   263228.285509568097898951639226043067      
   283815.172237557019703858563444651484      
   304788.625408398943685819160747680082      
   324597.893148236637254820368520642872      
   341413.289548488041089737176906631199      
   355134.367783145448005451882941343494      
   365953.612166015225453601356890313871      
   373790.628708220241234478026984116244      
   377798.943875600381828133894937813428      
   380297.397853345002511507325607844533      
   381608.486503431546210015079434268240      
   381847.037165985454087351484808924887      
   382801.793125399338796293450571958683      
   384847.928605821578848510155556467617      
   387671.672585432357416199329594763978      
   391961.021312770151800151800529647088      
   396974.264080278336124348382475559487      
   402729.860492977717929432890379514784      
   409429.764012382215195878475254457237      
   417809.599346214816808831125635759822      
   427263.685547440894982223148731615333      
   436680.152557573949529092976436039026      
   446263.290465058861958109328654718215      
   456068.070538362592047483905659427031      
   466153.783064752625356026415923137736      
   476563.702733753875192656621943841554      
   487310.246182204100776912079711162049      
   498387.147379803419241146660356314569      
   509777.277934466007358876636759136995      
   521465.423583205422938645739253336087      
   533437.976000765893503553917078107331      
   545683.871085436640984353426225870970      
   558194.865451303797146054232013584071      
   570964.615313765034097830150455764935      
   583988.104442827408280320565896259538      
   597261.297912749923206999669272903800      
   610779.849149226713014000032176970226      
   624541.713752564751035896226110749550      
   638543.724892500773341396361708613251      
   652783.984051462534476761358010077675      
   667260.612667854082617486213957131146      
   681971.658810778949632248499623979133      
   696915.717482415426946158802599176181      
   712091.848082648575888447690886466546      
   727498.486604744491199052214368387599      
   743134.825090714785280237772523128171      
   758999.771287763199489853427717416208      
   775093.058610705288932972742049145229      
   791413.437704120097716890363252211183      
   807960.372859067803869529546489808237      
   824733.012703491910934576932472707717      
   841731.003316492055837523520424763697      
   858953.611406951525426839923575140029      
   876400.297026429550268318278686774468      
   894070.445036921236602834951459188404      
   911963.689052373381164350331065027861      
   930079.208637852524063335404431117706      
   948416.727050397085799966541049229445      
   966975.733379156356817741838859347075      
   985755.508727762262842473781081463362      
   1004755.74394126530386633320758379706      
   1023975.87585525973785486874861761490      
   1043415.37336214216431196947704416162      
   1063073.79863043187126332022521840464      
   1082950.57812505735892029563740971675      
   1103045.38744987120630071859654461230      
   1123357.63668795450954365270160762609      
   1143886.85347962887987824044239221924      
   1164632.65755888063436786932395338200      
   1185594.43702448085432628180609628311      
   1206771.71922711575173260932483710012      
   1228164.15727795855980357094757028866      
   1249771.17136561229918818422878519791      
   1271592.32011106799726232652264652953      
   1293627.16408843315932488754474456259      
   1315875.33434664191823156472479102136      
   1338336.22596657108835844340728851273      
   1361009.53833822243836272299652299618      
   1383894.78984113839193432524078898944      
   1406991.47451747580710225693288234279      
   1430299.19630265273511655033158901417      
   1453817.56891563622805772329131842608      
   1477546.16598134821212595439704131066      
   1501484.45480773659271805529411364042      
   1525632.18773350221351396465284485541      
   1549988.90220236357382754849184731430      
   1574554.28033281340897401056062920911      
   1599327.82913394476310354773661758147      
   1624309.31803699482184066745421366726      
   1649498.34842210999113179818573329673      
   1674894.47526642911173063224837237657      
   1700497.42554542072799697225134024536      
   1726306.85289666365329107302721756540      
   1752322.34388761397087731555562983460      
   1778543.64231492710769172652867060767      
   1804970.33545143249317206250414901738      
   1831602.16917532364358367180285640015      
   1858438.78619311141108564594247715742      
   1885479.90720850914377970662497887904      
   1912725.17628094351178782116811229302      
   1940174.29164491125936259683153307499      
   1967827.02231785294854868689039398932      
   1995683.12337335154259046641616932612      
   2023742.25007014810350367928960088796      
   2052004.18976268011916830074671468371      
   2080468.64888826363422185624252490260      
   2109135.43908146048976642764370741485      
   2138004.25349082244794081169735854096      
   2167074.77925186148742398967934877378      
   2196346.82183763857475460037658334244      
   2225820.12170807023093637620993478262      
   2255494.44233427857710856567321510426      
   2285369.60089705826785112424620140916      
   2315445.35981171326404884300015698124      
   2345721.52594807991337407921004697853      
   2376197.80068399423296374068093968271      
   2406874.18821369872625330464320249934      
   2437750.33905232142769798354897696694      
   2468825.99317988658801839698625034490      
   2500101.05090203857168983120149570217      
   2531575.36679981197554637064568534255      
   2563248.55527308536478179814835666892      
   2595120.56509601679790195363671858687      
   2627191.20352010571050132655187809717      
   2659460.22599234309139306182751033821      
   2691927.50221067581176972796105528616      
   2724592.90289872168316992981211330685      
   2757456.15992456370884261046124021913      
   2790517.21913275235895823453576929323      
   2823775.85779844924592111471306932611      
   2857231.74430919338753598781234729915      
   2890885.02543085145948707696043220111      
   2924735.38966183443193386289797999445      
   2958782.67848303388597846891947355775      
   2993026.78613874561908539768317139912      
   3027467.39119888340252971308031039193      
   3062104.65769390699663638166428400985      
   3096938.10051153682706805766007567515      
   3131967.84699425730133422212280169960      
   3167193.61293842794019576526711066861      
   3202615.16504639118084141723901248452      
   3238232.62291958224703391244681646279      
   3274045.84500746405007517193392358628      
   3310054.34371886902325267507217313563      
   3346258.42742976565659313310344574848      
   3382657.60856298423478474600469160801      
   3419251.99871752741725521262463712813      
   3456041.33302410897030510765158662379      
   3493025.50782208452707258782725118061      
   3530204.70498386488566778420046635484      
   3567578.28947137124567952256587409036      
   3605146.12827113245329030346138993697      
   3642908.77792898437045955453126668676      
   3680865.49152604829739933598749428142      
   3719016.23745139181938159727773086621      
   3757360.96195300616432989473202056794      
   3795899.71928731361121262066729422761      
   3834632.13569138873245691709371804373      
   3873558.06192558416968754488508604465      
   3912678.17182842397907876063735827326      
   3951991.42988477806749510614853782157      
   3991498.09787185284443361039876924899      
   4031197.80578077773422534992460924229      
   4071090.78755064309826185870278163247      
   4111177.20936866868618859898422739790      
   4151456.43194369413873494549832562039      
   4191928.19138656026233549893018454019      
   4232592.92362269084732837226083340599      
   4273450.65437735077076677412405340667      
   4314500.67591444240889534003502459161      
   4355743.68949480271488208009938813091      
   4397178.85344215791064114957051649354      
   4438806.26371963764618933732115685153      
   4480626.22250029374811406704605474887      
   4522637.85889597861116362029456239061      
   4564841.30816525046582878419896437911      
   4607236.94548054033330411330454287914      
   4649824.23238488162584292114943254479      
   4692603.18010132727920726529917236645      
   4735574.22481166880446365184887310552      
   4778736.89162363722445966093337730758      
   4822090.91916451466793309073271778600      
   4865636.41065570063794629757362698052      
   4909373.75302569199292745100472310518      
   4953302.20653320031928045821915801035      
   4997422.22285876615685948757931612815      
   5041733.33401062723207132222269625004      
   5086235.75182944506921184927018995474      
   5130929.15511399153725249746541758295      
   5175813.38330901414361501158429217164      
   5220888.61940566532703565574693224118      
   5266154.46461305729484158383963858400      
   5311610.98402212228714390056078878460      
   5357258.28803109845877119851471968246      
   5403096.12707665084240225027459471801      
   5449124.70961881363809614381015771192      
   5495344.00917909874243835855637331702      
   5541753.60938952464509173606829485878      
   5588353.80809029933123345179148312567      
   5635144.35359071937273713910186569783      
   5682125.26904981031582495987243292443      
   5729296.28283125020387842575159385780      
   5776657.58665086819926060915248360033      
   5824208.94453141687985682838070024326      
