   330.73744631160491        568.35208980493235     
   330.71167349193991        568.35137923818343     
   330.68153287373997        568.35038474888859     
   330.64666434848868        568.34902618880892     
   330.60671740127702        568.34721299059447     
   330.56135345282718        568.34484611304629     
   330.51024808414110        568.34182069493920     
   330.45309284162232        568.33802928401190     
   330.38959650210558        568.33336545401198     
   330.31948570913505        568.32772761375850     
   330.24250488018356        568.32102282563824     
   330.15841525432211        568.31317044906575     
   330.06699314099359        568.30410544518725     
   329.96802719397192        568.29378126996767     
   329.86131543560123        568.28217197791810     
   329.74666050910594        568.26927413581814     
   329.62386532979838        568.25510766171703     
   329.49272773814056        568.23971619496660     
   329.35303493113287        568.22316677419894     
   329.20455756402094        568.20554889498578     
   329.04704382751368        568.18697302151418     
   328.88021346811297        568.16756851084961     
   328.70375198424432        568.14748115525288     
   328.51730505053530        568.12687030682548     
   328.32047326331463        568.10590568286648     
   328.11280726203364        568.08476391203749     
   327.89380338721031        568.06362491061270     
   327.66289978914500        568.04266811212517     
   327.41947314133478        568.02206863986135     
   327.16283593012184        568.00199345920464     
   326.89223438416201        567.98259754626440     
   326.60684695886391        567.96402020694677     
   326.30578362858165        567.94638139337610     
   325.98808566442455        567.92977827709785     
   325.65272612490321        567.91428196836898     
   325.29861102363083        567.89993445738560     
   324.92458112351414        567.88674581893099     
   324.52941433800362        567.87469165747916     
   324.11182881074234        567.86371087595114     
   323.67048646892727        567.85370372885166     
   323.20399723489476        567.84453020950605     
   322.71092366467235        567.83600877898027     
   322.18978402653954        567.82791562327418     
   321.63906525267572        567.81998348603031     
   321.05721767826242        567.81190237669261     
   320.44266741720423        567.80331908287394     
   319.79382031577364        567.79383788289817     
   319.10906689508522        567.78302130276745     
   318.38678700321742        567.77039119419521     
   317.62535344305917        567.75543007662441     
   316.82313484529499        567.73758259674605     
   315.97849702042515        567.71625705242491     
   315.08980335658140        567.69082712720126     
   314.15541704855633        567.66063347397926     
   313.17368225182173        567.62498487698554     
   312.14294422765863        567.58315992528401     
   311.06152622940732        567.53440775611512     
   309.92772595403841        567.47794880485003     
   308.73980637649919        567.41297509938261     
   307.49599076719255        567.33865061290953     
   306.19443138885703        567.25410947612500     
   304.83322226666212        567.15845674979892     
   303.41037116665791        567.05076620553348     
   301.92378820948801        566.93007910410859     
   300.37127161581549        566.79540218214549     
   298.75049179924196        566.64570555082389     
   297.05897617423562        566.47992050724213     
   295.29409283727597        566.29693709377852     
   293.45303439319667        566.09560177438129     
   291.53280132682596        565.87471513026071     
   289.53018531295078        565.63302993125751     
   287.44175245946792        565.36924933727960     
   285.26382708319619        565.08202592046825     
   282.99247549424177        564.76996124771165     
   280.62349165516940        564.43160657190401     
   278.15238435470690        564.06546477628547     
   275.57436805763501        563.66999408415711     
   272.88435907043765        563.24361391754269     
   270.07697943430753        562.78471354642465     
   267.14657310037143        562.29166416347425     
   264.08723995061672        561.76283545313140     
   260.89289492669559        561.19661766529373     
   257.55736413784626        560.59145028652483     
   254.07453009205463        559.94585928063213     
   250.43854316445677        559.25850397418151     
   246.64411704172599        558.52823517361571     
   242.68692144389399        557.75416505521753     
   238.56407611872254        556.93574771361557     
   234.27473097682386        556.07286754894335     
   229.82067858161861        555.16592786790613     
   225.20692154701482        554.21593088212535     
   220.44210795432261        553.22453756915070     
   215.53874556460380        552.19409662872488     
   210.51316668711621        551.12763274569227     
   205.38524342980836        550.02878857014514     
   200.17787670701108        548.90171318337264     
   194.91627114056635        547.75089721507140     
   189.62702571762253        546.58096665051994     
   184.33710121443275        545.39645867513912     
   179.07276634532181        544.20161070209338     
   173.85863892869409        543.00019072008638     
   168.71692450383580        541.79538661091294     
   163.66690416696235        540.58975780230128     
   158.72468519849465        539.38524237629053     
   153.90318127391299        538.18320518686551     
   149.21226918624879        536.98451129367868     
   144.65906321550739        535.78961072772393     
   140.24823592132867        534.59861849776178     
   135.98244946453897        533.41141566368503     
   131.86258635775158        532.22768271223674     
   127.88815351325589        531.04698169887899     
   124.05754262113361        529.86879534106129     
   120.36827343998198        528.69256241773724     
   116.81719906543100        527.51770444200270     
   113.40067640772476        526.34364498320792     
   110.11470631109775        525.16982318278872     
   106.95504765700051        523.99570277001737     
   103.91730947995823        522.82077757167144     
   100.99702529663445        521.64457494532121     
   98.189709165910401        520.46665508598608     
   95.490905214924197        519.28661358467753     
   92.896220820231875        518.10407858267342     
   90.401354058151071        516.91870972928530     
   88.002113840448430        515.73019635041396     
   85.694434391173260        514.53825552038381     
   83.474385218774060        513.34263015018280     
   81.338177441594794        512.14308714767208     
   79.282167301097687        510.93941569794151     
   77.302857437026617        509.73142568619994     
   75.396896353240493        508.51894628609648     
   73.561076599397381        507.30182469034588     
   71.792331859921873        506.07992496171278     
   70.087724277502872        504.85311985099440     
   68.444477387743476        503.62131894245169     
   66.859914829422223        502.38442375236832     
   65.331493919364192        501.14235651361349     
   63.856791457287898        499.89505246085838     
   62.433498247564273        498.64245889990002     
   61.059414391109357        497.38453473902609     
   59.732444280690949        496.12124993965705     
   58.450591829969348        494.85258506048353     
   57.211955788703314        493.57853079363480     
   56.014725200465875        492.29908753116484     
   54.857175025326626        491.01426495363859     
   53.737661934686564        489.72408164197634     
   52.654620226791444        488.42856467997677     
   51.606558095977867        487.12774935288468     
   50.592053659278712        485.82167864191939     
   49.609751824608253        484.51040310772879     
   48.658360560830317        483.19398034198866     
   47.736647942831546        481.87247475963630     
   46.843439036104868        480.54595725703564     
   45.977612976092175        479.21450484994944     
   45.138100381547822        477.87820050931225     
   44.323880574251035        476.53713269271697     
   43.533979233771745        475.19139516987974     
   42.767466029905968        473.84108666777348     
   42.023452501899420        472.48631072582538     
   41.301089790301440        471.12717521259754     
   40.599566861295145        469.76379229275949     
   39.918108437414240        468.39627795678035     
   39.255973399874968        467.02475196472386     
   38.612452972128423        465.64933745380779     
   37.986869131553462        464.27016068513865     
   37.378573251214341        462.88735100721863     
   36.786944508027062        461.50104043638038     
   36.211388541931399        460.11136340147726     
   35.651336296682395        458.71845673948349     
   35.106242687097698        457.32245929132586     
   34.575585448366375        455.92351170107355     
   34.058864105204194        454.52175617970835     
   33.555599017956858        453.11733691284246     
   33.065330177638494        451.71039877310079     
   32.587616410459681        450.30108789679480     
   32.122034513997555        448.88955132398331     
   31.668178388422366        447.47593680968367     
   31.225658245426832        446.06039264968740     
   30.794099846664093        444.64306750789422     
   30.373143838463498        443.22411028357254     
   29.962445012989843        441.80366994440118     
   29.561671669437210        440.38189532347906     
   29.170505065388227        438.95893509803648     
   28.788638755289107        437.53493747289457     
   28.415778101915674        436.11005013716692     
   28.051639732391660        434.68442022496998     
   27.695951025300154        433.25819405127010     
   27.348449645494984        431.83151702563106     
   27.008883103099517        430.40453352943490     
   26.677008312955152        428.97738685266881     
   26.352591241781866        427.55021915771499     
   26.035406428950459        426.12317114514474     
   25.725236649461340        424.69638212233792     
   25.421872605727231        423.26998991302145     
   25.125112541089816        421.84413068390120     
   24.834761975257866        420.41893901431649     
   24.550633373178925        418.99454773074365     
   24.272545810444441        417.57108770218616     
   24.000324774749320        416.14868801701158     
   23.733801859038895        414.72747572371247     
   23.472814524385015        413.30757590784248     
   23.217205856087148        411.88911155443083     
   22.966824359781942        410.47220355598051     
   22.721523683616770        409.05697057615129     
   22.481162483472019        407.64352911708812     
   22.245604171593666        406.23199336458100     
   22.014716767563701        404.82247529306170     
   21.788372691238756        403.41508453028473     
   21.566448598382372        402.00992838070295     
   21.348825223898039        400.60711176243780     
   21.135387196973817        399.20673718860400     
   20.926022909497263        397.80890473881783     
   20.720624390270373        396.41371216121422     
   20.519087141947001        395.02125474345041     
   20.321310016459993        393.63162533762392     
   20.127195051846357        392.24491409665353     
   19.936647504192088        390.86120953800469     
   19.749575505794894        389.48059691393360     
   19.565890094230046        388.10315936872502     
   19.385505090349266        386.72897758250258     
   19.208336981591977        385.35812983074982     
   19.034304828147565        383.99069197754039     
   18.863330171604769        382.62673751128352     
   18.695336944720307        381.26633754390713     
   18.530251380286408        379.90956078793943     
   18.368001951157670        378.55647374611345     
   18.208519252619720        377.20714044555189     
   18.051735970461866        375.86162273047108     
   17.897586775766577        374.51998013839108     
   17.746008270706032        373.18226997217226     
   17.596938953900942        371.84854766640069     
   17.450319015099865        370.51886543731382     
   17.306090485908882        369.19327437421560     
   17.164197039200381        367.87182310101974     
   17.024583967728240        366.55455814903166     
   16.887198129161067        365.24152398663915     
   16.751987894424282        363.93276305747889     
   16.618903097390611        362.62831581568696     
   16.487894985719052        361.32822075620260     
   16.358916178435148        360.03251448863580     
   16.231920611496882        358.74123168608804     
   16.106863498952549        357.45440515338942     
   15.983701299028738        356.17206594730595     
   15.862391664744385        354.89424331249131     
   15.742893409695110        353.62096476599197     
   15.625166469861421        352.35225612318641     
   15.509171870363376        351.08814156003353     
   15.394871684640016        349.82864358465838     
   15.282228998658400        348.57378305230446     
   15.171207905407742        347.32357944525512     
   15.061773444111536        346.07805064261703     
   14.953891581451867        344.83721305282882     
   14.847529185315269        343.60108167748285     
   14.742653989520717        342.36967005993375     
   14.639234574754267        341.14299040799710     
   14.537240337513133        339.92105358814939     
   14.436641474767910        338.70386920418593     
   14.337408952945953        337.49144562503693     
   14.239514481174215        336.28378996041243     
   14.142930496348402        335.08090816214855     
   14.047630138700915        333.88280503507525     
   13.953587228414552        332.68948424968437     
   13.860776255043964        331.50094845669167     
   13.769172348302572        330.31719924082620     
   13.678751259825107        329.13823714557407     
   13.589489346610833        327.96406172966039     
   13.501363560124760        326.79467165062630     
   13.414351419964946        325.63006462999647     
   13.328431004180336        324.47023752219246     
   13.243580930552589        323.31518632738909     
   13.159780338797693        322.16490620941158     
   13.077008881465812        321.01939155928045     
   12.995246705308869        319.87863599577065     
   12.914474438715132        318.74263240423375     
   12.834673176324676        317.61137294155799     
   12.755824471640295        316.48484911635160     
   12.677910320771716        315.36305179478444     
   12.600913149683111        314.24597120850979     
   12.524815797146656        313.13359691195421     
   12.449601523827997        312.02591808000352     
   12.375253972789215        310.92292313721242     
