 -0.923214756205149002651427822119098445      
 -0.951032407148891493456365164623768123      
 -0.841610275760049955933651040560839144      
 -0.586685387239109395735254729072535689      
 -0.193422877885534724266220017866512064      
  0.314927017957078688891215357136754610      
  0.901610261361412965306343478519973442      
   1.52161030764966919446323245898986660      
   2.12651197447056833931873214306744716      
   2.67063841930988272761220151966586110      
   3.11653292979780214554096751153487272      
   3.43747153562624109027963070267400337      
   3.62157297664517213525844952697462584      
   3.67028483209370490865368900959687116      
   3.59835709134454520845177314428079214      
   3.42836949878240983178903854407867346      
   3.19036606270548835645616581668092409      
   2.91519895719841312452900971294044128      
   2.63594487372545572330678803195980874      
   2.38002868031649781410437709203793517      
   2.17073297812068256460198547595236325      
   2.02644074909730793960039589384201221      
   1.96245012735630811740743450813939247      
   1.98697705166893695618321055609861463      
   2.10570762072676185023899690485088762      
   2.31990035623994590873421030754110274      
   2.62998749931394810998154072738297357      
   3.03055934219603857432866825653691456      
   3.51757343571356351453512129714098654      
   4.08335981045468364205849601913627429      
   4.71353102875696326154911731121750863      
   5.39654136486090238668288285099435574      
   6.11943179875562287000709600875538872      
   6.85978257802998769735622699173273810      
   7.58455878085211825600067975256669433      
   8.27000687526855426335921517269845192      
   8.88390854314808675766724662318919224      
   9.39326719687649372964355621416675765      
   9.75763629716006388483635488551864833      
   9.95278607168720023528717267118600802      
   9.94860660766868567092378821220163993      
   9.72366852169774530392542910414621682      
   9.26863168511687258468605704518271235      
   8.59549076805903460898128357081895088      
   7.71049133162648912288033364976970973      
   6.65097958791682155139467096903903476      
   5.45748950236475359146284104496125893      
   4.18175244220787554265153839375112232      
   2.87822028112136315094532129803976626      
   1.60211077798077430479604565266061159      
  0.426965214313282400052615133106673746      
 -0.612698586221892823798410415018001572      
  -1.46760753475509404103700850170235398      
  -2.11836015549884649266708052440590370      
  -2.54045962901231227968575848106097339      
  -2.74404647982052837340306575870038891      
  -2.73526113733202307231635089505637015      
  -2.50208073983891878682959301257183294      
  -2.06212150588279813727558129615978622      
  -1.42618975302366171318686560767711415      
 -0.541515554399582283839049568416391723      
  0.663390495940515033420174562160824182      
   2.27508238694907248450193982692589102      
   4.14306041039324509086105299324315820      
   5.45175653104568675687661411554462062      
   4.47644062949231887033135361766495201      
 -0.291230076808724938657699125282362290      
  -8.19524632532436864064195399524818870      
  -15.8675117607308589520480692832350146      
  -18.5918239451450161749285299632252873      
  -12.1847387852898777740251866518901323      
   5.72006325955289667919800431835886867      
   35.0436370625494474615471105422288712      
   72.9479136545839201877385907869351300      
   113.967199743021465211880077340605535      
   150.320981240746056706976700143443839      
   172.741177861044798903007579362037591      
   172.334292068603118247646000822743184      
   142.904864947184046939544169480165315      
   82.3663724619959775476930917249160833      
  -5.92423866544488946536075604576832237      
  -112.461222750750618731746369379913896      
  -223.100964980161016379520366410598119      
  -321.473807175109803795927400119613422      
  -391.762730508134785033773642358118802      
  -421.220858840420636934785257944476323      
  -403.028273187520312411824003843125429      
  -337.992371635591562522505717175794669      
  -234.293807330944600747614854164407810      
  -105.910527999722958012720407862309522      
   29.5756474375725273891006673699357343      
   153.730881970692216029163937936757743      
   251.000191316798365328157573833300113      
   311.355287263337435742640033078187952      
   331.280756346598989726936384465308920      
   314.029952029369038868760408307530759      
   268.161492787444215680051063431149219      
   205.097545949199628213364642915875932      
   136.488343194137281722668725319463839      
   71.7165411551616724619011640230872589      
   17.4572413369676401773776004008642775      
  -22.4609461839224289330649160922846520      
  -46.3726403849803561426154115055793367      
  -55.2378324608051680721772991699801873      
  -52.6761160935695825070260000473424550      
  -43.9316633692279854077686323098217942      
  -33.7309146418025898000490660722436014      
  -24.9255439589849844149875852799268984      
  -18.4091606951583238644653969895724188      
  -14.0644179965692381534953757132080114      
  -11.2844512910200324611814454955423631      
  -9.54700292399777796287628728688286929      
  -8.28208653771770924010896550003609455      
  -7.31661379032081477550164710489463778      
  -6.56616622804813057620266643289934592      
  -5.83565013645706481403272061003932794      
  -5.20934388489480858170067668342803381      
  -4.63217154148906683022871312640801769      
  -4.13517829292037706575107753097825753      
  -3.65764433635151871145651414107502813      
  -3.20580556003590194064611645079267474      
  -2.84777827116004530621069650328059350      
  -2.52989396765013449882800071947206508      
  -2.23923996237070673967770527576484372      
  -2.00899036808471005817169890279819284      
  -1.81130357308741900276794012893917351      
  -1.66725007591283095117591800445462141      
  -1.52113741492301499530582831471561274      
  -1.43883145036214653702833541215296972      
  -1.33030859391089410970343316570304971      
  -1.23474606611680600378040538230608563      
  -1.15061521201017340804333267243049430      
  -1.08473764993917460986553939742563589      
 -0.994329970989487116711201776425452277      
 -0.936305496423738286019281557202671539      
 -0.895042147088988524767561330839186252      
 -0.878074600433694058152725818304220767      
 -0.839998215750384005760040170845144778      
 -0.810776293468998355952750893869772485      
 -0.781505031248117349265069961809659577      
 -0.762911080468824196877299475876582556      
 -0.741994872076419365468713593018169189      
 -0.724758566568235285295169846514957894      
 -0.706157419610460510354899214831783310      
 -0.680089153535779595515268764444204477      
 -0.673530285194939819507692707511325065      
 -0.654120347281378603078492833736974950      
 -0.640053365974922387068715549949835509      
 -0.629477836040142966886669613087480784      
 -0.615473473284092162632272780573206702      
 -0.609813797013826354019123772917700952      
 -0.590433852213388384770268601833128322      
 -0.577479733899396488632734006815393304      
 -0.568266562696774375568940696837291358      
 -0.556414590910201914309124978351726480      
 -0.544351169996807320633180509595007033      
 -0.525348302088212584843207445700400426      
 -0.515052534838537180056101712430549484      
 -0.500926820858756262529310481407120036      
 -0.496318336085359758045980151221410434      
 -0.485611531850896943521646560597822332      
 -0.479251830913333704172333501157763592      
 -0.471999907453709882825268399575576740      
 -0.465818709745575398179776411849144856      
 -0.455780697729386266597598919465804546      
 -0.443594300741689907349250408429687445      
 -0.428785385752143297512451847570978617      
 -0.413726391977024741124509256963076640      
 -0.393975969640666279369922513978940688      
 -0.384567699175293454669293667851634192      
 -0.366299594486253434935093355877161795      
 -0.360823269437712955064603971492159318      
 -0.355785615428044261375938433754525057      
 -0.348403549360131999879911432510827780      
 -0.345785697876317711593360141626933324      
 -0.348855263766293557643375205738377926      
 -0.341705054698750782522304329682025754      
 -0.336191409374812228223516250277587931      
 -0.326441020222478549862445718431024448      
 -0.316436907067713607701677647176766350      
 -0.304594603766461910664089527559198238      
 -0.290176123327597335537119855338122566      
 -0.276943970079652569225802864369557060      
 -0.266789055109348298349228697769474977      
 -0.252995357495167496613295652750398328      
 -0.251536321457582556955994752275189022      
 -0.239411100135584174976274890142500417      
 -0.240680596713395402121741883670042332      
 -0.240605073462969777739394756781303610      
 -0.233180930041867832678153345287418193      
 -0.232771111385585993160454223955034955      
 -0.219990865230583175628003571498676380      
 -0.215541622889298351458854182400968941      
 -0.205279041122539188667097381171920135      
 -0.196264852682891568722776763860920806      
 -0.205765429563129268865778279112852826      
 -0.205188254345070044201772803849308027      
 -0.199867006978528684699560581944799427      
 -0.191526648237124893782034441245312003      
 -0.184912452643634855417125392218608126      
 -0.179226853699938005358201172821449201      
 -0.168992988949712981148570039534903666      
 -0.163372445326812129837488946899310567      
 -0.156206264139494723354344599552628854      
 -0.141007891806198337932771465667633297      
 -0.173807998394988984748902305882594321      
 -0.165665048841621699696289357844365813      
 -0.156949702127912768273822902362108247      
 -0.149169586242253254160111897455098514      
 -0.158856717692687530227316476666125662      
 -0.150442963003906647268196414411777003      
 -0.138908884247974390883180905530971430      
 -0.121469096771078853243848782092484836      
 -0.121993882842018202366793010249494290      
 -0.109079314031348248810518629754250059      
 -0.111793103648357139070959851218938551      
 -0.125401267930292102135018719661363278      
 -0.121588211734665841581304875378615337      
 -0.147175463850649474803437189585721139      
 -0.157808954999442000953463599361279244      
 -0.145827652727519829035036618196038994      
 -0.108628181695196127268312465397023452      
 -0.120757962318964900124895538940165211      
 -0.132768577059712554633044961895477192      
  -9.81788806317498447325514581397605901E-0002
  -8.50141469438787523005601507460246412E-0002
 -0.107440821590051630866264990943639490      
  -9.39685641193313266237257004394549042E-0002
  -8.71225934448960377469348617288367668E-0002
 -0.104337430616106686367228292419949869      
 -0.120413215493765533396647382542355794      
 -0.104399411408282475869485757945187935      
 -0.117979817834072851312650069311727450      
 -0.121733377040472212844734898552175049      
 -0.115554205350710257018180883684017518      
 -0.100349459538919252204895863008017945      
  -8.90779967691720163371479802243257923E-0002
  -9.18510444559348090407657288384381785E-0002
  -6.54577949132263806623279506596932749E-0002
  -5.46721594901744634647046140261662609E-0002
  -8.16419678028372576039266966483926409E-0002
  -6.37152429769929017949021967468870170E-0002
  -5.74550149897466146352721020468868897E-0002
  -7.51225882282178469670078527472988203E-0002
 -0.104149338429139643016045365390966564      
 -0.131250497359648762207589880147672181      
 -0.110358227043951961921149824454689357      
 -0.143060120940803355869475314153151405      
 -0.116145115361716746678091598518409447      
  -8.50041556067578313888681466850550750E-0002
  -8.07600339055013803162470788930299610E-0002
  -6.99255216593627074700467884073486824E-0002
  -2.26106050960690476136052648047701648E-0002
  -3.02225064829019704271225253715858254E-0002
  -1.35162398780113349700913842291173527E-0002
  -4.24154908565007033690831068752199038E-0002
  -4.14816862656063360170069621393132440E-0002
  -6.23857861090600400220569014032155869E-0002
  -9.65621952987397792155966836429839411E-0002
  -9.99189214961961436957177706418920750E-0002
 -0.102510019053314838562033783573254946      
 -0.104905068449911178683613030021238347      
  -9.89785947963480553246706293284152107E-0002
  -8.50022420339681697187624004047703333E-0002
  -6.00271106080401592812097218360577084E-0002
  -5.12229881205781818666551571013035673E-0002
  -4.68206649511869623301336188833885035E-0002
  -3.70506949133955034788634622480942391E-0002
  -3.71940748759798169370290965234294223E-0002
  -4.32576108135580451088549598141462743E-0002
  -4.89673464595809553215347085314389017E-0002
  -6.80186860517644263208864181606205801E-0002
  -7.43635694926767068242735417875098041E-0002
  -7.76879200592126241283741005524240679E-0002
  -6.18187326781456754772241159363448445E-0002
  -4.78432979349914248662871059471010892E-0002
  -4.11618127217658909220255819593733004E-0002
  -3.54339519563692018828019575069150051E-0002
  -3.34145160836366749717480943365958565E-0002
  -4.84464640655038695503467786620032203E-0002
