   49.902185079936899        66.545301102018897     
   49.902185079936899        66.545301102018897     
   49.902185079936899        66.545301102018897     
   49.902185079936899        66.545301102018897     
   49.902185079936459        66.545301102018669     
   49.902185079884553        66.545301101992735     
   49.902185078291708        66.545301101196856     
   49.902185057556672        66.545301090836020     
   49.902184906300064        66.545301015253514     
   49.902184172705013        66.545300648659506     
   49.902181530126207        66.545299327992481     
   49.902173912143461        66.545295520268141     
   49.902155400286617        66.545286265452177     
   49.902116045609468        66.545266584539348     
   49.902040831582802        66.545228955554890     
   49.901908938408489        66.545162937117411     
   49.901693408726167        66.545054988893540     
   49.901361215256792        66.544888489677618     
   49.900873686895977        66.544643930304403     
   49.900187206332781        66.544299235742088     
   49.899254067758186        66.543830157606038     
   49.898023402189231        66.543210685605274     
   49.896442096341417        66.542413440223442     
   49.894455625944971        66.541410004109181     
   49.892008795901624        66.540171194420310     
   49.889046369513991        66.538667273759216     
   49.885513608955755        66.536868122543737     
   49.881356732276750        66.534743385459080     
   49.876523327238310        66.532262626106615     
   49.870962737929162        66.529395504198433     
   49.864626446292171        66.526111995201532     
   49.857468440274246        66.522382645634551     
   49.849445578754946        66.518178870974324     
   49.840517957302495        66.513473289133103     
   49.830649242520792        66.508240067745604     
   49.819806972532795        66.502455271782352     
   49.807962818728086        66.496097201394306     
   49.795092780358672        66.489146694299137     
   49.781177315034988        66.481587385685387     
   49.766201397929052        66.473405915459111     
   49.750154510790487        66.464592077096142     
   49.733030549043953        66.455138898691246     
   49.714827663432366        66.445042662172639     
   49.695548041920929        66.434302862618893     
   49.675197629347267        66.422922108061030     
   49.653785803082442        66.410905969031347     
   49.631325009199493        66.398262783683435     
   49.607830372527971        66.385003427599287     
   49.583319275117844        66.371141048525615     
   49.557810934800656        66.356690785771193     
   49.531325966898144        66.341669467791931     
   49.503885947526697        66.326095301192240     
   49.475512984343560        66.309987556799257     
   49.446229289895626        66.293366251305869     
   49.416056770686879        66.276251836011099     
   49.385016627944758        66.258664888905372     
   49.353128972678491        66.240625815789542     
   49.320412458122554        66.222154561423608     
   49.286883925463783        66.203270330090433     
   49.252558069021610        66.183991319197190     
   49.217447112843757        66.164334462175916     
   49.181560503857028        66.144315183593577     
   49.144904615860646        66.123947163595247     
   49.107482468784674        66.103242113697348     
   49.069293453955950        66.082209559407403     
   49.030333028801088        66.060856614660764     
   48.990592621077106        66.039187846734023     
   48.950059144685561        66.017204981836585     
   48.908714899354074        65.994906775633268     
   48.866537290113207        65.972288808723647     
   48.823498575622452        65.949343296138039     
   48.779565625567038        65.926058902370201     
   48.734699670245000        65.902420553610312     
   48.688856035211558        65.878409242045976     
   48.641983884716083        65.854001835639252     
   48.594025950076386        65.829170880562927     
   48.544918237249718        65.803884388328584     
   48.494589750826478        65.778105635753349     
   48.442962168851544        65.751792938630302     
   48.389949529293233        65.724899422067566     
   48.335457892557471        65.697372786169538     
   48.279384974579948        65.669155047858553     
   48.221619776847987        65.640182281265595     
   48.162042180360892        65.610384337580030     
   48.100522530192180        65.579684554255707     
   48.036921180320157        65.547999443367573     
   47.971088027398231        65.515238366274730     
   47.902862005503373        65.481303188164006     
   47.832070557186611        65.446087913937774     
   47.758529081474094        65.409478308571806     
   47.682040350529405        65.371351491141056     
   47.602393854080027        65.331575496878841     
   47.519365224195546        65.290008860691273     
   47.432715514462082        65.246500133143371     
   47.342190508041334        65.200887393385955     
   47.247520010480471        65.152997756764464     
   47.148417126519561        65.102646865503175     
   47.044577474044573        65.049638331595645     
   46.935678483396480        64.993763240319154     
   46.821378634700935        64.934799583172506     
   46.701315981593133        64.872511326827649     
   46.575110408694606        64.806649498188918     
   46.442358850249711        64.736949428473281     
   46.302637412897845        64.663131764238329     
   46.155500312146891        64.584901735785678     
   46.000479633728837        64.501948886568613     
   45.837085228162827        64.413946871110397     
   45.664804792288770        64.320553372384637     
   45.483104261774386        64.221410201524392     
   45.291428399060578        64.116143522058366     
   45.089201708193443        64.004364279167362     
   44.875829628776344        63.885668813253304     
   44.650700016442009        63.759639665898490     
   44.413184864285931        63.625846565695554     
   44.162642243508841        63.483847572099684     
   43.898418318676761        63.333190321077105     
   43.619849398408540        63.173413338822265     
   43.326263897349762        63.004047390191730     
   43.016983641269675        62.824616387854455     
   42.691325578002903        62.634638838528701     
   42.348602090506013        62.433628316766267     
   41.988121278600829        62.221094093355383     
   41.609186455092477        61.996541373897081     
   41.211095280434932        61.759471398209278     
   40.793138771561267        61.509381554191130     
   40.354600546373945        61.245765727717028     
   39.894757750932271        60.968115771980791     
   39.412878027678460        60.675920603337374     
   38.908238657885605        60.368679036481531     
   38.380114042866126        60.045893063410738     
   37.827808810422638        59.707089294847151     
   37.250672656061433        59.351828976744429     
   36.648134478626616        58.979729718686961     
   36.019746715112532        58.590493198332311     
   35.365242303750044        58.183940249819678     
   34.684603685489606        57.760052923039240     
   33.978140788030615        57.319021672430111     
   33.246571316202569        56.861293688047844     
   32.491094269314161        56.387616885731163     
   31.713445360215704        55.899072549421277     
   30.915923234405994        55.397089613230328     
   30.101378844533475        54.883435343512105     
   29.273162549280851        54.360178692359042     
   28.435029824518196        53.829626923143742     
   27.591012012634799        53.294240237297046     
   26.745264845779595        52.756533509933490     
   25.901911950904630        52.218977067512284     
   25.064900926384674        51.683908164813715     
   24.237885724330823        51.153461712600134     
   23.424142930782267        50.629524329498061     
   22.626522869087459        50.113711303496210     
   21.847431454407136        49.607362899376135     
   21.088836036175632        49.111554984878588     
   20.352287885544914        48.627118821045968     
   19.638951428277601        48.154663451641078     
   18.949655674839256        47.694611218850525     
   18.284911520799962        47.247208880786879     
   17.644966187441828        46.812562388318831     
   17.029836245258569        46.390656393416975     
   16.439342430783221        45.981374324889856     
   15.873141997924133        45.584516394261932     
   15.330758165894210        45.199815525748441     
   14.811606759922720        44.826951421487998     
   14.315019936983035        44.465562857250490     
   13.840267059405027        44.115258348608982     
   13.386572815725073        43.775625315645549     
   12.953132734007605        43.446237874779577     
   12.539126279203685        43.126663387797095     
   12.143727745256761        42.816467893145379     
   11.766115178700881        42.515220553034446     
   11.405477559197875        42.222497229061190     
   11.061020470332773        41.937883308434209     
   10.731970466342389        41.660975881484951     
   10.417578338645933        41.391385369139549     
   10.117121454630166        41.128736687110205     
   9.8299053313905382        40.872670027139598     
   9.5552645722903868        40.622841313225308     
   9.2925632989194291        40.378922405548387     
   9.0411951453337132        40.140601061236410     
   8.8005830569956540        39.907580885596495     
   8.5701785826250418        39.679580841478597     
   8.3494612291610828        39.456334974557130     
   8.1379375589713394        39.237591901374671     
   7.9351401998348239        39.023114288748580     
   7.7406268011286370        38.812678292276495     
   7.5539789384396210        38.606072966629732     
   7.3748010057709390        38.403099671996884     
   7.2027191095153320        38.203571481809419     
   7.0373799767335239        38.007312596626107     
   6.8784491016471492        37.814156804126263     
   6.7256128512880187        37.623950799514475     
   6.5785726030021845        37.436547692674125     
   6.4370470977253804        37.251810530292303     
   6.3007706561668861        37.069610763163752     
   6.1694922840312749        36.889827754767076     
   6.0429748244606136        36.712348320250875     
   5.9209941599484219        36.537066292803743     
   5.8033384420152645        36.363882097364154     
   5.6898073870187682        36.192702376336584     
   5.5802115703189159        36.023439583530958     
   5.4743718166179933        35.856011670479894     
   5.3721185657327117        35.690341715905888     
   5.2732913273516022        35.526357640524608     
   5.1777381382736669        35.363991899125658     
   5.0853150533224643        35.203181197579973     
   4.9958856869865063        35.043866241757740     
   4.9093207620217845        34.885991486472335     
   4.8254976901100441        34.729504893769011     
   4.7443001926157136        34.574357726996631     
   4.6656179240826496        34.420504340722360     
   4.5893461359572214        34.267901986822665     
   4.5153853549591663        34.116510641411111     
   4.4436410737131249        33.966292820596493     
   4.3740234724854377        33.817213431844088     
   4.3064471503355932        33.669239614732675     
   4.2408308862527511        33.522340614355542     
   4.1770973861760865        33.376487624783145     
   4.1151730697722702        33.231653675256467     
   4.0549878843371934        33.087813534311856     
   3.9964750815426124        32.944943560147188     
   3.9395710470336267        32.803021620583209     
   3.8842151359886889        32.662026995008922     
   3.8303495108074772        32.521940281017081     
   3.7779189815294418        32.382743302549827     
   3.7268708698118806        32.244419032252061     
   3.6771548827768963        32.106951520333240     
   3.6287229671201331        31.970325812307120     
   3.5815292142732549        31.834527893640630     
   3.5355297369601675        31.699544619812489     
   3.4906825697731740        31.565363661629409     
   3.4469475625708355        31.431973440991829     
   3.4042862975619133        31.299363085598394     
   3.3626619938705953        31.167522376797926     
   3.3220394306520520        31.036441706528986     
   3.2823848635673381        30.906112008992512     
   3.2436659663466987        30.776524809154154     
   3.2058517380196534        30.647672050678711     
   3.1689124549338170        30.519546152653973     
   3.1328196020442549        30.392139946793918     
   3.0975458201483086        30.265446650532848     
   3.0630648453152234        30.139459843521781     
   3.0293514588163712        30.014173428269828     
   2.9963814371088957        29.889581608168804     
   2.9641315068855545        29.765678866512118     
   2.9325793000849361        29.642459941823141     
   2.9017033107081973        29.519919804902113     
   2.8714828572669666        29.398053641575792     
   2.8418980446582087        29.276856833471278     
   2.8129297338291486        29.156324967172260     
   2.7845594871214407        29.036453712315815     
   2.7567695673471304        28.917238963232879     
   2.7295428874951146        28.798676723138399     
   2.7028629867738472        28.680763115974049     
   2.6767140029736618        28.563494373262095     
   2.6510806468508896        28.446866823886989     
   2.6259481774683708        28.330876883740274     
   2.6013023786873304        28.215521045835718     
   2.5771295369986755        28.100795871634059     
   2.5534164198215574        27.986697980577034     
   2.5301502571975392        27.873224050660610     
   2.5073187210006096        27.760370804034537     
   2.4849099060017443        27.648134998375514     
   2.4629123139705467        27.536513426807225     
   2.4413148365743509        27.425502910387909     
   2.4201067403734706        27.315100295699636     
   2.3992776507490521        27.205302446957290     
   2.3788175383082435        27.096106245058561     
   2.3587167048358531        26.987508582080753     
   2.3389657703828126        26.879506358879176     
   2.3195556608028620        26.772096481413147     
   2.3004775959250567        26.665275859131654     
   2.2817230779540822        26.559041400285512     
   2.2632838809823728        26.453390012562341     
   2.2451520407375809        26.348318601331677     
   2.2273198440121424        26.243824064414099     
   2.2097798199572773        26.139903295764558     
   2.1925247316410008        26.036553185342626     
   2.1755475658154939        25.933770611798689     
   2.1588415257736249        25.831552447025405     
   2.1424000227286299        25.729895552180722     
   2.1262166688950854        25.628796779635977     
   2.1102852696273864        25.528252971221217     
   2.0945998168179454        25.428260958743181     
   2.0791544819459888        25.328817562699331     
   2.0639436109063944        25.229919598582640     
   2.0489617164825851        25.131563868672288     
   2.0342034725181204        25.033747163663069     
   2.0196637094107914        24.936466269685319     
   2.0053374075054449        24.839717961181208     
   1.9912196925901307        24.743499004603905     
   1.9773058307752500        24.647806159341293     
   1.9635912238657669        24.552636177917243     
   1.9500714041095908        24.457985803892182     
   1.9367420299362375        24.363851770924288     
   1.9235988855216852        24.270230829982992     
   1.9106378693547392        24.177119702158226     
   1.8978549951810424        24.084515111894277     
   1.8852463881229877        23.992413784125915     
   1.8728082801310304        23.900812440651166     
   1.8605370066830527        23.809707802010681     
