   6.47071222216350493626018803756736083E-0005
   6.47055755190792341338130632669928287E-0005
   6.47029975290242328250349031147691735E-0005
   6.46993879598665713274915596503347991E-0005
   6.46947463479719357677856575847584405E-0005
   6.46890720615721995298651383828503478E-0005
   6.46823643353647601713076167850466985E-0005
   6.46746223593308807699404755232063956E-0005
   6.46658454267809354786868563342250582E-0005
   6.46560331055019545096526677797892118E-0005
   6.46451853779550116042289136118299176E-0005
   6.46333027108329032071689267725772581E-0005
   6.46203860405145580334414524837388907E-0005
   6.46064366815953069416427627732952352E-0005
   6.45914561755790594301395502236247399E-0005
   6.45754460981130068573312448386037031E-0005
   6.45584078398057492907741494500023501E-0005
   6.45403423711035665495087181508874433E-0005
   6.45212499981617366404631358845761225E-0005
   6.45011301152374605117995590985564974E-0005
   6.44799809599152814110516771041974856E-0005
   6.44577993797287322275957205268130207E-0005
   6.44345806213190139123581342262214835E-0005
   6.44103181550361189504964163920942134E-0005
   6.43850035480501002669256424509374737E-0005
   6.43586263973188734142330487189143206E-0005
   6.43311743303605759109094479054765829E-0005
   6.43026330772522235528505445797154637E-0005
   6.42729866123245486226653895686210070E-0005
   6.42422173593119668514955043990580729E-0005
   6.42103064498265018400086926835860691E-0005
   6.41772340222135220229930997806654208E-0005
   6.41429795463415386507005513804805272E-0005
   6.41075221595755040630574908837139172E-0005
   6.40708409999419262896607315980250340E-0005
   6.40329155240742979630005977590130144E-0005
   6.39937257996614866531658037205844160E-0005
   6.39532527645507478218093627057680555E-0005
   6.39114784471375376597415216205536039E-0005
   6.38683861451668454410688270757840755E-0005
   6.38239605621078119173894160285880947E-0005
   6.37781879018922562815827609697974886E-0005
   6.37310559245579842283941145516850249E-0005
   6.36825539667752491275085195187362323E-0005
   6.36326729308546622451947203199974061E-0005
   6.35814052472399136711301381170180081E-0005
   6.35287448152489795262834895985324346E-0005
   6.34746869265742145614363188494314538E-0005
   6.34192281763267993727201004641876343E-0005
   6.33623663654911384463725448890348621E-0005
   6.33041003981492470912956597619402038E-0005
   6.32444301789033368940092616607056997E-0005
   6.31833565070702604726278342567713228E-0005
   6.31208809784588209517891670314642102E-0005
   6.30570058898081319811366044913027534E-0005
   6.29917341563006807858747628049804112E-0005
   6.29250691957726067324803344675793700E-0005
   6.28570149214615424966687724261050632E-0005
   6.27875756078172511857785505645237640E-0005
   6.27167558676060131306753352199859006E-0005
   6.26445605932793108857839648256494651E-0005
   6.25709949285366948373250306652236002E-0005
   6.24960641834646026905803030437763887E-0005
   6.24197738746858874919245410458506268E-0005
   6.23421296600974395100621041356865972E-0005
   6.22631373142049823809201514562454363E-0005
   6.21828027985849243616855684907826973E-0005
   6.21011321240180440424916152550555441E-0005
   6.20181314414934951319640719820306524E-0005
   6.19338070096481446242082375308696714E-0005
   6.18481652096456689093718436089650615E-0005
   6.17612125458220592992555141999992653E-0005
   6.16729556441871053544716420096416113E-0005
   6.15834012828420261467559846293269994E-0005
   6.14925564329633106133105600942265649E-0005
   6.14004281021087652281611265558681398E-0005
   6.13070235567680838219561803933825846E-0005
   6.12123502920134538887371306685213228E-0005
   6.11164159051415038141366480273541254E-0005
   6.10192282495791109129409257903227213E-0005
   6.09207952942946602111189109915444230E-0005
   6.08211253650884015157654159145533551E-0005
   6.07202269566134458110087604994452235E-0005
   6.06181087873451412127569831621426840E-0005
   6.05147797673255730958162251142383053E-0005
   6.04102489319607206281095117031138073E-0005
   6.03045258406694364828366238792728440E-0005
   6.01976201798351140880715563380356306E-0005
   6.00895418736489178269270691928484472E-0005
   5.99803007671125399977464693845817626E-0005
   5.98699072757296329912209801941120507E-0005
   5.97583724185344216536208213399581913E-0005
   5.96457064456926729860356843552548921E-0005
   5.95319203592699254015541420986609141E-0005
   5.94170254058045615532615856634767775E-0005
   5.93010328659001177372588966188912365E-0005
   5.91839541313842943554055231588110798E-0005
   5.90658007068358797442088157278320175E-0005
   5.89465842391099984197727640212493970E-0005
   5.88263166253350936533275075182345935E-0005
   5.87050095620482642976365775964206271E-0005
   5.85826744093824450367634129964433473E-0005
   5.84593230847559797087396595785001186E-0005
   5.83349672257911653907375655395803847E-0005
   5.82096183700748644965920094060986352E-0005
   5.80832878516285706142709394986576606E-0005
   5.79559868765543108774089399207258872E-0005
   5.78277261764443244207516920280845527E-0005
   5.76985165056111434907650257500810909E-0005
   5.75683677366845452839477940606343796E-0005
   5.74372896022290816323202486386009855E-0005
   5.73052910800487022340631604928275148E-0005
   5.71723803967056948132547707819400889E-0005
   5.70385648227337256828422388045234093E-0005
   5.69038516439551032584661511472021470E-0005
   5.67682457359680785812032299030108914E-0005
   5.66317516581300151191724227339085063E-0005
   5.64943715625966033147205148515916251E-0005
   5.63561078330338317401366121226111603E-0005
   5.62169593346310165723865173603061279E-0005
   5.60769233709798809690441087761670301E-0005
   5.59359943964089931440222539420586260E-0005
   5.57941654411186747755773888329674274E-0005
   5.56514243776440575425635465866831654E-0005
   5.55077583593811872241105534737792977E-0005
   5.53631493092984238923150467259557164E-0005
   5.52175747598286037776979733366044381E-0005
   5.50710087874731210084749662107640209E-0005
   5.49234196879395252085869354142402151E-0005
   5.47747710879220094184027198116756329E-0005
   5.46250207128981216510378809429319388E-0005
   5.44741216404216673207534128311106621E-0005
   5.43220202569511854352930899354654473E-0005
   5.41686565032287142525637660658582521E-0005
   5.40139684890844701902414778609247623E-0005
   5.38578892533377952312905530346006403E-0005
   5.37003456224526336634843350486350902E-0005
   5.35412668093977949487263174853940719E-0005
   5.33805798615678396189774316222107169E-0005
   5.32182174287466709389990802892255150E-0005
   5.30541146302929396120617452774866467E-0005
   5.28882176682628650571889740798817900E-0005
   5.27204817646339914784029023211229025E-0005
   5.25508806718699289035547888198522621E-0005
   5.23794012112494418360342838373103594E-0005
   5.22060499289531991971458528101713179E-0005
   5.20308598718856891079626902619898620E-0005
   5.18538846561493918700999931241412876E-0005
   5.16752080273054272764713245867635777E-0005
   5.14949397281662991398393295034139092E-0005
   5.13132110491347257354064621465334689E-0005
   5.11301773455139529093297929261147660E-0005
   5.09460107947163748201869764101019115E-0005
   5.07608886933243185871586964740944430E-0005
   5.05749769207308709028336394900686594E-0005
   5.03884383890126341247870579024903051E-0005
   5.02013918090129166951554168899124215E-0005
   5.00139050877112758179829377869841960E-0005
   4.98259960055215200863478695437960319E-0005
   4.96376234223054304210960216634159447E-0005
   4.94487013277248776767422362143735048E-0005
   4.92591106673779457236007362507359482E-0005
   4.90687185375829365478492979067734260E-0005
   4.88774054163469226652440201463432577E-0005
   4.86850641944487128697077177034248322E-0005
   4.84916234334962153629066816953000979E-0005
   4.82970471438181499688987930324893132E-0005
   4.81013325018353425236661988753086452E-0005
   4.79045148525796541865963545255824017E-0005
   4.77066468213799449015174467052173533E-0005
   4.75078090033554378439951788061360924E-0005
   4.73080949090594162471803776105972523E-0005
   4.71076252123351683580500675976833657E-0005
   4.69064932799905022214477330210607166E-0005
   4.67048247360381228878094299142746339E-0005
   4.65027337866792733213830350770191904E-0005
   4.63003177058757225911135975258121666E-0005
   4.60977343212999597208144225519835539E-0005
   4.58950414077017062716714004091618348E-0005
   4.56923550419300913314534910858180919E-0005
   4.54897696799729714323730464135397492E-0005
   4.52873741610798530746885450218048942E-0005
   4.50852508329221556861896252932289459E-0005
   4.48834774981537116911259553489536209E-0005
   4.46821248097349185115592424267961238E-0005
   4.44812548002214945931688619012838286E-0005
   4.42809343947906279425559443029040548E-0005
   4.40812186547765206482631811744976478E-0005
   4.38821546574617663315820960907820685E-0005
   4.36837906910371051106375312216882078E-0005
   4.34861696570232717952097289973181166E-0005
   4.32893330145457144770953676301844093E-0005
   4.30933112120393575267374020942138701E-0005
   4.28981397075571024622019595333764238E-0005
   4.27038465047974375960039861155581903E-0005
   4.25104582378720217254068458589784057E-0005
   4.23180005937333846661486867290878749E-0005
   4.21264918984194331133242551147419754E-0005
   4.19359538827486616424197695125668219E-0005
   4.17464017830327917268612604955738687E-0005
   4.15578525000189247833039219392311198E-0005
   4.13703193569609383749913903281686275E-0005
   4.11838154361350759696161188137060740E-0005
   4.09983500274024008967239055126824342E-0005
   4.08139334630433584724257891981265979E-0005
   4.06305737033560145655215583397662790E-0005
   4.04482767207363230857191991411645085E-0005
   4.02670484516750044183838409126660635E-0005
   4.00868936170310157204547328939693715E-0005
   3.99078164767363479925267722909052842E-0005
   3.97298197726659232368679207659100541E-0005
   3.95529051767245730412253920256606424E-0005
   3.93770742482299086286431251813448930E-0005
   3.92023279346466089908744022172355468E-0005
   3.90286662502895486774679610413104879E-0005
   3.88560887419365379953841217633117437E-0005
   3.86845944781824807478234236760036820E-0005
   3.85141821992140375433078943783273386E-0005
   3.83448499681688869939178929527688352E-0005
   3.81765952595785388971709956001613541E-0005
   3.80094155097801552811134494806781831E-0005
   3.78433076333347329718512119222318190E-0005
   3.76782682260248080574695898132972932E-0005
   3.75142935749364287875942509880248124E-0005
   3.73513797958082140357603149887358741E-0005
   3.71895226824718956778327570362680193E-0005
   3.70287176635136338798091097538862951E-0005
   3.68689602344294952560323472966652828E-0005
   3.67102455026599379208773686939811252E-0005
   3.65525682750205390089102431314271695E-0005
   3.63959234215370524675663338201797662E-0005
   3.62403055630926157845597303327237426E-0005
   3.60857091553513450539358841127640367E-0005
   3.59321286057065833654065155665296252E-0005
   3.57795581877793354185599057228071323E-0005
   3.56279921170852745120266163075323729E-0005
   3.54774242561186087647610888619927092E-0005
   3.53278485218069890588959614551504333E-0005
   3.51792589248376199600478045686980002E-0005
   3.50316492247281538101927185792758081E-0005
   3.48850132075215014816138454309312798E-0005
   3.47393445194527736817657338135691065E-0005
   3.45946368739736846447821738951065089E-0005
   3.44508838399356521944656891060123313E-0005
   3.43080789388239009004576720300879991E-0005
   3.41662157837193177142988977960844383E-0005
   3.40252880490566481492946852945083942E-0005
   3.38852890271072807004408324647042543E-0005
   3.37462122323659860628797629047993413E-0005
   3.36080512353838912953111322119605031E-0005
