   6922.28827308758329405511037393966606      
   6922.28827308949033350873212429742340      
   6922.28827311661459705062477725051630      
   6922.28827328697780341704366813556371      
   6922.28827408333369985700407253570148      
   6922.28827821031126496126661404028852      
   6922.28830014632957824334947040364155      
   6922.28839296587933818213012683755591      
   6922.28869382165812862439085737157737      
   6922.28947611830796130233532793164257      
   6922.29119231262886154694264527835331      
   6922.29449727200914207725935455399443      
   6922.30025054241054494881546672992784      
   6922.30950151040761910290959842200493      
   6922.32346346748045108580692536821890      
   6922.34348222296612099559790414590205      
   6922.37100356435678160420555886165826      
   6922.40754243878169059120862688988314      
   6922.45465562195416038888382683523699      
   6922.51391890007627041041488638632585      
   6922.58690930138255477272964601736197      
   6922.67519253493689028922265190519682      
   6922.78031543285650568184063907223901      
   6922.90380282738390296396481272363987      
   6923.04715795912939372809060063621961      
   6923.21186526078660066734663484818668      
   6923.39939423601498978334022347710781      
   6923.61120317444372149578888145207212      
   6923.84874160150141591895456740925096      
   6924.11345061885436299619079187621254      
   6924.40676062144200046324732647123692      
   6924.73008620457560494090840000918418      
   6925.08481839672336088594184884858755      
   6925.47231461864361814936746601409403      
   6925.89388696943264774857652655317273      
   6926.35078956786824138565974507525879      
   6926.84420573460370315372144817687057      
   6927.37523580228852933037426656941842      
   6927.94488624111854938957009800306823      
   6928.55406078352799782623852296084882      
   6929.20355401717910701303930099385991      
   6929.89404782472282670159115759917108      
   6930.62611089137203253740823477525707      
   6931.40020140919391458691785360302434      
   6932.21667292826307419710615792021116      
   6933.07578324131116907575069565810457      
   6933.97770609989208075016988688185138      
   6934.92254546917107307555899612575150      
   6935.91035200102680182397043342810002      
   6936.94114135730929385912779591354577      
   6938.01491596042309508149306999788221      
   6939.13167818696078802273240199336101      
   6940.29146329910232714934720357684433      
   6941.49435406736567571665575456752532      
   6942.74050465675237460528664935244306      
   6944.03016004589749457125675086042065      
   6945.36368658538705982866633084583348      
   6946.74157905633297566326552255837613      
   6948.16448910493191139299415940617372      
   6949.63324225643126492389172235283440      
   6951.14885479444655264423193950493518      
   6952.71254778351443061671960463390136      
   6954.32577354646518083594441517892293      
   6955.99021260531440216105650964389524      
   6957.70779752992928803427719234373206      
   6959.48073138140659325576700910836722      
   6961.31145482047401992232180833539240      
   6963.20272744639870174836210871370529      
   6965.15758398567230277759869734388849      
   6967.17935617781895143746090747355742      
   6969.27168000756045823214283333869101      
   6971.43850307579566843340042271464824      
   6973.68409099155058817199541801693130      
   6976.01303074868113432809062912042559      
   6978.43023164204367171976190542275042      
   6980.94095664259763405374440121872670      
   6983.55080162427678812722474375567999      
   6986.26569717794188610008331878654786      
   6989.09194785357543183049246577321780      
   6992.03621667577335648994219855159248      
   6995.10554024702513362756496427521143      
   6998.30733686420584319833236414773632      
   7001.64942155365442697269547029096271      
   7005.14001789020659148990516996311416      
   7008.78777780616782382919019932229256      
   7012.60178861764152867144078944781425      
   7016.59159537827234186644437722385859      
   7020.76722369771247134811788859044454      
   7025.13920348740772809351281821031265      
   7029.71860493546741239628569381081353      
   7034.51704930247785641685401962792999      
   7039.54673958723441584330614310463391      
   7044.82054395884458687621779008584016      
   7050.35198473355288323843755303167397      
   7056.15531482366100845886536888439401      
   7062.24554143676890829456737298915901      
   7068.63851133515824651024694973351647      
   7075.35095212618858390688453337822118      
   7082.40058346186076135775058905543435      
   7089.80612985547295126100553913974940      
   7097.58751023729748357492141221655516      
   7105.76580717358851764852620695188058      
   7114.36345452537801481236481650176963      
   7123.40434464002567085194437616696053      
   7132.91396924721634450315667676948243      
   7142.91951484177881092064355768871243      
   7153.45006945920132658139813222801692      
   7164.53683427544756341265655898243362      
   7176.21329627763685437588387776694603      
   7188.51533168128307891568311857480114      
   7201.48177495828514634551625514375599      
   7215.15441351581739124655266160725342      
   7229.57825967229619965206187517739613      
   7244.80216708803276824217803822926355      
   7260.87893232185951821972941769529189      
   7277.86599781279898167801432602635297      
   7295.82602509385616332225476863822275      
   7314.82688583533439264203146417871435      
   7334.94336052140822529844879316917638      
   7356.25603473361131679759265541438616      
   7378.85432282343608896708834072820077      
   7402.83443796596389204125312114691891      
   7428.30363892644132236774989883221229      
   7455.37871438252818230128915633653487      
   7484.18882288863868521971447575164388      
   7514.87520576746691954179577653637396      
   7547.59365839210953797733157815971348      
   7582.51665576102868773716835925686391      
   7619.83319846259512915867262938299572      
   7659.75268467630878962717246390854739      
   7702.50501792071319800136871361837138      
   7748.34584962873154586938489272452220      
   7797.55459411745528600626521574918569      
   7850.44025738819494056465112202994120      
   7907.34564089130212219728951833896661      
   7968.65024825118504444925762571521428      
   8034.76626801625149854519983288685024      
   8106.15650557100549040142139519781454      
   8183.33478355828930888609888462427675      
   8266.87050989200172242870510438938111      
   8357.39714547850851705872283006569763      
   8455.61754197324071209981458037762060      
   8562.32591801596355914949711704440428      
   8678.40672209123782648032159822205362      
   8804.85759464736550297485095365414595      
   8942.79370506500814685302503818600594      
   9093.45564494201516496454038667583991      
   9258.22846291303320996219920569278231      
   9438.63785076541110166404030062600747      
   9636.34218072652043019245580972700436      
   9853.11446562850423229435528263622563      
   10090.8165462935784089224268097672601      
   10351.3445117488267583770976587265397      
   10636.5550558735843864644608061237879      
   10948.1807986925093409577141717236255      
   11287.7454858988741918329609567235994      
   11656.4610611202448477159426559569130      
   12055.1662783929152959464829206573820      
   12484.2649090077681609838306512043534      
   12943.7509250899952484570328990776680      
   13433.2003607672396660106194742160172      
   13951.8594823481165216270115108013786      
   14498.7232943661905438602603093673772      
   15072.6181849379220541009201610903338      
   15672.2911192227024454502281177472881      
   16296.4543995953382932494760622222950      
   16943.8817111382782720211169834155964      
   17613.4109918815110830004316654292248      
   18303.9870043259874371243707886456802      
   19014.6701652382325826185636328195108      
   19744.6241033507552589152657828619329      
   20493.1262202954338743663595744532468      
   21259.5551444684995780135684965268537      
   22043.4065699997205252580046913469479      
   22844.2296695404010381423894816137963      
   23661.6631089817412222474056574851921      
   24495.4311667422005693417268491958937      
   25345.2424954359150007300609374973637      
   26210.9560493946819452256406647738903      
   27092.4149344065324543751074955995981      
   27989.5157994220074879795512447209524      
   28902.1760166415359963490001389360436      
   29830.3592908599813811066261888417194      
   30774.0344552657708836068782422352555      
   31733.2084597586405003857140726836966      
   32707.9066834178333128540225874796018      
   33698.1565798115822306591233301398559      
   34704.0045671640628893602558784763483      
   35725.5243025219405130117204334919762      
   36762.7884495747463744874575221286055      
   37815.8818346337569559846941232085050      
   38884.8932537935796044832967104874569      
   39969.9353397822110113654073870821952      
   41071.1123946924386083357115078667272      
   42188.5427546515830687899120213937331      
   43322.3428720426157053276847087500522      
   44472.6378505360308481031083733145618      
   45639.5653344617977458633201277271985      
   46823.2542102063645625483391348993050      
   48023.8464913664694607301920562156187      
   49241.4795065945660094173827816494596      
   50476.3010643212888263022647100676484      
   51728.4551086346406123038888978349759      
   52998.0931242066908976415642791919792      
   54285.3675934251957886854914964105423      
   55590.4308623753326277880347182262914      
   56913.4430604393798965362267656701868      
   58254.5593737662513301228724684976691      
   59613.9405635562191861922139973022737      
   60991.7454839512330020388998854688006      
   62388.1350162340982441367913539353052      
   63803.2768916021634802978562411217039      
   65237.3338470102706060930640335636069      
   66690.4700068499106355956303931931249      
   68162.8523108930916768099846569069964      
   69654.6484961544730344758342031333675      
   71166.0265007654702086208937293547878      
   72697.1531359228648582371494032819771      
   74248.1974908451029676481773126483868      
   75819.3332234447620092983853740048570      
   77410.7286251246913685247538974142350      
   79022.5559441830655082440104049731576      
   80654.9860054740908191240903192458508      
   82308.1913468594824050656732041074682      
   83982.3441209935774133183863225760633      
   85677.6161156973623766811759785683062      
   87394.1822294630075421156309000163274      
   89132.2137432051533047441546026113822      
   90891.8848595492484668840802563975237      
   92673.3709905425740563643541069307035      
   94476.8442523408552041474047437754095      
   96302.4799028561498958624816873463892      
   98150.4532788117738302421549271127708      
   100020.937064455194113582136517395765      
   101914.106940637980639781208411090157      
   103830.136022101817167472005873881794      
   105769.202309417456723525419188575024      
   107731.481901549282272051643115080848      
   109717.147589280664273775416974783158      
   111726.376688271501818574740482125048      
   113759.344208131186643849957006549962      
   115816.225830407990264836526293580985      
   117897.196537332604662961242721130491      
   120002.432213804315396134584436021947      
   122132.109704264164395329435910981336      
   124286.403627069298873776969971009054      
   126465.487715645923610525510180019374      
   128669.540636761038995729727948845446      
   130898.737431653222548892182307997076      
   133153.252199860798323301298837687910      
