   47.326223267405339        64.314484028738818     
   47.326204151938377        64.314474471632295     
   47.326164309065376        64.314454543383476     
   47.326089308079638        64.314417011017795     
   47.325959326530160        64.314351924428919     
   47.325748881485296        64.314246469724850     
   47.325426899624880        64.314084984651487     
   47.324957101648508        64.313849123153787     
   47.324298599854622        64.313518112522175     
   47.323406608701681        64.313069047618555     
   47.322233180117237        64.312477177929097     
   47.320727897281188        64.311716151672741     
   47.318838441811920        64.310758184606328     
   47.316511096216594        64.309574201308820     
   47.313691085036822        64.308133909489953     
   47.310322844825613        64.306405877753861     
   47.306350181493691        64.304357604555548     
   47.301716370348473        64.301955622547908     
   47.296364175350995        64.299165624160153     
   47.290235813026634        64.295952625006009     
   47.283272833353244        64.292281137824858     
   47.275415954526778        64.288115366906624     
   47.266604772392434        64.283419361936041     
   47.256777431253560        64.278157160323488     
   47.245870145795173        64.272292844689247     
   47.233816674325091        64.265790547164215     
   47.220547688044725        64.258614360215375     
   47.205990067492280        64.250728158983023     
   47.190066139157771        64.242095328995248     
   47.172692874933489        64.232678412114140     
   47.153781069242427        64.222438670482148     
   47.133234520758698        64.211335585281589     
   47.110949244892353        64.199326307116351     
   47.086812742177685        64.186365073336944     
   47.060703323666544        64.172402600248134     
   47.032489547127831        64.157385488741170     
   47.002029751637394        64.141255639802012     
   46.969171722815588        64.123949707075354     
   46.933752488714596        64.105398602049604     
   46.895598264251014        64.085527054346642     
   46.854524552625236        64.064253260781001     
   46.810336371987539        64.041488597122225     
   46.762828655673729        64.017137437302324     
   46.711786785851217        63.991097062137797     
   46.656987245012708        63.963257654005822     
   46.598198186416028        63.933502306699253     
   46.535181053385820        63.901707515116961     
   46.467690427157912        63.867742984355587     
   46.395475633569703        63.831472208571199     
   46.318281515052206        63.792752757594734     
   46.235849272324820        63.751436621486064     
   46.147917216295909        63.707370564558197     
   46.054221341483753        63.660396423638183     
   45.954495680321102        63.610351329608008     
   45.848472384289892        63.557067823432249     
   45.735881522998966        63.500373840408109     
   45.616450508156753        63.440092517517819     
   45.489903575203051        63.376042016665501     
   45.355958666037850        63.308034083123644     
   45.214328658356322        63.235874634341016     
   45.064717228619024        63.159361762457664     
   44.906817769309924        63.078285143920390     
   44.740307580305625        62.992423073204030     
   44.564848418724942        62.901542578179580     
   44.380080786797514        62.805396375490680     
   44.185620403107926        62.703720856148124     
   43.981053794214326        62.596233553164389     
   43.765933418887791        62.482630317114378     
   43.539772339094064        62.362582205072911     
   43.302038118088021        62.235731905480328     
   43.052146198540854        62.101689852110702     
   42.789452185552861        61.960029707246299     
   42.513243193039962        61.810283328997720     
   42.222727762478762        61.651934943932723     
   41.917025512161132        61.484415195773870     
   41.595148328646701        61.307090563535617     
   41.255991419419608        61.119258278931184     
   40.898309009924979        60.920132890311095     
   40.520691931950395        60.708834011392192     
   40.121539038588161        60.484370866478322     
   39.699022020928311        60.245623509369324     
   39.251042453868834        59.991320146209794     
   38.775179537593687        59.720009902211686     
   38.268628106880314        59.430030971737168     
   37.728129189087795        59.119475689903773     
   37.149904718673064        58.786159282719552     
   36.529630318642688        58.427611313499213     
   35.862533174691812        58.041137983390193     
   35.143809764336019        57.624061648180643     
   34.369700646742352        57.174319037741306     
   33.539436725207658        56.691525066377331     
   32.657106512180121        56.177966588227918     
   31.730905774094460        55.638151671935738     
   30.769789017916644        55.076993887337714     
   29.782071057081929        54.499129224994356     
   28.776956391005967        53.909803616471827     
   27.765632385878483        53.315445916580188     
   26.760571954980470        52.723221639302018     
   25.773930171617280        52.140092371416522     
   24.816080369594353        51.571974618866655     
   23.894785590623666        51.023274088097153     
   23.015052995154583        50.496815753529411     
   22.179410194044348        49.994012353866523     
   21.388440095486178        49.515177756923741     
   20.641328414541800        49.059842018302795     
   19.936350438175751        48.627028471225124     
   19.271253089483412        48.215469144147406     
   18.643529782001508        47.823758123745129     
   18.050616195801489        47.450460981464964     
   17.489992523028011        47.094169345121010     
   16.959263683149480        46.753545794137274     
   16.456191065585113        46.427340616968564     
   15.978706256339883        46.114399115071855     
   15.524911787499430        45.813661929214497     
   15.093074512776004        45.524161438995428     
   14.681615175906993        45.245016148971885     
   14.289096406828213        44.975424232794531     
   13.914210362628605        44.714656866550861     
   13.555766700661950        44.462051705319560     
   13.212681322889070        44.217006722716029     
   12.883965882808798        43.978974417959122     
   12.568718271211379        43.747456507257731     
   12.266113900999393        43.521999018043338     
   11.975397911809093        43.302187859405144     
   11.695876921211958        43.087643793072992     
   11.426917510619974        42.878022802045571     
   11.167933167883497        42.673006672763755     
   10.918384252034770        42.472304220069780     
   10.677772276557931        42.275647673091029     
   10.445635839290340        42.082790299950624     
   10.221547057844722        41.893504341556039     
   10.005108404010903        41.707579184286168     
   9.7959498686364892        41.524819723508159     
   9.5937264626146099        41.345044928754795     
   9.3981160260926941        41.168086619314636     
   9.2088170194869914        40.993788094640045     
   9.0255470667571380        40.822003478865803     
   8.8480411432349122        40.652596585963146     
   8.6760501990553092        40.485440178265506     
   8.5093398811624059        40.320415250986109     
   8.3476893771773888        40.157410389077079     
   8.1908903740859795        39.996321193437154     
   8.0387461184558866        39.837049760084170     
   7.8910705658284899        39.679504211896742     
   7.7476876073305059        39.523598274177090     
   7.6084303732221086        39.369250896154227     
   7.4731405840213574        39.216385890056131     
   7.3416679643724274        39.064931611074257     
   7.2138697385460375        38.914820687821646     
   7.0896101091440773        38.765989728643341     
   6.9687598006426583        38.618379068689073     
   6.8511957045479601        38.471932587426870     
   6.7368004546530473        38.326597465164340     
   6.6254620598281351        38.182323971244678     
   6.5170736362519577        38.039065333038096     
   6.4115330836555326        37.896777544372519     
   6.3087427828576939        37.755419192144380     
   6.2086094032091168        37.614951360418381     
   6.1110435865520056        37.475337432887066     
   6.0159598009934081        37.336543026599813     
   5.9232760841291645        37.198535831045966     
   5.8329138679381174        37.061285510337079     
   5.7447978252433556        36.924763620762718     
   5.6588556577817961        36.788943471938907     
   5.5750179602851384        36.653800050212958     
   5.4932181073692901        36.519309965001888     
   5.4133920545094627        36.385451302834696     
   5.3354782690504763        36.252203608487797     
   5.2594175645996248        36.119547764219746     
   5.1851530165623139        35.987465949950064     
   5.1126298506491450        35.855941568537254     
   5.0417953363522301        35.724959177349731     
   4.9725986885824867        35.594504420583917     
   4.9049910017799485        35.464564000080721     
   4.8389251361726702        35.335125582898613     
   4.7743556621217662        35.206177780270117     
   4.7112387730558085        35.077710080598365     
   4.6495322175087255        34.949712803718754     
   4.5891952345336566        34.822177064065649     
   4.5301884898652487        34.695094718128985     
   4.4724740121575612        34.568458324487914     
   4.4160151343848071        34.442261104293166     
   4.3607764501807571        34.316496911113134     
   4.3067237490072765        34.191160177463239     
   4.2538239775375972        34.066245893301321     
   4.2020451896650011        33.941749572161477     
   4.1513564996738435        33.817667211986361     
   4.1017280367968052        33.693995254289419     
   4.0531309317257751        33.570730622977166     
   4.0055372362987098        33.447870589478157     
   3.9589199143422573        33.325412815147125     
   3.9132528049863424        33.203355319812530     
   3.8685105796891626        33.081696437617317     
   3.8246687206093051        32.960434811509757     
   3.7817034786749577        32.839569351399852     
   3.7395918583994963        32.719099235756687     
   3.6983115823882997        32.599023879416556     
   3.6578410647165804        32.479342912194568     
   3.6181593875506954        32.360056164797605     
   3.5792462759333961        32.241163649061228     
   3.5410820757370649        32.122665543999730     
   3.5036477301601874        32.004562176150088     
   3.4669247601027591        31.886854008186955     
   3.4308952419948984        31.769541623782715     
   3.3955417891488282        31.652625713088607     
   3.3608475319578872        31.536107055934863     
   3.3267961017727705        31.419986516948686     
   3.2933716111351559        31.304265027302108     
   3.2605586415424335        31.188943584197492     
   3.2283422226749772        31.074023229513450     
   3.1967078193219414        30.959505043136264     
   3.1656413172889857        30.845390138988733     
   3.1351290074807290        30.731679649502471     
   3.1051575731484049        30.618374719712595     
   3.0757140802997047        30.505476510739090     
   3.0467859583465198        30.392986171993670     
   3.0183609935981259        30.280904852483982     
   2.9904273149440725        30.169233685645441     
   2.9629733847040618        30.057973790152488     
   2.9359879820897326        29.947126246888317     
   2.9094602054693310        29.836692133130803     
   2.8833794482598951        29.726672472635279     
   2.8577353936259211        29.617068251761211     
   2.8325180147160807        29.507880436080473     
   2.8077175526413662        29.399109931761107     
   2.7833245157259849        29.290757606428407     
   2.7593296630738822        29.182824259030475     
   2.7357240118616257        29.075310666683855     
   2.7124988131470080        28.968217532096485     
   2.6896455498713010        28.861545489402161     
   2.6671559419793596        28.755295171155918     
   2.6450219177298218        28.649467094322898     
   2.6232356171486284        28.544061718024281     
   2.6017893978710656        28.439079481794884     
   2.5806758082800312        28.334520729934052     
   2.5598875931935705        28.230385753628060     
   2.5394176857125879        28.126674781142231     
   2.5192592016230773        28.023387978242088     
   2.4994054350017962        27.920525454121094     
   2.4798498507998525        27.818087242364452     
   2.4605860769718184        27.716073310372124     
   2.4416079100102004        27.614483580201298     
   2.4229093010605651        27.513317903546326     
   2.4044843543428698        27.412576071896471     
   2.3863273210156764        27.312257808957927     
   2.3684326091762138        27.212362843106934     
   2.3507947316675959        27.112890666934391     
   2.3334083787869662        27.013840914813120     
   2.3162683498877641        26.915213058908982     
   2.2993695784635331        26.817006538053981     
   2.2827071224291320        26.719220734225285     
   2.2662761608179816        26.621854974254070     
   2.2500719903795616        26.524908530856550     
   2.2340900226562921        26.428380625304932     
   2.2183257807927670        26.332270428682691     
   2.2027748960268219        26.236577061105486     
   2.1874331050971403        26.141299594806949     
   2.1722962471946756        26.046437054683174     
   2.1573602612272089        25.951988419882422     
   2.1426211827649970        25.857952623593157     
   2.1280751427604820        25.764328561486941     
   2.1137183638960049        25.671115085942702     
   2.0995471567136716        25.578311001469107     
   2.0855579196410621        25.485915078341495     
   2.0717471351530912        25.393926046842378     
   2.0581113712068282        25.302342613971607     
   2.0446472723997919        25.211163436260652     
   2.0313515626183705        25.120387141703095     
   2.0182210418331943        25.030012326120914     
   2.0052525840921356        24.940037554405706     
   1.9924431357158912        24.850461362742124     
   1.9797897135580045        24.761282261036300     
   1.9672894025719450        24.672498728692403     
   1.9549393534856403        24.584109215029315     
   1.9427367833222200        24.496112151509902     
   1.9306789718329547        24.408505943747084     
   1.9187632609374810        24.321288977777417     
   1.9069870523109336        24.234459616820921     
   1.8953478063465254        24.148016205101076     
   1.8838430407964670        24.061957069420291     
