   6.5000000e-02
   6.9000000e-02
   7.5000000e-02
   8.2000000e-02
   8.9000000e-02
   9.7000000e-02
   1.0500000e-01
   1.1200000e-01
   1.1800000e-01
   1.2400000e-01
   1.2900000e-01
   1.3300000e-01
   1.3600000e-01
   1.3900000e-01
   1.4100000e-01
   1.4300000e-01
   1.4300000e-01
   1.4400000e-01
   1.4400000e-01
   1.4400000e-01
   1.4400000e-01
   1.4300000e-01
   1.4300000e-01
   1.4300000e-01
   1.4200000e-01
   1.4200000e-01
   1.4200000e-01
   1.4100000e-01
   1.4100000e-01
   1.4100000e-01
   1.4000000e-01
   1.4000000e-01
   1.4000000e-01
   1.4000000e-01
   1.3900000e-01
   1.3900000e-01
   1.3900000e-01
   1.3800000e-01
   1.3800000e-01
   1.3800000e-01
   1.3700000e-01
   1.3700000e-01
   1.3700000e-01
   1.3600000e-01
   1.3600000e-01
   1.3500000e-01
   1.3500000e-01
   1.3400000e-01
   1.3400000e-01
   1.3400000e-01
   1.3300000e-01
   1.3300000e-01
   1.3200000e-01
   1.3200000e-01
   1.3200000e-01
