   44683923609.9069643750092564692787242      
   44683923604.8819070936684796864181822      
   44683923593.5694629777489932212505016      
   44683923570.6526152616381088227185543      
   44683923528.0962561211630359691342563      
   44683923454.5236750747899355996154888      
   44683923334.7526655696165694452757271      
   44683923149.5127305844919644424894135      
   44683922875.4512941695066808832030343      
   44683922485.4508092397047031044943111      
   44683921949.3904567332468480255757266      
   44683921235.1982193188475570076436540      
   44683920310.2691415613696672561913989      
   44683919142.8829410151708964627036117      
   44683917704.0552129170644590187094408      
   44683915968.4919172565975570575688907      
   44683913915.9071117030380355100318115      
   44683911531.2937919126843299630074667      
   44683908804.8228888550129754077945198      
   44683905731.0256874918195847247495415      
   44683902307.6893845449115520381861280      
   44683898533.8713695847587639226964162      
   44683894407.7395047619138677692790878      
   44683889924.1477286249958069286310553      
   44683885072.2377523711126941058672586      
   44683879832.9048584728215325594572802      
   44683874176.5228172565094789255605499      
   44683868060.8941183326855346173331647      
   44683861429.6087653805697344110525850      
   44683854210.6116513460826764821038824      
   44683846315.1951207134186000842626437      
   44683837637.4832563656218170738262018      
   44683828053.9889984083968171879924873      
   44683817423.6590159871402011266853440      
   44683805588.1417954915924475321915889      
   44683792372.1677187520838762493570149      
   44683777584.1990499590333565159312905      
   44683761017.0997303132073838215845444      
   44683742448.7687182688935007228942667      
   44683721643.0464227150427530048381081      
   44683698350.2460330771818736117615601      
   44683672307.8310430671676844680166740      
   44683643240.8861823220945506388899778      
   44683610862.5061555831921831995046250      
   44683574874.0966507664000549311941057      
   44683534965.3245869250465193975503590      
   44683490814.0419972034248490753403635      
   44683442085.9107936622545762150777179      
   44683388434.0234803094436926456772461      
   44683329497.9770831860260872658256569      
   44683264903.1850891020877109891057849      
   44683194259.1953819799367833936038951      
   44683117158.8890942070913483663401804      
   44683033176.4730886060456490478246122      
   44682941865.6291434532058729090469964      
   44682842757.3080746042649333141208330      
   44682735357.3613436347520150775613198      
   44682619143.8099922830402645373722065      
   44682493563.7102863188287000553519821      
   44682358029.8474614494144768216665645      
   44682211917.0655014141681979811279331      
   44682054558.2397336778032641012770358      
   44681885239.7013554045772421843946386      
   44681703196.5745959647304356376782067      
   44681507607.3473746929522716269187977      
   44681297588.1639810260739485051952366      
   44681072186.5722693500279677888686125      
   44680830374.7364087280123570770826892      
   44680571042.0691220916729380910819388      
   44680292987.2212309251503457887424399      
   44679994909.4708871019037637024982645      
   44679675399.3037418110865262324855427      
   44679332928.2809598063954521470894289      
   44678965838.0687226478605334198997641      
   44678572328.6004037897480424390629945      
   44678150445.1868322203250184206949686      
   44677698064.6467055163323322965395408      
   44677212880.3211618733749849004503953      
   44676692385.8572957275823397491326007      
   44676133857.6538538643720753854126854      
   44675534335.8791445854825378473544278      
   44674890604.0805812169584774055751255      
   44674199167.1044686230301574814355319      
   44673456227.1042907667068182665916394      
   44672657657.9936893194428038533994051      
   44671798982.6097309880855614198165571      
   44670875324.7687352518575559786755700      
   44669881403.5151037141663925774500413      
   44668811482.8964704571526970445518738      
   44667659340.0207219432958180995041840      
   44666418227.5050088257524805888003769      
   44665080834.4340805478404161725234195      
   44663639245.7784111791892690092807541      
   44662084901.7963503998476248488324171      
   44660408557.5832146384730233480949925      
   44658600243.6390184761598422089397348      
   44656649229.3945218964164330266162049      
   44654543990.2811105001267397836015260      
   44652272180.6343847913551991304299642      
   44649820613.4098254101685236639015617      
   44647175248.4800068084249719435379831      
   44644321190.8447336009164950721636415      
   44641242699.6652176480540623607781547      
   44637923208.4062029232011219523768532      
   44634345356.0336748452929081972074630      
   44630491028.5371820527206375817948917      
   44626341410.6053737487980288708869370      
   44621877028.2545737437626156276227252      
   44617077848.0155453758198289759537290      
   44611923323.8867082542386018579347076      
   44606392375.0835344313391423445806721      
   44600463612.8366784925200142364706136      
   44594115260.2680919616524673528014643      
   44587325252.4570155849322516420446918      
   44580071269.9744367707711443336000390      
   44572330772.4098270869747150995585434      
   44564081023.4650589514696556788910056      
   44555299111.0289310229604937629908178      
   44545961958.2567260123932065223120294      
   44536046330.8266256548996642003322481      
   44525528840.6713360831682949378921803      
   44514385946.8171054113351957373109608      
   44502593954.8260628274411116641120718      
   44490129019.8219901863146196636224852      
   44476967150.7210668227394862297077908      
   44463084222.3927258471333803049577409      
   44448455993.3314434532623215711268305      
   44433058135.3479581161446886040457196      
   44416866272.5238480003498185879323721      
   44399856031.9972598654057153762878126      
   44382003104.1070582733580934700669825      
   44363283307.7147027566500989428821528      
   44343672656.3314831573038201882057310      
   44323147418.3335062681751796408841598      
   44301684165.8115869599865830141398413      
   44279259805.8342943238709531079912629      
   44255851592.5721209669065994081460058      
   44231437117.5494185400269884080687105      
   44205994282.0263504102615488701110246      
   44179501253.6197048263542295219601144      
   44151936412.6234161034305890771290649      
   44123278292.8969028026173491790948030      
   44093505547.1585950775402349983432022      
   44062596780.5868340882267192282384303      
   44030530666.0221460768970077619029399      
   43997285777.9244270476182443747868996      
   43962840581.2329354175472644127473552      
   43927173396.1591678276389410449672453      
   43890262368.6624165310699026918167075      
   43852085446.4287574115313376006961976      
   43812620359.6337496740916321849242729      
   43771844605.8087771013646109005840200      
   43729735438.1531034530192199863426980      
   43686269857.1871826373759120518457731      
   43641424604.3690071558021888649259160      
   43595176158.3332183588419854511283923      
   43547500732.4096893616777299122607595      
   43498374273.7779608275085141505022354      
   43447772463.5948964268207497087411065      
   43395670718.4139593078414640092048569      
   43342044191.6601239357552515338223023      
   43286867775.7420644068033968780814401      
   43230116105.3612800641548140576846530      
   43171763559.8310494361080211125688449      
   43111784266.2857048573960011747972487      
   43050152103.0737653004029867717138988      
   42986840702.8219540867467934030477827      
   42921823455.6183182196883009701880373      
   42855073512.2028565757938178695346177      
   42786563787.3887475252507671865722082      
   42716266962.5334730573705187565377405      
   42644155487.4095078674701661992998411      
   42570201587.9548642491509221375532623      
   42494377255.5661256880750707530886982      
   42416654268.4735239304549226461703108      
   42337004215.4055299352614021062585408      
   42255398362.1807918631360971506080248      
   42171807865.7691268091359024815247276      
   42086203633.1091156800086553649474244      
   41998556358.5104071059437542018596053      
   41908836525.6994134517715590517290597      
   41817014409.0839565050816080995887642      
   41723060077.2302026476002031241627064      
   41626943393.4124441619592404969636699      
   41528634010.0338947842483786156262340      
   41428101389.5112652494208422907280339      
   41325314778.8075834895688485470104274      
   41220243230.9175893135329796155257680      
   41112855597.0912832533757190920682115      
   41003120529.1813810326562076642243349      
   40891006482.0084575049101073035824072      
   40776481714.0518421683237278385498163      
   40659514284.7828687415866379615545345      
   40540072059.5715396777330416984336959      
   40418122708.7518129806479412073745226      
   40293633707.8071547981355477352559795      
   40166572337.3928276151018091247465331      
   40036905687.1581273036976490431997243      
   39904600652.5131115385291278591512007      
   39769623936.7139126113400730226279003      
   39631942052.6283491696034791479960001      
   39491521320.1478546071821891704858239      
   39348327868.0726116917034440859582344      
   39202327635.4648616914452773293719721      
   39053486366.0008461179724616159324180      
   38901769619.6545950124162534424257797      
   38747142764.4593170215812418737185581      
   38589570975.9861526385881359857832932      
   38429019244.4047964995722602976751551      
   38265452366.3363163442104762222501568      
   38098834950.4212493134880679118384100      
   37929131422.9624771657562101914500357      
   37756306009.0831635579957118289270935      
   37580322754.2781796995905452851556537      
   37401145512.1594819137764783870581505      
   37218737949.8807953076664185681566329      
   37033063542.8087718693880026009026852      
   36844085581.9467771575331862772223235      
   36651767167.7341704967630698265372088      
   36456071212.9071102356119831449859323      
   36256960439.8286986446863983051995554      
   36054397386.3051851637916763754156472      
   35848344400.9170676013994395803009466      
   35638763642.0511569480558390782935350      
   35425617081.9409172414488291147222478      
   35208866504.9021304956229597752710505      
   34988473504.5374832713753907873230722      
   34764399489.0371021449303413834429649      
   34536605679.2785647548405174052122255      
   34305053108.3096249911569785961776197      
   34069702609.5586806442362744492977761      
   33830514850.7847888122744426492928887      
   33587450289.6542117253079682442491072      
   33340469209.9524616788355617370459914      
   33089531700.1827282459600404925575050      
   32834597662.0286750805091693132331423      
   32575626809.7038279062423790403839681      
   32312578672.4670640697779150470632510      
   32045412583.9523447222605825034129243      
   31774087694.6071895516538123022231030      
   31498562965.7697892458915964479957546      
   31218797171.0309076005834935509686581      
   30934748892.1791269073901609465848655      
   30646376526.2977078290162162668898377      
   30353638279.9156912590459778478846297      
   30056492172.3944000010964044356708755      
   29754896033.8468603554285624600791223      
   29448807504.5533989282856122832640733      
   29138184037.5471570324058524171283586      
   28822982899.2093546337162863177162280      
   28503161165.1506827341764202182834187      
   28178675722.5262104547972453049189245      
   27849483270.5581544024830520705148600      
   27515540319.1848120381567422377940687      
   27176803188.8755305256641946829675672      
   26833228013.4336415981532736822349546      
   26484770737.9327731828341751260196801      
   26131387116.3035541720621100753470075      
   25773032717.0033241094750438672794437      
   25409662916.3297436801248209730848738      
   25041232904.7121520849198303317569580      
   24667697685.7116574740649365274128157      
   24289012065.4160373274480296696081585      
   23905130672.7389984316147701684977012      
   23516007936.5383850519369015513418797      
   23121598107.4016363399399112007995746      
   22721855240.8725234087263236042308798      
   22316733206.5737478632743143950704888      
   21906185683.3630929127620544942060344      
   21490166164.4773463431086461932041983      
   21068627952.2279634311802678955817650      
   20641524160.9623958127331294397549145      
   20208807712.9800024022993013826477061      
   19770431349.2621080672794266282589066      
   19326347617.8429480425672660228480129      
   18876508879.2584783714771785213803308      
   18420867304.4967207211807222869141552      
   17959374877.8486804431754424622247282      
   17491983386.6507092988922949168478884      
   17018644453.9511679954392999755563838      
