   44683910601.8765315053637502739558614      
   44683907752.3463142274355448624060697      
   44683904554.3793673546541037899021619      
   44683901006.4276465830329942040419757      
   44683897107.4665133977432171636481199      
   44683892854.7433000156903281136328696      
   44683888241.3567966351969923856593256      
   44683883253.7548974497291131197028576      
   44683877869.3974793208910815185332453      
   44683872054.4876564129243432851679121      
   44683865762.1467635539239190141566397      
   44683858930.8775731382606268151976346      
   44683851483.3133902493792250244397537      
   44683843325.5696665637948440782803066      
   44683834346.7810726430126996376952297      
   44683824418.9747560211926458970042597      
   44683813397.3982940745895951502060037      
   44683801120.8494419159867511192948045      
   44683787412.7308196137457206804891421      
   44683772081.4907240883280972215321518      
   44683754921.9337976913260328578053638      
   44683735715.9749200699521439217199235      
   44683714234.0719638498675719841701810      
   44683690235.9172254427988797947872314      
   44683663471.6395202610466945033244789      
   44683633682.6328543172942264903249429      
   44683600602.5325121367503952435255138      
   44683563957.8405115033635751332977814      
   44683523468.6402222202104664179754749      
   44683478849.0120851051421081181874475      
   44683429807.4088526103126856122043864      
   44683376046.9528012750075937008509357      
   44683317265.4972699043729173856673887      
   44683253155.5542939024904912362607319      
   44683183404.1561211354937798176277572      
   44683107692.5132576110568734667957211      
   44683025695.6432288586608717754310919      
   44682937081.6699728555575700231104674      
   44682841511.2509347200197988991511361      
   44682738636.7048161638246372015882393      
   44682628100.9870725042438269795051256      
   44682509536.7431644568075212467727217      
   44682382564.9925946724803074483165402      
   44682246793.7546645294096429149234396      
   44682101816.7232999872608920980705718      
   44681947211.5699939120583043458050223      
   44681782538.2152509413075651246002115      
   44681607337.0181375510786603489240392      
   44681421126.6944738738138283385908211      
   44681223402.2315296005405826087552946      
   44681013632.5614034878018760165562120      
   44680791258.1369458405775365394819226      
   44680555688.3121844789779963916388128      
   44680306298.6415855773404318470102134      
   44680042427.9274209919937977385363039      
   44679763375.1030755473741222160256170      
   44679468396.0276855973883565375244343      
   44679156699.9430175271263378933617167      
   44678827446.0707365981429475477886520      
   44678479739.4956020205754719174112770      
   44678112627.3881866197274050787132348      
   44677725096.2017250939994408413388133      
   44677316061.3237378069072100797592198      
   44676884370.9497978297341985076876917      
   44676428795.7104713668237228645495232      
   44675948024.8374869526240944365858982      
   44675440660.7038769282905864188132908      
   44674905213.2773349398858684292727623      
   44674340094.0751662823734114189515368      
   44673743609.8901174065840192153812397      
   44673113956.1646495481520990608441382      
   44672449210.2744997753099297471808261      
   44671747324.0601924024825569042343930      
   44671006116.2250492506034925939383515      
   44670223264.2933264319429028812562819      
   44669396296.0331664801953138051909118      
   44668522580.6320286152791852510353534      
   44667599318.9014157028945445401241402      
   44666623533.4211789044563641842318842      
   44665592057.9309249650984221383578980      
   44664501525.8102438913181663196795393      
   44663348358.0946744156446093043823099      
   44662128750.6319890171207634516714460      
   44660838660.2746661949553135756988659      
   44659473790.2655646087358524630441915      
   44658029574.4401219068921656078322865      
   44656501160.2461407114729862842251957      
   44654883392.1788318100420974522038147      
   44653170785.6792853412604459747787262      
   44651357515.4979910859335115876066548      
   44649437386.3438280268506409160810235      
   44647403809.6563559319014742187053165      
   44645249776.6904094859276443305319470      
   44642967829.4356163413765396773319055      
   44640550029.1959395807335703643690081      
   44637987922.7121563342514693050291283      
   44635272505.7875265074848233008303828      
   44632394184.5358500224807377562449978      
   44629342734.1294220469123039066565876      
   44626107255.7979331701032438489195345      
   44622676132.0642240583380406953318223      
   44619036981.3587608547386463322328692      
   44615176625.2532530074385166035497762      
   44611080996.2711331697103221541243724      
   44606735167.9828300036271966402164533      
   44602123273.8810490418480516591272644      
   44597228490.1608737878028216211411986      
   44592033016.8559332865322592834872994      
   44586518070.2293377451012604767602709      
   44580663888.6252603582064691973327289      
   44574449752.7838626656847079075936129      
   44567854021.1215922730926211915766672      
   44560854164.0529242921696553365375748      
   44553426893.0258015180966943206961405      
   44545548134.0465007221606990177287167      
   44537193179.2516862341791488806868574      
   44528336757.2728608817755279801163017      
   44518953121.8719379194846776417215856      
   44509016138.1773017220636920423901453      
   44498499363.3586648140028883012386095      
   44487376119.1010444605770572491560002      
   44475619530.8232032328752543823822116      
   44463202669.1131739605354347171422438      
   44450098464.9467775310552990641895544      
   44436279818.7534760518013231654297068      
   44421719603.1782169582868718260759910      
   44406390675.5934658859524079026209647      
   44390265883.5710954882068418236170173      
   44373318064.6742932577300472233506680      
   44355520042.2103362032273578336154458      
   44336844617.8415435288518104247058229      
   44317264562.6574003055527327226560821      
   44296752607.6625600419877533726537987      
   44275281434.7261331255105277098287800      
   44252823668.2336360016900089705884750      
   44229351869.3976966569902242915130571      
   44204838532.0454856273659739056435677      
   44179256081.8346912971459566651021134      
   44152576878.3089945282160233629791617      
   44124773220.2955712456261509559567066      
   44095817354.4307765307927979473738554      
   44065681486.2591946939236466120029695      
   44034337795.4182385371835604852264024      
   44001758450.1173949667396998085147318      
   43967915625.9719533383110693112789601      
   43932781522.7418215084813761535142738      
   43896328381.8887252794598190747141416      
   43858528502.1273388720675010832934097      
   43819354253.0833615704727189323118510      
   43778778127.3320196254265891008148961      
   43736772578.3044874624730370838481724      
   43693310282.2943605889005197191394600      
   43648363962.3339546508706213159102336      
   43601906428.6532044852955300385467538      
   43553910569.9101351415027757510286843      
   43504349342.0233477499515689440967999      
   43453195752.3541906640699457183655309      
   43400422841.6996491266888856675311965      
   43346003663.5339852805793996923507560      
   43289911255.2920125013929609657955484      
   43232118637.0937388396562963483562162      
   43172598752.5594491390882154274146820      
   43111324465.9135451237822345767497334      
   43048268531.9999727844366800526869966      
   42983403572.6049789972366652519830503      
   42916702054.6459887044465858157732299      
   42848136270.4312052114613534679791186      
   42777678319.5111188759824199390651883      
   42705300094.4420121638709946541321668      
   42630973267.5623617954985928925500569      
   42554669280.4170033180127017530833727      
   42476359336.6504265443842133718056203      
   42396014395.2880886178020696431665961      
   42313605166.0569826336803562784270738      
   42229102108.2852312094413946392155524      
   42142475427.7801108648595103903837312      
   42053695077.9112099662680896767594386      
   41962730759.2596336412028708140461612      
   41869551921.7019888881566244533291582      
   41774127765.7522172544052159988076559      
   41676427244.9635535148630648813909262      
   41576419068.9326550134611462992117816      
   41474071705.9314182609333721527770959      
   41369353383.5107186254479929920415369      
   41262232141.7802256980684491940948372      
   41152675641.1649225136197342905711658      
   41040651463.8615588054520315848141506      
   40926126909.2049334990751923536362669      
   40809069054.0220519851657353172165738      
   40689444751.2672351812972657736028899      
   40567220634.5377513662823593066425815      
   40442363119.4988699821217616851758419      
   40314838406.3451654876382244908198650      
   40184612482.5185978210471726989162129      
   40051651121.3243987237327608876867609      
   39915919888.7956781310255301752329154      
   39777384142.4827018217429316875196742      
   39636009032.0505643947075605137837020      
   39491759501.6956834140554855821941991      
   39344600294.1474659323746888425957228      
   39194495949.4829835426103614370619049      
   39041410806.4749338933015125014713217      
   38885309004.5330200662518510520094910      
   38726154483.9688207315240268700211007      
   38563910987.2820994700275935514408023      
   38398542060.2647593267072510439560986      
   38230011052.9681235588923084155200349      
   38058281120.2390360596080091189308953      
   37883315222.5180677505434427149830131      
   37705076127.2940543009970156750089716      
   37523526409.3145541498400439880236415      
   37338628448.2488679743888956937144439      
   37150344433.6923577711296091141662885      
   36958636363.7358968276942456252460274      
   36763466045.8475806276120066234441881      
   36564795096.8677685721376182905072912      
   36362584943.9659023491901114037955220      
   36156796823.9938169501142688224178444      
   35947391784.9407035306511134963922085      
   35734330685.7676595914281622382110282      
   35517574197.0888861327723442733561723      
   35297082800.9006813741867490134420216      
   35072816790.4810668784816156773442791      
   34844736271.2046785154398255895607758      
   34612801161.2292641353292078069433803      
   34376971191.7553394573448515192293193      
   34137205903.0278244811644307490858001      
   33893464652.6394653103913739169048793      
   33645706609.4016109063439240938160016      
   33393890754.7135707017753547883630293      
   33137975881.8342786000319719478574567      
   32877920599.5496913542144573193827965      
   32613683327.5659052300823624755179895      
   32345222301.5239847513538523173383303      
   32072495567.6074987931672282461363137      
   31795460986.3556193558848271390875231      
   31514076232.7212589219585103650599711      
   31228298794.1665264507885313016998972      
   30938085970.9024200923427346350364529      
   30643394877.4987045798992098610674692      
   30344182442.0172999283997634512579051      
   30040405406.1450541255914298607976553      
   29732020324.7059904976332831709208823      
   29418983566.4565659836946190849420835      
   29101251311.9892235500165978331073107      
   28778779556.7126351993730821450224543      
   28451524109.5195723877191557573224615      
   28119440592.7068322199565828142387049      
   27782484441.5067073277032194681843505      
   27440610904.4347910995564230171956290      
   27093775043.2662060408837919135922900      
   26741931733.2236253955447766003541263      
   26385035662.4473160350854793833111914      
   26023041332.8089037583323059296901879      
   25655903059.0805422079724159343948471      
   25283574969.0275013759074169352991244      
   24906011003.3222098801251470143507300      
   24523164915.8654166220865080002699413      
   24134990273.4089137181328452683514632      
   23741440455.1029531546849725566967364      
   23342468654.7085403563826427915448735      
   22938027876.5825085251116000263410947      
   22528070940.5819601471909805085053601      
   22112550477.1656918330801718834500535      
   21691418929.7446635121365871302276910      
   21264628555.8822717634442707978537509      
   20832131422.1787672715589504968169825      
   20393879410.5896982223701409364805974      
   19949824218.3025712631049653694563751      
   19499917350.5050273539884881941656105      
   19044110127.0912142027491143896770940      
   18582353679.4070829432177075657796430      
   18114598952.5445062046923535914434454      
   17640796703.9278006376479282436705953      
   17160897501.5907809802057583983797909      
   16674851726.5450120629946574856480365      
   16182609575.7260612285280589518160526      
   15684121049.8368608678584103534410766      
   15179335971.3083211143786078463823046      
   14668203965.8348589749009662546176566      
