   44574768592.7982889134768590460951055      
   44574765324.0602875930777558890112489      
   44574761538.8503226531632338198175943      
   44574757193.8184664653592230204713295      
   44574752242.8801381958683980399486793      
   44574746636.4297605286860524264175069      
   44574740320.1864525263286476015900838      
   44574733234.3645631067243758572710815      
   44574725312.4880038411361023578849130      
   44574716480.4673801826811283066690830      
   44574706655.7632904220220902817463888      
   44574695746.3121060270513161198142846      
   44574683650.7615468067753002203759249      
   44574670256.5175122664594515084757179      
   44574655440.0920003503606238434615571      
   44574639065.8405265752101896501613492      
   44574620986.2482736662103638976051147      
   44574601040.3012634900060091305028206      
   44574579053.9040799577144232424500461      
   44574554838.9092770338865173042636806      
   44574528192.4490326385402070880961604      
   44574498896.4094262508060385827911850      
   44574466716.5638067158576726443444543      
   44574431402.2773341877512241737894436      
   44574392685.2842974105008357051048278      
   44574350278.8994758927723521043265636      
   44574303877.3577979872498570641299749      
   44574253154.5937678262115707698568378      
   44574197763.5025507004271339739401926      
   44574137334.2055306320972630440810434      
   44574071473.7945428298968140200633200      
   44573999764.5944601013304530348399035      
   44573921762.9622424655410453641956333      
   44573836997.9258970539635899715360972      
   44573744969.8458405408412201028342297      
   44573645148.8669330075574832275155578      
   44573536973.3532438532256939926600394      
   44573419848.1936287703411611233389139      
   44573293143.0145971313522048770772863      
   44573156190.2918374242160105847800222      
   44573008283.4311137508628034589379873      
   44572848674.3872319852187479673174941      
   44572676571.6648550817730997233216413      
   44572491137.6604326555663377919024472      
   44572291486.0674645079776553437124528      
   44572076679.1493630198289544739766928      
   44571845724.7056178206375238756056083      
   44571597572.8102497846803418120008575      
   44571331112.3655286081200021932711438      
   44571045167.4492678108277250312728683      
   44570738493.3929812824707215160780595      
   44570409772.4229454910585547344121949      
   44570057609.2625462504187056164404989      
   44569680526.2790386996813436322498686      
   44569276958.3124064096745019269479936      
   44568845247.1843908560000118935667759      
   44568383635.8662418451746609297092356      
   44567890262.2763895155040844363718009      
   44567363150.7305187862089893433444517      
   44566800212.5685838698479374274247661      
   44566199227.2056211904926627734481641      
   44565557842.0086859535912956078350526      
   44564873561.8742137055403945353789614      
   44564143740.5145699697600464196131332      
   44563365571.0006085979984915546245103      
   44562536075.9681126821514558980100037      
   44561652097.2006280937304884507226664      
   44560710284.5209973496358778606135033      
   44559707091.2972778519654546169037754      
   44558638735.8457428409029278960065694      
   44557501226.2166167435768341657460317      
   44556290322.6361882094949460828137193      
   44555001529.1358592791221387248625682      
   44553630078.6177472439812176249085151      
   44552170917.0449103191767023844838973      
   44550618687.1785897691512894633299452      
   44548967711.1234181808844368736168063      
   44547211972.2347857041945892547031054      
   44545345096.2399878743796026253393331      
   44543360331.1710469503009188491687809      
   44541250526.3736582466406992589316105      
   44539008111.1683744938010070400646782      
   44536625071.7188977965716345890534544      
   44534092927.3672645694567229553674338      
   44531402705.5585024975729766358765933      
   44528544916.1408888374953410804441343      
   44525509523.5816975352891964570224474      
   44522285918.2840282143043767557384263      
   44518862885.9434413004180463389294846      
   44515228588.7226308136767541605871618      
   44511370458.2440004204265904915423075      
   44507275232.5787149924373935403547088      
   44502928811.0334595146405459749268371      
   44498316127.2757381997248704386414831      
   44493420905.4432068004407078805692799      
   44488225262.1356296130845218583571258      
   44482709175.5866855183601180047473067      
   44476850046.2807380284057696255123118      
   44470622767.4880155471717205894973035      
   44464000345.6664262770972298188043482      
   44456954672.2178800672859214840492243      
   44449456872.9413092386109447672293019      
   44441477945.0034217842924806452782775      
   44432989755.0568890901864807502884196      
   44423965827.6737583305626565643996917      
   44414382014.9917535014238449367240570      
   44404216569.3946618626114836305598645      
   44393449791.5272700843831301603821077      
   44382063432.1223580045367587762263099      
   44370040048.6554909868232160550097126      
   44357362445.5981778172370852866493941      
   44344013250.8519717990803202095815995      
   44329974649.6675049497393922083694681      
   44315228137.8187018720750555896306714      
   44299754563.1646052227131913088391546      
   44283534005.6772624937073451918746651      
   44266545813.3883049681290306664353389      
   44248768632.4509837445314584530695616      
   44230180448.3573908635359830445874985      
   44210758631.9352109739011357336952515      
   44190479986.7128070756127287440513451      
   44169320793.5386505489813761539964498      
   44147256855.9060072852251398188104917      
   44124263539.5771992849137739862638471      
   44100315810.4695604370555174729535725      
   44075388269.1621727616350359977048587      
   44049455182.5810719046922693772040125      
   44022490512.6886699202686238569003941      
   43994467942.3316808345769791028343052      
   43965360898.5001412579510456094379900      
   43935142573.3881003029257051011149833      
   43903785942.9055249118373161846372938      
   43871263783.3036006386841430738681918      
   43837548686.2121381768163238299322566      
   43802613070.7669242386514886392835996      
   43766429194.1975250126688974519297620      
   43728969165.6328741571914290177785981      
   43690204948.5106270451956784321963356      
   43650108371.7650384787298837679052325      
   43608651134.6332251149830085981477893      
   43565804811.5808510594603515159390637      
   43521540857.3184539756927701620850932      
   43475830606.8722340432655770967820544      
   43428645282.5759310303323929405722285      
   43379955992.7090474770695912344239716      
   43329733735.0538881727462336566514496      
   43277949395.3680959145223060969941150      
   43224573746.9488603101431969918921689      
   43169577456.7987233196693307257977175      
   43112931074.7945674819847628512483584      
   43054605046.1400350182339530773387686      
   42994569694.1970355381098835042023095      
   42932795237.7895231424610513626441999      
   42869251773.7570516533176964250484042      
   42803909286.2393927036237332575003733      
   42736737636.9678383013920413214359900      
   42667706573.3570466810019330293303518      
   42596785716.0030504286474924899215736      
   42523944565.7032520912346530607010130      
   42449152494.6171395297182084465658980      
   42372378754.3982268974860998834129371      
   42293592460.8005791615477774191919837      
   42212762605.2051592355220580609673152      
   42129858041.7041017630798512857962971      
   42044847494.4750365991519084409351158      
   41957699549.9404473678467572202762725      
   41868382656.1790570316421142552546755      
   41776865124.8315640673397646626030091      
   41683115126.3826270205266138267257739      
   41587100719.6527194234970668121779165      
   41488789721.8655743959420871907438798      
   41388149908.2598681443618218897808783      
   41285148867.9776761143492999372803211      
   41179754044.1766498761106925128678791      
   41071932729.4139899530297290346906232      
   40961652067.1033541849776581940951006      
   40848879047.4742697365856021542021412      
   40733580507.6357011433865549536809928      
   40615723129.2644366511737375624932606      
   40495273438.4965025312127509647715146      
   40372197803.8362786621182672658309140      
   40246462435.8228996767105045240949028      
   40118033386.6111847966402588598470653      
   39986876546.9100071128211034383931734      
   39852957643.5430219581933067159857724      
   39716242246.5652309908709442373024258      
   39576695758.3270869181992839946740881      
   39434283419.1157766215911803088240864      
   39288970302.4516730277972241490220207      
   39140721318.0601405292008776054091504      
   38989501208.7337560027929141431351501      
   38835274546.1865513216660191809969279      
   38678005739.9917818319639659225560806      
   38517659023.8728730951926120517888182      
   38354198467.1627108265536531479401355      
   38187587965.7368343778307980556272311      
   38017791243.3557230247383956705088447      
   37844771856.2203435194431689327226312      
   37668493185.2694495576477496897179887      
   37488918443.1440200930798024175434162      
   37306010656.4597271955349373933855313      
   37119732689.9673835922625221863826056      
   36930047237.9598174937813253378898890      
   36736916794.8327762182775302723313045      
   36540303703.9924730307804694897489246      
   36340170120.4340385905520551169505947      
   36136478028.0860325320581796282219748      
   35929189222.6422466278702536119245886      
   35718265347.0294118719072893172604787      
   35503667841.7970270866663007100670482      
   35285357977.2882047382237004440633371      
   35063296844.4693016012264541953933549      
   34837445354.8402926966785783374084447      
   34607764239.8478070548510024550920958      
   34374214051.2954938648848715411402105      
   34136755159.2762682275299137865847260      
   33895347754.5800698833062391662118637      
   33649951846.2806962096445580339469659      
   33400527261.7249952219068627638102649      
   33147033646.5720654991608641338840671      
   32889430464.0050380311559023193785952      
   32627676993.4199175428715430989286880      
   32361732335.6067874965638072807151160      
   32091555404.0455190565638509221652520      
   31817104942.6221361792542492014370612      
   31538339475.1615308080564117738920438      
   31255217376.7496721102102519351065456      
   30967696828.3059550367621422057948675      
   30675735825.4928091419089556984972754      
   30379292179.4451393392692517137448310      
   30078323516.3006173794030185554287159      
   29772787276.2663217744252987791644760      
   29462640713.1148270943017928162621241      
   29147840903.8118196613137750917357578      
   28828344730.2900199983992859511087904      
   28504108890.9116316813703497504937169      
   28175089897.2240589302403243887395450      
   27841244078.4152572068916958115418240      
   27502527575.0991205618157313213174452      
   27158896341.8426096175354043385774291      
   26810306144.7024620625971370016122483      
   26456712565.4690774153494139110359124      
   26098070994.4038179365203233869286422      
   25734336642.9186942062085637436033757      
   25365464529.1831883987529391590119916      
   24991409484.9039058878611992941294554      
   24612126153.3047064664061672371100731      
   24227568992.3172087852304391622769259      
   23837692271.2476448630307813626046371      
   23442450071.3385250766398749238578820      
   23041796284.4310141607905614497868923      
   22635684617.1762102505875576074873731      
   22224068586.8272184647347010480898967      
   21806901523.0016685777345853006304258      
   21384136565.9773574463808423737105967      
   20955726666.6462062868145148620115890      
   20521624591.2279208498873200924624956      
   20081782914.9622236902367125677965773      
   19636154024.7319407903710058352554372      
   19184690118.5897661760942816489682982      
   18727343206.0987113890007076654075652      
   18264065108.1748567073799925443601233      
   17794807456.1835858370280609334792910      
   17319521691.1667075082585998814482808      
   16838159069.4859289287474595902276918      
   16350670656.6666155806633303714473675      
   15857007326.8122047514686972012258643      
   15357119768.7892115897844030605471478      
   14850958481.1044099954281340376619968      
   14338473772.8875804918591647499177696      
   13819615762.3474459470450909351494130      
   13294334380.7223176797535587527586870      
   12762579370.7320853083835900254170663      
   12224300282.2859595049325918063649002      
   11679446478.4379842323191301057402075      
   11127967132.8303704886249474402792422      
   10569811234.8329387689437626229233532      
   10004927578.6846622271667075394885980      
   9433264771.63437523072886543667994194      
   8854771226.67114340837861176145368420      
