   44856513692.4370875687269923308108218      
   44856513688.1125373115188997146526811      
   44856513678.2781310882813459881379287      
   44856513658.2699481660164958781691628      
   44856513620.6967166662880420668420173      
   44856513555.3391951091941752361669404      
   44856513448.4051627219612382099971349      
   44856513282.3607792173407212152346797      
   44856513035.9800476394682051060628338      
   44856512684.7370119853808042592567477      
   44856512201.4168956833892665110025910      
   44856511557.8114478889771961069484920      
   44856510724.9552213021250018567804939      
   44856509675.6316634653977581415978781      
   44856508384.8420848747330619107719334      
   44856506831.4654604954297865182024560      
   44856504998.2881538172993849427475887      
   44856502872.7202623500310411414261724      
   44856500445.7009781642566116900055755      
   44856497711.0809296142974016614027787      
   44856494663.7359228479372057602212039      
   44856491298.2547675091776736792022491      
   44856487606.2783595652931420703988804      
   44856483574.6832458716447512444690444      
   44856479183.0876905909148961142438736      
   44856474401.9932661795696454249269371      
   44856469190.8044170249780929614649163      
   44856463496.5754446344380561198465664      
   44856457252.4996557719392559018786163      
   44856450377.2801675911363678949853687      
   44856442774.5436465689272514081357834      
   44856434332.7042616647223513338721138      
   44856424925.0283810225501647651124861      
   44856414410.0900352430396474210384083      
   44856402632.3180026014903884607878141      
   44856389422.6749500007064459172211428      
   44856374599.5550700294503117009760597      
   44856357969.6540710685506873338044511      
   44856339328.9675106708879616794462005      
   44856318463.5453956270302922908654514      
   44856295150.4453322608986340300480828      
   44856269158.4938709509676713745727237      
   44856240248.9614655414903723946190761      
   44856208176.1796782122763440430759115      
   44856172687.9602421154069324747223291      
   44856133525.9206541244677651393552150      
   44856090425.6591158714716154476993820      
   44856043116.8242659350045017104637953      
   44855991322.9534171712274396388957310      
   44855934761.2411466613067810475547395      
   44855873142.1920490394077933252814763      
   44855806168.9316789139330446876453868      
   44855733536.7120184336954985107670363      
   44855654931.8409092276142404018238836      
   44855570030.8742917054440406336039533      
   44855478499.4086773183614918940087316      
   44855379990.8070753189225993501677235      
   44855274144.7901864437747043457620664      
   44855160585.7816536670305605884782435      
   44855038921.2328552433139989019612717      
   44854908739.7489743769572607625353185      
   44854769608.9314048642475739162321288      
   44854621073.2347090509134857273417522      
   44854462651.8534235618521421024390949      
   44854293834.8480142422930869694648393      
   44854114082.1601513267505552056100004      
   44853922819.4524602313607113818182690      
   44853719435.1953661488784224033899927      
   44853503277.4864530626620327468169319      
   44853273649.9163893689559789326207924      
   44853029807.9879247066610578598473104      
   44852770954.9487994352844527825391865      
   44852496237.2802036305089376541023063      
   44852204740.0687302336947331918571685      
   44851895481.9151240207072728358928856      
   44851567409.7367178698492461023042158      
   44851219393.0157923219721372778893881      
   44850850217.7652787755893527462509056      
   44850458580.4579147450351021329763544      
   44850043080.8487827001961229860419892      
   44849602215.0475005400033004704559013      
   44849134367.7850787880349660029082727      
   44848637804.4921007891381415214188441      
   44848110662.5190240925672338355404643      
   44847550942.1248812265240293467000499      
   44846956496.7694688090311875189262916      
   44846325022.7396729712496234009015262      
   44845654048.3039111769505177040672937      
   44844940921.8990319363814387180737191      
   44844182799.7250800339234686259702791      
   44843376632.4827854781327323491085305      
   44842519151.2602157129215592536111588      
   44841606852.2284287923957705779195002      
   44840635980.5375331401761881952872166      
   44839602512.9069980480158418040962748      
   44838502138.9605284437399290827407962      
   44837330241.2367562181347481307422953      
   44836081873.6618272099150291696122097      
   44834751738.3739253913033091077974994      
   44833334160.9229347193635340871700871      
   44831823063.2022691669735811326683380      
   44830211934.8485816813969143350458920      
   44828493801.9806670190711229381198599      
   44826661193.8259774079212608074329108      
   44824706116.0784031057697235208341413      
   44822619978.0321184470715945823328353      
   44820393601.7606336792187407944674884      
   44818017147.4945251848191555442882102      
   44815480076.5400666590362546000564697      
   44812771104.9826246310172639762962018      
   44809878156.6765878567302049828410106      
   44806788316.3118972889914463549588278      
   44803487783.7945004865311562839396386      
   44799961831.4811346247028500747068465      
   44796194765.8791069894671743021316080      
   44792169896.1640413743220311278377413      
   44787869511.1629241910711530217307286      
   44783274867.2756876027947899292223175      
   44778366188.9462058327497446447896622      
   44773122683.2847642306906781106356414      
   44767522569.9705822032988786594812136      
   44761543125.6359606328525215346846929      
   44755160743.3203720832283992652280600      
   44748351003.7782558098027186465510704      
   44741088741.5965836925561044639941919      
   44733348203.7661083581392171284362763      
   44725103031.6590950104654534417658557      
   44716326407.5043085533065141145408788      
   44706991158.2930828892058004215138442      
   44697069847.7464512953140864346428745      
   44686534788.4783880600606288721788174      
   44675358167.6903729123189711173538164      
   44663512062.9401768653412820500517545      
   44650968506.3828266639223757026872330      
   44637699515.8695879079160019580325677      
   44623677123.4950947856168069473934089      
   44608873397.7195524979688994500008308      
   44593260461.6009037522897587642001756      
   44576810507.9971129604995426438878284      
   44559495813.5582879120508636508051215      
   44541288752.8810409258230357629548007      
   44522161813.3518398740274982860134562      
   44502087611.7441770027217580253119188      
   44481038911.4460787239890118183857380      
   44458988640.8291172711843657546122411      
   44435909911.5205651758402797696217434      
   44411776034.4902859373733726881660917      
   44386560534.3681552652952278709345266      
   44360237158.6269727808677644423888690      
   44332779882.5817400077738083320735594      
   44304162908.2045601715809884840005781      
   44274360657.0058561275077484540529765      
   44243347756.9015909884379257661738402      
   44211099024.5185768599172318033755681      
   44177589441.9599698255515970969379041      
   44142794160.8092587970246366141940449      
   44106688345.4834090963690785299836954      
   44069247337.6158227797286212715849146      
   44030446486.8323734420001696933546132      
   43990261151.6707171785788174889167178      
   43948666665.1720633695806490703612658      
   43905638302.4654510403934943370062970      
   43861151249.0344242726358337817952824      
   43815180570.7074197619327997434290845      
   43767701187.7971117396188450760937227      
   43718687850.8119271294387490783315524      
   43668115120.4318928563587048594017299      
   43615957349.4649229406871351351901747      
   43562188669.0467293498652982200642235      
   43506782976.6948337914758471694184148      
   43449713928.2179721234235207474262014      
   43390954930.3476456184208164164111342      
   43330479137.8603145175832077939657893      
   43268259449.4949684501752748829165868      
   43204268508.4053074974282896744815016      
   43138478701.1346904171215436409547731      
   43070862158.9641015445548212404638408      
   43001390760.2128725283840814639176624      
   42930036131.8530270544981703028561932      
   42856769654.4726565992038061393057111      
   42781562458.3456166952878989345092867      
   42704385436.3879534050733068343302730      
   42625209240.5710246429127911786632380      
   42544004287.6956752432404433741540928      
   42460740761.4706260331200495438298638      
   42375388616.1742117878484794579891239      
   42287917579.3646973959244532168729054      
   42198297154.9239272865502252559189973      
   42106496625.6482231969797794371068579      
   42012485094.4436033499935902116734664      
   41916231332.3670034427092671215740011      
   41817704013.0559466408355941032951633      
   41716871560.2713121108789561473478735      
   41613702188.1238071574206554077197626      
   41508163903.0910754605282807211988761      
   41400224506.5243391918871426386000995      
   41289851594.2631868987389979471822363      
   41177012559.0033410812370178429836326      
   41061674594.0443402359909964556037005      
   40943804692.2745561934817470383086298      
   40823369647.4232695458168005426664628      
   40700336056.4191731675280605282067969      
   40574670318.8715724069166463487373614      
   40446338639.4438764058348361055749898      
   40315307029.4120836231454580395242070      
   40181541305.3228411450504895694197468      
   40045007091.4166042466803113649029544      
   39905669819.6570261608154453413502583      
   39763494729.7213702733559315440010163      
   39618446871.1912972179152912066947071      
   39470491104.2087107827916343908501021      
   39319592098.0826746758141977673434758      
   39165714333.8442076073269430957811362      
   39008822100.0420724074124901240570553      
   38848879499.7541853867062770483988271      
   38685850447.1980605059794416877714480      
   38519698668.9901528126209244066231216      
   38350387706.1708827600387922759031715      
   38177880910.1821006119098498156516379      
   38002141447.0438057284427104133912902      
   37823132293.4820722664391614805651085      
   37640816240.5137113414100283054745278      
   37455155893.9063135715811093569932995      
   37266113672.2008829706350324416970575      
   37073651806.8654409317931571322455707      
   36877732346.2010395707834378743376939      
   36678317152.7677783180016427233133470      
   36475367895.9601186861961974359772270      
   36268846067.4668616353943361490360390      
   36058712969.4541525924599366442874448      
   35844929719.6825051230896105854023055      
   35627457250.6847159611138362052118342      
   35406256308.8631391468883144373447867      
   35181287453.8667745221866811026247130      
   34952511060.3151434312737711387570138      
   34719887319.0255965547249096925908663      
   34483376232.3955459413263223940137827      
   34242937614.4060684780305951247670444      
   33998531100.1120752367615695095502409      
   33750116135.5242535158794696804975347      
   33497651981.1902030808058214977673083      
   33241097706.6725717493583560517958501      
   32980412210.0590438081031105137576314      
   32715554189.1484418438317806423479467      
   32446482160.4339033936051698161347329      
   32173154455.6856041602819160387803258      
   31895529214.5848223497049632051007820      
   31613564393.3983247448467727679445681      
   31327217774.2399083971265793833771475      
   31036446937.4905104026818170156858605      
   30741209281.5994362260400520114441679      
   30441462020.4607536716249387188032118      
   30137162180.1626062909192365876227491      
   29828266606.9401907572619820314670551      
   29514731930.9557149419556375475366447      
   29196514638.2733695412671232936952752      
   28873571003.7621721769519159903170687      
   28545857120.9727364919448690717054595      
   28213328894.8192857478662276518524519      
   27875942044.2467036687803630266108095      
   27533652099.5268562917894891437436179      
   27186414406.2613748570981324524898630      
   26834184121.8116169682702196521190704      
   26476916215.0399986158348597987736903      
   26114565468.5749954274515971696275236      
   25747086480.0243576890168846701901058      
   25374433656.9266529607493619427718858      
   24996561219.9011329312575644963751758      
   24613423188.6391318545992563060533191      
   24224973431.1494697138639407879868945      
   23831165609.4205649124500950658129958      
   23431953164.7427111397106342396120481      
   23027289396.3962697888009751660321467      
   22617127396.9553452350898577691608148      
   22201420073.8374225971816051203519242      
   21780120151.4017065532834856085753635      
   21353180153.2698359622888382482250919      
   20920552428.6911639077785441573765957      
   20482189134.1030584361122665034883373      
   20038042236.2873951364093574844833616      
