   44683923612.7182472319679576154506821      
   44683923612.7127401415772499958098321      
   44683923612.6736639855473910915172188      
   44683923612.4829942690455915080119166      
   44683923611.7782405027056115664214484      
   44683923609.6688997042470186126812945      
   44683923604.3096188593274423876764820      
   44683923592.3488393672059270569769743      
   44683923568.2875460051347223726784743      
   44683923523.8645646311024979277046694      
   44683923447.4339550144516086926044426      
   44683923323.5169137580914476554568694      
   44683923132.5357600063381410299684804      
   44683922850.8433094457553666699369718      
   44683922451.0683671095692366801107466      
   44683921902.9047117646047263964832344      
   44683921174.1875213761071801595073828      
   44683920232.3295819656301504205842537      
   44683919045.7527896163914885915040917      
   44683917585.7110218558491695958711816      
   44683915827.2446702422775909804147513      
   44683913750.4492832043295527076050022      
   44683911340.7021128841529910920975525      
   44683908588.5438393785320754734487268      
   44683905488.7690797303599694372614302      
   44683902039.3053928256745269842217163      
   44683898239.2120464605296256221084137      
   44683894086.4733145283234786623115255      
   44683889575.5931531356067929294599807      
   44683884695.1877146160816537520625875      
   44683879425.4850478986965405101986034      
   44683873736.0858297471735255309998274      
   44683867583.9711499200183650274361784      
   44683860911.9305853234069041082079550      
   44683853647.2050632921176300738898468      
   44683845700.5885751037560460014138448      
   44683836966.0140669357351536712237078      
   44683827320.2405874398720524945070369      
   44683816623.0330010123329809174445960      
   44683804717.5977735323575775357684230      
   44683791431.1316093661791809556307996      
   44683776575.6540532384567442981101866      
   44683759948.8892014913124723212114524      
   44683741335.1224324215002606761091005      
   44683720506.3579892574182361847449175      
   44683697223.0996491326144153416371626      
   44683671235.3252309911960410098921195      
   44683642283.2523924485673154077516810      
   44683610098.0838738821958461976478542      
   44683574402.6252216932354086735661411      
   44683534911.6458719096852848906990674      
   44683491332.2017450513192150519375281      
   44683443363.7026024481388655237867016      
   44683390698.0101556904002164713303650      
   44683333019.0264265836094905552716457      
   44683270002.4278105029270408617095130      
   44683201315.0298198493668729756192397      
   44683126614.0085205005850186376825314      
   44683045545.9799400281365156327248053      
   44682957745.8066054876535546840073428      
   44682862835.2285939765528662647504304      
   44682760421.3902836857636459323586717      
   44682650095.0206400472709180213313743      
   44682531428.4438945090121652908241723      
   44682403973.6902692526805343509521938      
   44682267258.9583209763306681146607628      
   44682120787.5227945568789102856223492      
   44681964033.6988141557911788024156697      
   44681796439.9693927054019280519646655      
   44681617413.4386722926339731017906261      
   44681426322.0135751079962616400953866      
   44681222490.2959423224826285295150149      
   44681005195.0640870418466569184954607      
   44680773660.5176522806377373463902649      
   44680527052.9411805750798958894357963      
   44680264475.1807777679854687441925060      
   44679984960.4805066081539326323609708      
   44679687465.8941349676191751137796462      
   44679370865.2985165571478630100082526      
   44679033941.7013623492912533452805182      
   44678675379.1250025913881424381199990      
   44678293753.7384990112702708550897600      
   44677887524.3106111234430912348434959      
   44677455021.9967387158159563399967795      
   44676994439.3538936631694747786855434      
   44676503818.4133001353574355578411388      
   44675981037.7981236187996424926895114      
   44675423798.9460779676321479862762602      
   44674829611.1190333296215021870110360      
   44674195775.1501480759362458254210890      
   44673519366.0040933108545719945284869      
   44672797213.7348540427792295858196351      
   44672025882.8638798717427351113075082      
   44671201649.8497853011223770291258625      
   44670320478.7453672358497408108223935      
   44669377994.7100219650786680672872493      
   44668369454.7647725803964587370705795      
   44667289716.4003780187170773929588254      
   44666133202.9554906058519689030355139      
   44664893866.2427657484931711694569765      
   44663565145.5886747874365776522532808      
   44662139930.9088854693585471261276196      
   44660610488.2361974483596475045943487      
   44658968447.4748345307778322259122722      
   44657204724.2790695750461591856474032      
   44655309470.1207451955094389545305010      
   44653272015.2477887931679111139236902      
   44651080811.9132001699407282201851945      
   44648723379.7929177819399652746208041      
   44646186255.9730272850469725129550072      
   44643454953.9806713183246812463509571      
   44640513925.7064631109082775835679424      
   44637346552.6509761583022187161737757      
   44633935138.3895918854458089647179943      
   44630260928.1025780692433101241114277      
   44626304146.5763217874411741957986017      
   44622044056.8285724167498665386940237      
   44617459037.0982696462871362741730753      
   44612526673.6974281805606067171083922      
   44607223857.8012409877431711231446050      
   44601526924.0568762673778106650652917      
   44595411727.6208226599902452364067498      
   44588853727.2559423466123310142779347      
   44581828173.4593452579804097707411717      
   44574310102.3141432168950457268723374      
   44566274445.8348339378799605798519792      
   44557696080.0253207315496667715968366      
   44548549865.2499384943720953660625614      
   44538810672.5118274172518972255798276      
   44528453398.4800622761333135220105454      
   44517452969.8349044113695968300885789      
   44505784340.4140912722122347075038354      
   44493422482.1254616276072935288419542      
   44480342372.1501273779796694578473302      
   44466518978.1562780472865083044115816      
   44451927243.0638860583652348335727431      
   44436542069.4469851542707067141272551      
   44420338307.4296382459713920692854904      
   44403290744.2500865919180718508321206      
   44385374097.2268917878057552614463831      
   44366563012.3596326832616942181160325      
   44346832066.9365295760391523102010835      
   44326155777.2765697946492415826679867      
   44304508612.3897262654495041600401018      
   44281865012.1805769885882834300799533      
   44258199410.3748668991924300556748498      
   44233486260.7081795489375072683382734      
   44207700063.3362698759269028587487579      
   44180815392.7474583013698551325925332      
   44152806922.5131309367231965722155717      
   44123649445.7218560849468756649014265      
   44093317890.1414015860245176392823937      
   44061787326.0164528238263407999968723      
   44029032967.1330987356723889189858688      
   43995030164.6626941456946357792247133      
   43959754422.3662198701554232256651980      
   43923181264.3340825655287566479761736      
   43885286389.9360670567822010737507167      
   43846045526.9253415997764011008349901      
   43805434435.6730945233912282570978050      
   43763428881.0614706569959380847775873      
   43720004604.1544973906052252630647643      
   43675137294.1144022799699231990755499      
   43628802561.6054029223942265012610848      
   43580975912.6451717925602859730802649      
   43531632725.1265847326607808143852426      
   43480748226.7920480429307893612908197      
   43428297475.5526486470463034413223842      
   43374255342.1737126996248320668291390      
   43318596495.1575452107287500829835166      
   43261295388.3232270087565439838020330      
   43202326250.1879043431082655677500727      
   43141663075.5874972287338411246581952      
   43079279620.5441406778396223842674583      
   43015149394.9114689403591056728529628      
   42949245664.5228725540537852185893728      
   42881541436.5791105266431969465815445      
   42812009477.2578110156659743732186012      
   42740622299.4307283344287384829101236      
   42667352167.1085925218717355471968796      
   42592171096.1021918377358273835186251      
   42515050856.7409579444617489414228109      
   42435962975.3501295571341734073155667      
   42354878737.4021427867988751204038911      
   42271769188.7738893177849045521237449      
   42186605140.5391386348558510516787084      
   42099357169.7114034866307174222222960      
   42009995616.8300822287953325136944880      
   41918490646.8803108844658097100273077      
   41824812073.0987487992338917870324277      
   41728929603.8082917899711696782855278      
   41630812687.9721114523263363117621643      
   41530430556.0007554238402056717852835      
   41427752222.0745403796836111127980873      
   41322746486.0772155463101328244556753      
   41215381935.3551603638672761931779032      
   41105626947.0036190922343695126072081      
   40993449689.4245380172735295084959239      
   40878818123.8446608424276291983439779      
   40761700005.4301575409758792855959587      
   40642062884.2077742146689011528047160      
   40519874108.0370238351764597852415782      
   40395100823.6871460065073276193631039      
   40267709976.4202350630612251758263766      
   40137668311.8460918097667714529160092      
   40004942378.4165590671675194130698577      
   39869498523.9500988619291462789308860      
   39731302903.3284045678152048788400459      
   39590321472.7791408462271454611717462      
   39446519994.9655842548435160465203596      
   39299864035.4057295095004403081926889      
   39150318970.1430621218559160130117264      
   38997849979.0599711687934875151441182      
   38842422048.8964352892405894993063526      
   38683999977.2054685181193864525752283      
   38522548364.3774980122055081092103391      
   38358031625.1960917631554687914720459      
   38190413979.5010721124471839866501082      
   38019659458.0068797822190003726217527      
   37845731897.7204735499300066409932297      
   37668594953.6892376526997330733524561      
   37488212080.6450215546225207325773704      
   37304546556.2771966923701053524657201      
   37117561455.3766237591690464317043422      
   36927219674.2893842653759002408660853      
   36733483918.8624747718222342591868515      
   36536316701.3088797139539452709182638      
   36335680342.9689943094311864653597649      
   36131536989.7956737009934122111917161      
   35923848591.0046693661003437586635121      
   35712576905.1455358588466291221819342      
   35497683505.5263198340101402737137108      
   35279129772.8659998853980771648481046      
   35056876912.5907951271559993501136184      
   34830885929.9629719588508170433470845      
   34601117647.2103731428374739110104447      
   34367532700.5860744242245828419138026      
   34130091531.1819704179511398371975485      
   33888754395.5117693306528374127893537      
   33643481366.7396977591151080422599572      
   33394232326.4080586361929127907452147      
   33140966969.0433789336102814653252523      
   32883644798.3142482023215495668452909      
   32622225135.3079953254365038143307795      
   32356667110.2423428083837816376180740      
   32086929666.7939257259399899897483638      
   31812971559.8751812426760732357289422      
   31534751349.4996944751874512306165786      
   31252227425.1315248879767818281334434      
   30965357976.1239340848293222741542328      
   30674101003.0444469831620866719619753      
   30378414322.1731916655132495268765332      
   30078255560.7251029150216213470153196      
   29773582157.6928838126637927268042940      
   29464351364.5227301966546757453338066      
   29150520244.4941629449692300490195194      
   28832045673.0509362215617788510524225      
   28508884335.3651936945635756591021224      
   28180992730.8632199951708207658466770      
   27848327169.9869230346725472502080738      
   27510843774.9075178947218182958038342      
   27168498483.4054228211942410924913947      
   26821247033.6662670693009577407306393      
   26469044981.6661374989780617740803414      
   26111847706.1402659573088250604374536      
   25749610383.2730600150594559346904201      
   25382288005.4207925109244724314548137      
   25009835376.6549646061507281083523640      
   24632207112.8343102185437776332034155      
   24249357640.8217678729911774042077159      
   23861241199.9912930133255581953216385      
   23467811839.7928928081886418296019971      
   23069023428.0231827413054385635889008      
   22664829623.2510987001513085903571455      
   22255183925.5220555514170866573371798      
   21840039627.6299268852851577568462399      
   21419349838.2638071340996735145920282      
   20993067477.5587529328722906183641270      
   20561145278.4974008870410458927415480      
   20123535780.4452768344597291242359926      
