   44856469191.6362633718028278743155763      
   44856463492.7983822279921042357242590      
   44856457241.4237317979687256068549811      
   44856450355.0689351382200827475506488      
   44856442735.8268569244951845595377741      
   44856434270.0959631928470913885430638      
   44856424828.5292574265052441734368742      
   44856414266.3581040549946202213706758      
   44856402423.7871579730794970606855229      
   44856389126.4940441115932581863630508      
   44856374186.3308733127263826420716497      
   44856357401.9636016601382639103818278      
   44856338559.6174990597164760949564322      
   44856317433.5385513710760398461028601      
   44856293786.6273960894494478345396540      
   44856267370.8606884444338392124598862      
   44856237927.4798658943149476642049636      
   44856205187.3473972194531286666403733      
   44856168870.7079287642125376931200349      
   44856128687.0832264690867115785233249      
   44856084334.8469378470511439702526346      
   44856035500.6687890964739140226106504      
   44855981858.6847427639886446967722719      
   44855923069.5405954653951685482290013      
   44855858779.2238943865875313472268558      
   44855788617.6850856798668446352103179      
   44855712196.9386426543514647317369014      
   44855629109.7372315463376118633866018      
   44855538927.1994473372536481508192902      
   44855441196.7025438231580728972291326      
   44855335439.2938398242637388896877372      
   44855221147.0704584396675683290290267      
   44855097780.2518678140917173541270452      
   44854964763.9584031252616831541380984      
   44854821484.8360545144555443037742518      
   44854667287.3090298520733049159915187      
   44854501469.6303626382661787491556542      
   44854323279.6684583573895201794336276      
   44854131910.2838913496241236092039874      
   44853926494.4422599532059775824255384      
   44853706100.0636436582954729185206124      
   44853469724.2598682638657287207954191      
   44853216287.7342569395301394607707454      
   44852944627.7992265303715607299226812      
   44852653491.9133962311904298811959698      
   44852341530.1504264269174086286416770      
   44852007287.3520206158103576872162013      
   44851649194.5650530875793281152391543      
   44851265559.9731272243883297786933882      
   44850854558.9769350545191474753814943      
   44850414223.5498749281475308434619455      
   44849942430.7374844457619179815106114      
   44849436890.5790768825288908296028200      
   44848895132.0861487706588406335307470      
   44848314489.1010020963652241438872741      
   44847692084.5916377638085314615855109      
   44847024813.5440306941079558072864147      
   44846309324.8182257365266096992527818      
   44845542001.5721185932917415225702798      
   44844718940.4527762371704390037231402      
   44843835929.5753187594306417655755962      
   44842888425.5705385885359799443216095      
   44841871529.9652069573521251097807285      
   44840779965.0899106888325059840158456      
   44839608050.6208188760069104163031602      
   44838349680.7727182072286558568231484      
   44836998307.8644236296232928720807859      
   44835546906.0656505469162062664595726      
   44833987982.9702914821793879374501824      
   44832313546.8839229667807181724132410      
   44830515126.1041511377609912022192296      
   44828583738.5397941263618645545710575      
   44826509918.0151067429423776410048300      
   44824283720.8930349391349194713199027      
   44821894743.1025923363342007918036828      
   44819332141.2440925084971858599162555      
   44816584657.0558416734769169803029898      
   44813640644.1833032895695028256284444      
   44810488095.3701312398024828285877235      
   44807114669.5612321770154569149443894      
   44803507708.6111810843272374965269993      
   44799654293.4573240953011599618138683      
   44795541218.5774712501414282401048581      
   44791155037.6694647475141357539722297      
   44786482070.9370707873076190677276845      
   44781508415.9476503356982008563267455      
   44776219955.2688392522289796737947878      
   44770602361.4978807373667593236572594      
   44764641100.1305490276066708134513009      
   44758321430.3715918895359045701486755      
   44751628404.3603578879775969719346468      
   44744546865.4723832394305505464773226      
   44737061445.2937312440752677692249501      
   44729156560.7711973397263640105598394      
   44720816410.0168155970625868696795983      
   44712024969.0460393829643508046121658      
   44702765987.9043589184212780898367494      
   44693022987.2037558194658879226863106      
   44682779254.5334104455181172409641008      
   44672017842.9236995923780765291017014      
   44660721567.3309028149954086884231873      
   44648873004.3680788932313907656593077      
   44636454491.2831729182388529555691277      
   44623448125.6555810518785949196474597      
   44609835763.3268096838655148808941174      
   44595599038.2290080554519777726426444      
   44580719339.1723959274328664203127185      
   44565177833.0202300867119076176303997      
   44548955466.5653032341825101204582542      
   44532032975.2766813549323081237545684      
   44514390892.5903620995079097545494246      
   44496009561.8278690783086342775365289      
   44476869148.4466345263028902600180820      
   44456949654.6391780566288841225848048      
   44436230934.9810692142753604103889808      
   44414692711.9578933229932750940604461      
   44392314592.1511385702943052599853356      
   44369076083.0015464312764594123954614      
   44344956607.1930851588027111888078872      
   44319935542.4891255553601737339575675      
   44293992131.4772268973976200926497839      
   44267105647.2070722640771814630456020      
   44239255295.9555676477721180569013136      
   44210420248.9588972851954266353056872      
   44180579644.3915140099982697396649396      
   44149712587.3818674912036076907903451      
   44117798146.9067254015672548826701302      
   44084815350.4835547005053790572037926      
   44050743176.4670722117918915619842655      
   44015560544.1878998482578860619605112      
   43979246302.6854427847416642261902820      
   43941779217.5778359122326382262519676      
   43903137957.3802905900508651327802472      
   43863301078.6685886798503686603256607      
   43822247011.0786905008734086353059726      
   43779954042.4392209706338841533165553      
   43736400304.4544657693695474299054471      
   43691563758.5349915133352942053154644      
   43645422183.2485036897348432609700643      
   43597953162.4697844657071226722219135      
   43549134074.7667955141291614023184425      
   43498942084.9460705158705906282994761      
   43447354135.5388977319159167411417772      
   43394346940.7615163792682353804435780      
   43339896981.5604099704211677024595512      
   43283980501.3017621073528214512352332      
   43226573502.3491021938032156128973122      
   43167651745.5172929504402690387378141      
   43107190747.1254518352839495561788038      
   43045165779.5747380865523030766022735      
   42981551871.0500805568496538393884162      
   42916323805.5627820543688597908904694      
   42849456124.8331485875535302622102849      
   42780923130.7359682484151561251837989      
   42710698879.7638731088892730408592334      
   42638757228.4854960634769219332017081      
   42565071691.5301379745762499227721464      
   42489615654.0381957106176795783281751      
   42412362233.1939582330816971252769715      
   42333284313.8103788994995413900706059      
   42252354551.2103907633895742695958879      
   42169545373.5364806122162682033141117      
   42084828983.0431465817648156467115133      
   41998177359.2851058982598649181320299      
   41909562256.2588667380861185847356025      
   41818955210.0188293223377629110227749      
   41726327535.6737421763471909908306186      
   41631650332.4945881916753329984804718      
   41534894482.9772285019422180349981108      
   41436030654.9573908419913491784218979      
   41335029304.0659247687395897999672736      
   41231860671.0206280698253971716836687      
   41126494787.1985466065307992628761873      
   41018901474.2060152449819815597179648      
   40909050345.5965908571467286011210453      
   40796910804.8635322284342937844313084      
   40682452051.6941496491136301705985517      
   40565643078.2787036029447085566094672      
   40446452672.7673029359282532356511445      
   40324849418.7494515737710065460472670      
   40200801698.0569265666258036180052353      
   40074277688.4326683615430520223080988      
   39945245365.7544331816323110500381977      
   39813672506.1036451592697557101002604      
   39679526683.8219928895392551997101939      
   39542775274.4433485786426965815473011      
   39403385453.7336944478786374928948139      
   39261324200.1996786757693518946759902      
   39116558293.5212083964285023197384886      
   38969054311.8916966196020448564562556      
   38818778639.8331840978247449696748243      
   38665697464.5842949287524743787785698      
   38509776776.5801603572349219018753736      
   38350982371.2198798260340286559111427      
   38189279847.6428915529682537646880568      
   38024634610.9414416767980719026890455      
   37857011869.5095860794871876469766637      
   37686376637.0506192497928061919432112      
   37512693733.0271028662101236216010404      
   37335927783.5115933566514641178219491      
   37156043222.4143694912539903828894086      
   36973004282.8085442287072871079160950      
   36786775012.6023987550964721299950295      
   36597319264.0554459839824255523933797      
   36404600696.0219349999095022378543564      
   36208582774.4543560892199589147861081      
   36009228773.0407553056302915935881124      
   35806501772.3440461316931226627759430      
   35600364662.4850218411471272678186975      
   35390780140.6089549849809385794003577      
   35177710711.9335646539150091217250453      
   34961118690.0552394573705715165149572      
   34740966196.9874071739179133094788667      
   34517215160.0110183306998326017828247      
   34289827315.9650345562390299779890566      
   34058764221.0190746371417946273062591      
   33823987227.7210366405371201772109626      
   33585457499.0961299028243320340828951      
   33343136010.9469465642000307035399913      
   33096983546.2931540568850803428203230      
   32846960697.1955347318886525742903437      
   32593027865.6991684168976010778451509      
   32335145262.6990032551851752051288676      
   32073272908.4331196636358724232850578      
   31807370632.0424424796702343275590644      
   31537398066.5363281983353468685261750      
   31263314672.8531593744738717856524287      
   30985079697.5951890058517276969848944      
   30702652213.6112470129262291479565997      
   30415991097.2619008986526623623811481      
   30125055035.5904204740913228114374660      
   29829802524.9181972955343581755947547      
   29530191871.6918002464799143395494948      
   29226181182.4599490455035399933828445      
   28917728401.9065238221494409505862236      
   28604791250.5195007603802944406866148      
   28287327285.5136956937541665575618946      
   27965293849.0716000973074662217562732      
   27638648112.5979662474308504491071138      
   27307347053.0962851013790595084373793      
   26971347454.9762422448505312106220584      
   26630605912.8837630105855493563395343      
   26285078832.5275869091146397924832497      
   25934722429.0638235539423490176447649      
   25579492726.7351970560402927125774031      
   25219345561.5287207771660624468892769      
   24854236578.2901734865626871598773737      
   24484121232.7208974414717639255933833      
   24108954791.0571799658027336321453570      
   23728692327.3869902547195715628638724      
   23343288729.9596112954725500071664845      
   22952698693.3405359123617892279869745      
   22556876725.2345900870589003964472415      
   22155777141.9216409571724750895012654      
   21749354069.0621148021214651120211955      
   21337561444.8117714157146721331238397      
   20920353015.2925905956698230001533719      
   20497682334.5190382121484648486374464      
   20069502773.4640605326304058605036089      
   19635767513.6191048562122195099406159      
   19196429541.8440438353243901398067987      
   18751441656.6039566491011058182265258      
   18300756461.2048385389836192448733327      
   17844326384.8562345009098120732303127      
   17382103654.0336380203430068773780504      
   16914040309.3454055505135185423405054      
   16440088200.2263006037498511745901107      
   15960198980.9424145203142803549142027      
   15474324130.1818161094915887545940030      
   14982414930.5341352343644895379013159      
   14484422475.4032667529567214352693471      
   13980297666.5474273782641810765721819      
   13469991219.3515689930816985921196744      
   12953453658.9562801338852042054850426      
   12430635319.8477442796504573423978264      
   11901486349.8103865388040612477619517      
   11365956691.5229165057013161185518007      
   10823996122.7792692795636275104330113      
   10275554220.3076454897716235328926875      
   9720580373.64346464746529986935661787      
