   44856477720.2096174031936687514845438      
   44856472806.2421009289325492322475253      
   44856467445.4462121009119702614260857      
   44856461579.9331318995105993620920970      
   44856455137.4694579020084441549248318      
   44856448030.7461247364686170467159878      
   44856440156.9476382691174643737405031      
   44856431397.4553462665127256500083873      
   44856421618.0155194377563648051533372      
   44856410669.0498806233013905135547218      
   44856398386.1252390493575344471071277      
   44856384590.4570169252620619229121789      
   44856369089.6829397405190819273587296      
   44856351678.4216991414091191153836331      
   44856332139.0878973637810307203674145      
   44856310242.2792750966168956182882896      
   44856285747.3839979278146313772004065      
   44856258402.9940203563173798583065698      
   44856227947.0330849579400522775966464      
   44856194107.0385380035741500206790079      
   44856156599.8731194779615800446719211      
   44856115131.6038535462209036587042139      
   44856069396.9763192893008859891245884      
   44856019078.7900748044174121614633218      
   44855963847.0261097992450709471959173      
   44855903357.8456738676437754224271112      
   44855837252.2961073022508174019871668      
   44855765154.9205775479930766934643061      
   44855686671.7745379340781628740605731      
   44855601389.0137897465578637410188332      
   44855508870.5502458024786112967364606      
   44855408655.6416902852708997701687371      
   44855300256.5527316465233150873972666      
   44855183155.5993916189604212852524920      
   44855056802.2754745631691171336204982      
   44854920609.8974588932346036166517653      
   44854773952.2046401635649849824045725      
   44854616159.4593335232802832794647621      
   44854446514.4458194023432303708929850      
   44854264248.1689258876903809043159703      
   44854068535.1067537308486782052622202      
   44853858488.2076173894814447516084830      
   44853633153.5991810402580301089254600      
   44853391505.0941140106716577837392409      
   44853132437.5671419883777531431098883      
   44852854760.7086005862589347946065154      
   44852557192.0589428350872249460320945      
   44852238349.2945587081030896458533099      
   44851896742.2378860037529712241828140      
   44851530764.0998744370026513137063147      
   44851138682.2043385705937399422820747      
   44850718627.8007520363006867969286799      
   44850268585.1028390502732146401448964      
   44849786379.9328678720920175294703278      
   44849269666.4296880106357724679575072      
   44848715913.5832923115262482879149397      
   44848122390.3413227349602282892771438      
   44847486149.4550680235983421943329778      
   44846804010.1977030860433980276980172      
   44846072539.5783866607494326798069876      
   44845288032.5058465585204812656555210      
   44844446490.5388897914908090552424845      
   44843543599.4587095990180611858388841      
   44842574706.2617605890582176329866020      
   44841534795.1817839798631329307163242      
   44840418463.8428983453545872751605222      
   44839219899.7402258815053214591917857      
   44837932858.1136009565646478595481584      
   44836550646.3578641904306943913962553      
   44835066088.1643075953044994555962901      
   44833471537.3129833091260994494548731      
   44831758845.7210052281915213662182321      
   44829919385.0235345256659668465000841      
   44827944017.4807379983503338408697675      
   44825823124.4886692283165172087003058      
   44823546614.8081903232771641955803204      
   44821103942.9935345827607562996440028      
   44818484131.7432793342138606332649190      
   44815675797.1812381653177353505447821      
   44812667175.8691978036124869641188830      
   44809446152.1758570480936932785163959      
   44806000284.9331344770679033387000790      
   44802316822.7827232221390848609312722      
   44798382762.3715888895851509972853531      
   44794184817.5585755918678239406853942      
   44789709466.9087340134072152874696741      
   44784942959.2379091911015208431841312      
   44779871323.4244699725044136834825156      
   44774480375.2208803855677210252392382      
   44768755721.6122133621500996606093256      
   44762682762.8174798922511552027561244      
   44756246692.7454340285618230363090646      
   44749432497.7440462423718559391277413      
   44742224954.6284076828806129501075272      
   44734608627.4522433175575341052118978      
   44726567864.3840492759868832584591971      
   44718086793.8191488271733350913356587      
   44709149320.7229892733006279355814413      
   44699739122.8215233412792407143768414      
   44689839647.5144687870389675215335077      
   44679434108.5128934243576852782029063      
   44668505483.6920594445879145020404164      
   44657036512.9070930256379910061675219      
   44645009697.0253131474465701202033959      
   44632407297.4530761210175729329024163      
   44619211336.7754098871749352396891083      
   44605403595.8489646132968477803741725      
   44590965634.8410028970473562365958009      
   44575878770.6883504563795539161727368      
   44560124099.5979534271196368680623836      
   44543682500.7585935419518106748462022      
   44526534644.6201206382348361230004631      
   44508661003.0960144872038999137040470      
   44490041861.9620500007564467610879714      
   44470657333.3743601869244164181286397      
   44450487371.3443520668699003047681582      
   44429511786.7041469483447733669782659      
   44407710263.5646053848048655626394712      
   44385062375.5687131809027404139832408      
   44361547601.6787042984624160796544681      
   44337145341.1465183000464888366419997      
   44311834951.3961681774674408273485778      
   44285595659.9880099379440723668540581      
   44258406725.9517550229523574786736381      
   44230247344.2713312821058641031732983      
   44201096675.3870830576588033306678866      
   44170933847.3027073947276639350982372      
   44139737954.1322695117847323715797132      
   44107488052.4891601973142346377500618      
   44074163155.1968345518374358990487842      
   44039742223.1804662256420499606517547      
   44004204154.7936315701140830741110067      
   43967527774.1759596475049331258283973      
   43929691817.8561239827231322636176709      
   43890674920.4333038435337604276168336      
   43850455600.1458000256502094417843850      
   43809012243.2716640936786480078447487      
   43766323089.9156602096580590678940037      
   43722366219.3354369193232473325307070      
   43677119536.5079411694970169524067701      
   43630560759.6809573361693390482073732      
   43582667408.7747152028860493880033741      
   43533416795.9053258069107854428396265      
   43482786016.2115245144670930042196990      
   43430751940.8095712599745009280524146      
   43377291210.4859689515782061623809439      
   43322380231.7809917479149443330695809      
   43265995171.6212291783237109574473086      
   43208111956.8204325247592684641771908      
   43148706270.7285507126191426097151822      
   43087753552.3502229468112945787401047      
   43025228997.2472707142755528347595216      
   42961107555.8340330142931731286551625      
   42895363936.0998496469845594391200485      
   42827972602.9681386256052973604156903      
   42758907781.9819607316733608384144284      
   42688143489.7810772440328047815105641      
   42615653400.2625041268629102475551150      
   42541411061.3032879458032688175585846      
   42465389749.3539805080734090273409569      
   42387562507.1255390455823872988303911      
   42307902146.5837673123837501200044014      
   42226381251.4969594627606192981681566      
   42142972178.1622002562588410392324347      
   42057647058.3439736362162111006625823      
   41970377799.8128258331858307266671463      
   41881136088.2338133243341026517817327      
   41789893388.4313666760008748382570427      
   41696620948.4338814121634085859752607      
   41601289797.7211108380526790307278390      
   41503870751.4162829787541594746713225      
   41404334410.2080761674171689772777244      
   41302651161.3382685297211151103534496      
   41198791179.7486665626377754378294757      
   41092724429.0531239396494248186734155      
   40984420666.1107966940381302765239091      
   40873849437.8218758926972433000518253      
   40760980083.5249722430222434279726575      
   40645781736.3784939449219402327852434      
   40528223324.4093887744452673683008076      
   40408273571.2801556746679396307369496      
   40285900996.4290544042473425970675326      
   40161073916.3756973416306432825102278      
   40033760446.2182779805409905137084679      
   39903928497.8416234622867923518515460      
   39771545783.5027461493392084907927923      
   39636579815.0332090075186980673372180      
   39498997904.3538455711144196438698748      
   39358767165.0076594635981524302517817      
   39215854512.7141442248248563620150433      
   39070226663.2049617687647985339237740      
   38921850133.5368280549537476036216647      
   38770691245.7090750038735214159839389      
   38616716124.8699118440475756082754246      
   38459890699.3002520791930404647476423      
   38300180702.6628091844576406404689540      
   38137551673.1066624831962328890057298      
   37971968952.8443932483064424858478832      
   37803397689.0650432184743862162806389      
   37631802833.8835300441254203221575315      
   37457149145.5909913075489468166974859      
   37279401191.6813141458897060312253872      
   37098523336.1700903427510760110363724      
   36914479760.0108826631926538420752894      
   36727234446.8897783494226713074437002      
   36536751188.0574554186430080027982810      
   36342993581.6417987749138701814994036      
   36145925031.9075193281841312997914656      
   35945508752.6837216867547014207669886      
   35741707763.4934789990964014941527963      
   35534484893.6518200473438674540209966      
   35323802779.6235751595900170234647258      
   35109623866.0135941864795638076587326      
   34891910405.8601314390158464564852897      
   34670624459.7014312925684661784428688      
   34445727895.9371611536163705159511449      
   34217182389.9663470465243362661471328      
   33984949437.5390737783053536646043163      
   33748990330.7583236972672443909214495      
   33509266172.6804753650853517229632387      
   33265737878.1080173613820205107385187      
   33018366170.4924681508183760855944602      
   32767111581.0131501998169707272491613      
   32511934451.5528626972533524555581665      
   32252794932.7304720738742349537139318      
   31989652984.4386660211457152501031257      
   31722468375.6089782116612884835262463      
   31451200682.8478958850385726845823279      
   31175809293.8670586310861764803137227      
   30896253409.8123713618057462441864035      
   30612492037.5026188617521258751795699      
   30324483993.4718212948189221461820748      
   30032187904.4832343437411516588099070      
   29735562206.7851028507064039952634685      
   29434565146.6121025234120736286112435      
   29129154771.9154733226327761004585543      
   28819288962.3307505994008020060595894      
   28504925389.6429904543066034422414194      
   28186021529.6816939741289355482380140      
   27862534684.7487409771782367294508222      
   27534421960.0395200115238981508426398      
   27201640271.5772775133368030106746320      
   26864146343.3729349023966300945300424      
   26521896710.7619780487415565762020595      
   26174847719.0918475017896617418242568      
   25822955523.4567559546676685455276353      
   25466176088.2980870150842982729271483      
   25104465188.2264593820368257314883662      
   24737778409.9788209436469066036236599      
   24366071148.4713387072194419841655003      
   23989298609.2254428321366088179551049      
   23607415807.9090927341579490351516156      
   23220377571.5527338831140788177871498      
   22828138534.8278128649700808969877515      
   22430653145.8234253840487966279868758      
   22027875660.4456395584662464454890845      
   21619760144.3611253422781102156026496      
   21206260476.6798882118011548862917241      
   20787330340.1975500840347563270745283      
   20362923233.5276058028781672853508265      
   19932992466.0291756338072106087964232      
   19497491158.7650936461231664553285110      
   19056372238.7134481133154573020986113      
   18609588439.9516478858550976838792655      
   18157092318.3792267629726065529151084      
   17698836231.6639790190774234510566334      
   17234772349.6552075036390918598008627      
   16764852654.4335514287696341731577927      
   16289028929.7953712339085662631482098      
   15807252778.0034235239571286690090148      
   15319475614.3764472173887056711116196      
   14825648662.0475398009497679434690329      
   14325722953.7682953178934043600654754      
   13819649331.9853187499177448009499924      
   13307378452.5509056353804787291038069      
   12788860780.0690142953391815844069325      
   12264046596.3818108361768165286673659      
   11732885965.2612237794597048594560867      
   11195328796.2237893507613185402832395      
   10651324797.3051187800435178061420503      
