1926.387798008755443451865021798697
1169.1190459333236699464009983202658
754.5165635104658755139833869391259
513.3907441821156824701496484627037
365.60500630815196773673035996020136
270.86467588787326099774007434447653
207.60737667594794975013803536486907
163.88006503958062238588295076329771
132.768547021418404418771113041144
110.24615363084165877142960943404732
93.95122755705503955128122097613497
82.51008429463221423843078062789402
75.03538889100158992305051022779186
70.79148306273308944452570753831829
69.01861086398825992109488628894097
68.8433495986256523259021057703949
69.33133058325997846706231928706315
69.68166191422190758751087765259153
69.30907825196222788786726602586596
67.90977521529465714100139149076447
65.44556037797609659486394500575209
62.07105233261848444036250398347918
58.04231379997178848351639552927887
53.62767254497279744656525976402171
49.07982063532342079293027191634452
44.5969974655225308454454420015744
40.31654807995051882342606384291323
36.32530252385477712060923287623813
32.67074549644735816205292197063943
29.36885546543744057588261800041219
26.41151009433848882223542537183577
23.782338181349513983589291384275183
21.455701886028297439924941437885592
19.401881826050090801448406613135444
17.591668894892295775569017625424057
15.996296798639399997144314522879247
14.59021587836803176909721610367362
13.348051812019561508691724709767697
12.248238176780727992862256630174624
11.271895502283121794913301666273075
10.401909320632206778817178135565036
9.623767672047044424203544855720129
8.924858310852936905430763468041166
8.293836218830337759652196350162812
7.722127089230580160662271382977077
7.201622502605621990607604806149975
6.725938177237347465191449915594431
6.288196120292812188437326354057092
5.885712643532765790325379322938581
5.513586789352331318823840966129698
5.1675591863047163591900049403360678
4.845468255865978751660602575900345
4.544753391736248132776806990016155
4.264146291294288987512442186222158
4.001522019166184883855015347712013
3.755586264366752264805910244342431
3.52526660826669280048097464933199
3.308674793050626356417766891981508
3.105468886780309904782463265027459
2.914292409793119313639432153275016
2.734394759555028439983333501518162
2.5650511860180817928097786389263
2.405756621565958104747414909846516
2.255700867626422188223942508918719
2.114130306649038789619136126743738
1.980837584240557710827342749488803
1.855170482781671891150896963878807
1.736547568102959820978826255329621
1.624613079864440436281664962449389
1.5189611703768440899785684068289399
1.4192423143884407440200149163913083
1.3249897962744852270085226419334014
1.2359601566945230771289907654424632
1.1519370601106616142813078032937816
1.0725264584060019891520118442893027
0.997567087449723547561619200169952
0.9268565255017578631830133236346638
0.8601834395257478183225517457371983
0.7973572198903012794431678400991781
0.7382532423542417580311355291789691
0.6826967053000317740212386299905411
0.6305325607956170392452133922564585
0.581631089262853785788176230901168
0.5358523464821386614624942237317985
0.4930592493624603033662948672742996
0.4531168599414554428685577836729947
0.4158987561337233200607645173911561
0.38130858774178491731311139359302908
0.34913937157184957359678201431653425
0.31929826297964229032975086656355935
0.29171134604124654079393797584444145
0.26621311484833144441668243405270085
0.24272788933149196104857377313208296
0.22106508732375558578080685336086776
0.20114960543817714052043970336552739
0.1828511595074478400100196597841292
0.1660648188144836321106164391177765
0.1507028563115792521503867143823977
0.136655719860973489221730653353056
0.12381741308105630870860468342316396
0.11211502230362883896705305232901669
0.10145199848511737372022343976633083
0.09174542828350442491292700527118951
0.08291752161188934678988072916770789
0.07490238396506850895886362176913843
0.06762251920502205997774247655054453
0.06102073735628086442611174159314343
0.0550392133451660710670657191713287
0.04962079033064307120605590949322692
0.0447183840744041552077576364912316
0.040283776107237069004251781703984
0.03627702353247170658719057665351178
0.03265835519149195253907029029522656
0.02939116050677196398854597177526563
0.02644498592302982590244811721451724
0.02378870249494519760052626917765508
0.021394674603011526904552104689458829
0.019240043530887617124811032672091813
0.017299974822833545019225525357608888
0.015553896495592696073968607762943131
0.013982313577059378643605618901603575
0.012568917745687130757791228660872111
0.011297163643669294951085022654127743
0.01015254014902213136801185473149507
0.009122127332372778403622209082352043
0.008194846521033360710518165893555428
0.007359761999817605652626053519188769
0.006608028604681071837665119292334469
0.005931317865758005085899555938634289
0.005322049382953216082181541560470775
0.0047732849393645211633820210635462765
0.0042791913162148637768557607227258561
0.0038340335169206062536427620670478182
0.0034326265903828770790841711396781537
0.0030710390963555902951818405810220429
0.0027451312539977577797715596357253906
0.0024514533397732770774631849483374127
0.0021868449957748166016091304979513758
0.0019487476988288430476552312559722706
0.0017346375313668205369200500879805024
0.0015422627997094690758278033010866368
0.0013696750081586951644719465398497607
0.0012150837996368585843170803681107397
0.0010767328075429251786522704324088771
0.0009531907550624220354854110408249293
0.000843094706915787170139274154487355
0.0007452538983457820942461112090873286
0.0006585818061848085503330192526587961
0.0005821501248546192457211871470596857
0.0005151449145958384575171485820685437
0.0004567125879205243113991096138313709
0.0004061432253034939450923109635650826
0.0003627328250611341442991930845917696
0.0003257114336372753566951351035575659
0.0002944057800863315935720239982443739
0.0002680969612150590544641798366532948
0.00024609706475411730251663811857719791
0.00022777469224193512921814031825861312
0.00021252163251817754560518594274156145
0.00019981468216195663539321615556331351
0.00018916499993032753125468098312793319
0.00018016906984190542851080364686038359
0.00017250250481830725255249919161660772
0.00016588088803269796362904262332315246
0.00016007898980372891594225502993880924
0.00015492375256205302719524556687339762
0.0001502857775633846006768811583850137
0.00014604713100316712769741540893512754
0.00014213905142055871928763565996553373
0.00013849235310597647742429063541044403
0.00013507115958098969934060578291109136
0.00013183473920146949975873462829762842
0.00012876803620496411375293371609920072
0.0001258449597553063754388920568918348
0.00012303941830992200784423265026351754
0.00012035856523109528310866336087760231
0.0001177862484604818080984113445740028
0.00011532234603522231241950958363629197
0.00011294418410593279225745561252472867
0.00011065998372218752825116925906661765
0.00010845331308411131845470552917759291
0.00010632158041173126310767451973513886
0.00010427156542633717508725060723106941
0.00010229390098404918430408767226599885
0.00010037671194542855892863840693201136
0.00009853646718295455954483963095045655
0.00009675847719855107505860903419287799
0.00009503743788816359709706330913834462
0.00009337799194139846316296577072478049
0.0000917757420427095326949905862106067
0.00009023191505098095197373422838005155
0.00008873431441685460762650463399479628
0.00008728467573696392707131373778321838
0.00008588995346911177794555055766276402
0.00008453168345018804933178954537991525
0.00008322036636918212069439715385846626
0.00008195068605762456187688579845198618
0.00008071979191689451552439311385808835
0.00007951919603231300481809169606763253
0.0000783639248873851967410084532768855
0.00007724089940520414879419492968605524
0.00007614843246316435664541138579905886
0.00007509472839595285391262667489808908
0.00007407324307936851576355180588370329
0.00007308391009884753256521585050668664
0.00007212247309975364044839736069536545
0.00007119222228859841170932399790192411
0.00007028446204941626482140588255957815
0.00006940727295325121543102964142340629
0.00006854885948187951765560198723300943
0.00006771399425793032080709156898026001
0.00006690002656171008100177627867951755
0.00006611111372000863684740506611243266
0.0000653456607706395835360991571893679
0.00006459623887907701438466445333625845
0.0000638666326380579747715691685883343
0.00006315926103508595274860641672940501
0.00006246862043819071529531908604989188
0.00006179677498922166461943454432064106
0.00006114084248849236693598264322379682
0.00006050368680695620881398619177900392
0.00005988317564844808302331144936455863
0.00005927442470670921177646454086465391
0.00005868212762455519460610207407356922
0.00005810511945029757293236231513984175
0.00005754062578281250730716360433588923
0.00005698831424358019962494146219131044
0.00005644882736879544792054572006897412
0.00005592275359846460628184642104492878
0.00005540560722832572533757231956984683
0.00005490286357093301099986059678432888
0.00005441507434340275548568635765912093
0.00005393455399336858713455317181328126
0.00005346823977943003786005026534155976
0.00005300986454209377907458133839247195
0.00005256214522169363889153844056620911
0.00005212246492555913192339049764896379
0.00005169425954850551382130902699005939
0.00005127257417614077027683589395071134
0.00005086111361740520393259729939843901
0.00005045658640537878512056253720394974
0.00005006154173191804999146332798057224
0.00004967227684896766489002949598666735
0.00004929301984186071821928544648248213
0.00004892090260296867249073816847092632
0.00004855481290952834275675476550747227
0.00004819654056217508323222607827558187
0.000047845725164846265583948081682027187
0.000047501123218844451210282534772644878
0.000047163995384628470266090162512139291
0.000046832786914704663900159560911128953
0.000046508231326449784274424995982817397
0.000046189747668396562401462375008140729
0.000045877776976472596004328995081425153
0.000045570337681566422536537248035466223
0.000045268865893574624938500178023840933
0.000044972935232986274716780726198645074
0.000044681166438495106013767140459496331
0.000044394411596394707655032478187175051
0.00004411326780101971475206380364540427
0.000043837077633469593315033382792817113
0.000043565015196612625169471573028014322
0.000043297087433081206037686559394642593
0.000043034547303367335896625655793312424
0.000042775645592543560202693207160846262
0.000042520842823887230902231087244939476
0.000042271211766771781781252142797388611
0.000042024924809520174477469793791918833
0.00004178237108842800147002628268816986
0.000041543829551140641152018750712398265
0.000041309171486537650479307424623274311
0.000041077684281123694938051810979319305
0.000040848990455420449973890042062268378
0.000040624775814100490638156298440199286
0.000040403852028371291154809155238001743
0.000040186889297596615549668516784022622
0.000039973116141764667060833384978944387
0.000039762996204147618624402361428335349
0.000039556167646958804090186451220508776
0.000039352497481522129346975242872279406