   47.326235308428870        64.314490046515729     
   47.326235308428870        64.314490046515729     
   47.326235308428870        64.314490046515729     
   47.326235308428870        64.314490046515729     
   47.326235308428643        64.314490046515616     
   47.326235308398651        64.314490046500637     
   47.326235307396558        64.314490046000017     
   47.326235293486860        64.314490039051037     
   47.326235186835170        64.314489985768347     
   47.326234648728366        64.314489716915858     
   47.326232647573242        64.314488716972519     
   47.326226726210948        64.314485757620844     
   47.326212022657877        64.314478407131375     
   47.326180192548563        64.314462488915723     
   47.326118420789648        64.314431582346714     
   47.326008669938467        64.314376637992041     
   47.325827293917207        64.314285774060053     
   47.325544998872601        64.314144240505030     
   47.325127145380598        64.313934548440699     
   47.324534301489123        64.313636714466881     
   47.323722953371032        64.313228568230585     
   47.322646278389861        64.312686070645356     
   47.321254928985368        64.311983617257070     
   47.319497719330798        64.311094269519955     
   47.317322298620759        64.309989973900983     
   47.314675693542767        64.308641710282629     
   47.311504846584008        64.307019658922840     
   47.307757082619403        64.305093356510014     
   47.303380593078494        64.302831906750171     
   47.298324907716093        64.300204231500828     
   47.292541386009091        64.297179386576047     
   47.285983702211446        64.293726925103755     
   47.278608337983997        64.289817309297462     
   47.270375043252265        64.285422342506052     
   47.261247260233858        64.280515607058931     
   47.251192482742908        64.275072881046626     
   47.240182549245333        64.269072523240425     
   47.228193839727638        64.262495798825611     
   47.215207385449681        64.255327142755007     
   47.201208877995128        64.247554345590871     
   47.186188582375905        64.239168660969611     
   47.170141154811994        64.230164831141082     
   47.153065385176767        64.220541040115336     
   47.134963854440407        64.210298789519342     
   47.115842543379920        64.199442717798149     
   47.095710377028119        64.187980357254247     
   47.074578737180133        64.175921847610581     
   47.052460946953836        64.163279614791591     
   47.029371731594210        64.150068013555597     
   47.005326681910745        64.136302960227127     
   46.980341706496027        64.122001545008629     
   46.954432498773436        64.107181642799674     
   46.927614014488427        64.091861522953181     
   46.899899963076962        64.076059461516294     
   46.871302326329904        64.059793366391773     
   46.841830894319493        64.043080409957398     
   46.811492828248319        64.025936677589058     
   46.780292207550993        64.008376813677032     
   46.748229788453564        63.990413760803811     
   46.715302436246866        63.972058371489155     
   46.681502914771379        63.953319172559375     
   46.646819537921800        63.934202080262899     
   46.611235873247210        63.914710143331128     
   46.574730463434797        63.894843300168034     
   46.537276566395825        63.874598150248929     
   46.498841905934611        63.853967732784888     
   46.459388429951446        63.832941320817362     
   46.418872102234410        63.811504226366907     
   46.377242671920214        63.789637605573816     
   46.334443464798987        63.767318274845834     
   46.290411176337450        63.744518533671688     
   46.245075657920843        63.721205979537316     
   46.198359713878936        63.697343340666315     
   46.150178886525822        63.672888297125645     
   46.100441238256032        63.647793303543885     
   46.049047129907947        63.622005414531344     
   45.995888977351740        63.595466090887236     
   45.940851013673175        63.568111019321371     
   45.883809028103251        63.539869914711431     
   45.824630092517609        63.510666312437202     
   45.763172268615797        63.480417357157954     
   45.699284307057816        63.449033581010546     
   45.632805311417172        63.416418662429592     
   45.563564395896876        63.382469181030629     
   45.491380304098236        63.347074346823518     
   45.416061026041547        63.310115729948166     
   45.337403371420031        63.271466959072534     
   45.255192520649551        63.230993407800121     
   45.169201557697320        63.188551867497942     
   45.079190957608489        63.143990182934999     
   44.984908079699629        63.097146902119469     
   44.886086582076246        63.047850866062646     
   44.782445872596199        62.995920812386906     
   44.673690469228085        62.941164929780626     
   44.559508535852721        62.883379960802358     
   44.439574446387134        62.822352456900404     
   44.313543488403504        62.757855820129720     
   44.181054117939901        62.689651374743441     
   44.041726526572859        62.617487459145025     
   43.895161939027382        62.541098908503010     
   43.740941872916792        62.460206508096690     
   43.578627407302847        62.374516444434967     
   43.407758458306866        62.283719762038679     
   43.227853063750359        62.187491820895858     
   43.038406618215490        62.085491738385166     
   42.838891223725746        61.977361875562806     
   42.628754944520118        61.862727305203727     
   42.407421131305213        61.741195316992076     
   42.174287729375010        61.612354936473508     
   41.928726584109910        61.475776467376434     
   41.670082747476819        61.331011069514659     
   41.397673793354954        61.177590382248574     
   41.110789130317336        61.015026204802240     
   40.808689353998474        60.842810261309822     
   40.490605658573983        60.660414091095937     
   40.155739435345417        60.467289138651388     
   39.803262110406259        60.262867103500163     
   39.432315534500418        60.046560751190384     
   39.042013105086639        59.817765306283526     
   38.631442193657549        59.575860787085027     
   38.199668456679390        59.320215633038949     
   37.745742906251330        59.050192168552577     
   37.268713109078931        58.765154660722345     
   36.767641884114589        58.464482038122398     
   36.241621797519436        58.147577953109938     
   35.689830481747975        57.813905686416255     
   35.111555673084872        57.463004090924834     
   34.506269297351622        57.094533063980911     
   33.873700784362960        56.708317815174127     
   33.213927095510542        56.304402585816312     
   32.527467748258232        55.883106788727716     
   31.815374879740908        55.445077706149995     
   31.079302975695295        54.991330656608490     
   30.321545262066486        54.523268810094876     
   29.545023050087025        54.042674116584223     
   28.753227441973479        53.551668591999864     
   27.950111501488202        53.052644583297905     
   27.139942195652640        52.548170140658769     
   26.327126131278117        52.040879056792676     
   25.516027810690769        51.533358208644771     
   24.710801956792768        51.028046099393919     
   23.915257022865312        50.527153107445891     
   23.132760103872368        50.032609039484974     
   22.366185229684920        49.546038213197761     
   21.617899410546439        49.068757492158383     
   20.889779609072704        48.601792659151251     
   20.183248385982179        48.145904747354159     
   19.499321351450511        47.701622300976751     
   18.838658848972468        47.269274852407527     
   18.201614731258179        46.849023263546904     
   17.588296155194012        46.440896736087190     
   16.998589325422088        46.044806472838658     
   16.432211579030266        45.660576799072629     
   15.888742050643623        45.287961914318046     
   15.367651229032285        44.926662013499921     
   14.868326302557103        44.576336807880367     
   14.390092699579055        44.236616788134853     
   13.932232253656354        43.907112559455932     
   13.493998360781632        43.587422509740279     
   13.074628530201466        43.277139086131221     
   12.673354640862561        42.975853861765032     
   12.289411237927794        42.683161600431511     
   11.922042139623011        42.398663467890557     
   11.570505622809554        42.121969532936951     
   11.234078395164746        41.852700668831183     
   10.912058573916662        41.590489967483215     
   10.603767823424715        41.334983739494383     
   10.308552809341526        41.085842181789140     
   10.025786098637390        40.842739773354680     
   9.7548665999657231        40.605365445494876     
   9.4952196511325013        40.373422580499273     
   9.2462968116323392        40.146628862033658     
   9.0075754587802077        39.924716038094118     
   8.7785581535679604        39.707429550669794     
   8.5587719622275316        39.494528161837380     
   8.3477676209554232        39.285783498143402     
   8.1451186582801469        39.080979566083450     
   7.9504204912638263        38.879912263991031     
   7.7632894723047201        38.682388861557889     
   7.5833619470680844        38.488227487887926     
   7.4102933244216374        38.297256632283528     
   7.2437571246893047        38.109314618534633     
   7.0834440970452013        37.924249136108564     
   6.9290613175307847        37.741916745176461     
   6.7803313522827571        37.562182417823934     
   6.6369914168290993        37.384919082068635     
   6.4987926107288621        37.210007208744720     
   6.3654984399497616        37.037333459714340     
   6.2368869933328197        36.866794054322789     
   6.1127458335665308        36.698288677305044     
   5.9928743483419709        36.531723974991877     
   5.8770823867932140        36.367012260337155     
   5.7651896585385058        36.204071178374029     
   5.6570251956202338        36.042823400769223     
   5.5524267878105915        35.883196295012482     
   5.4512405849991801        35.725121784648756     
   5.3533205160119479        35.568535910248102     
   5.2585279138009087        35.413378689191113     
   5.1667311011417825        35.259593877956213     
   5.0778049822070113        35.107128729358159     
   4.9916306829849866        34.955933793844409     
   4.9080952082813694        34.805962731490823     
   4.8270911129914387        34.657172124455293     
   4.7485161885568692        34.509521289389134     
   4.6722731919964886        34.362972139956028     
   4.5982695523306658        34.217489006906085     
   4.5264171328809910        34.073038506689990     
   4.4566319815644730        33.929589398672796     
   4.3888341048024895        33.787112456971293     
   4.3229472534729343        33.645580342921981     
   4.2588987287933415        33.504967495785991     
   4.1966191880147115        33.365250023991123     
   4.1360424612755580        33.226405591888927     
   4.0771053980581664        33.088413343425216     
   4.0197476916779102        32.951253782249545     
   3.9639117533394304        32.814908717466075     
   3.9095425394280903        32.679361145441590     
   3.8565874548582260        32.544595211622131     
   3.8049961957403493        32.410596098940488     
   3.7547206627590475        32.277350000340221     
   3.7057148272259068        32.144844020555063     
   3.6579346366449763        32.013066131786829     
   3.6113379093614606        31.882005110329811     
   3.5658842498577719        31.751650487547437     
   3.5215349559211915        31.621992495696809     
   3.4782529372908169        31.493022023409186     
   3.4360026360786033        31.364730563263432     
   3.3947499499856035        31.237110174061986     
   3.3544621658883456        31.110153439931931     
   3.3151078962854212        30.983853435318736     
   3.2766570030090882        30.858203679783237     
   3.2390805552089326        30.733198117044761     
   3.2023507628517320        30.608831075054805     
   3.1664409257784407        30.485097238595568     
   3.1313253837593509        30.361991624365803     
   3.0969794709796585        30.239509552303765     
   3.0633794641547767        30.117646618626718     
   3.0305025445713785        29.996398673859730     
   2.9983267569114149        29.875761803566260     
   2.9668309638469768        29.755732283351861     
   2.9359948355054382        29.636306654446564     
   2.9057987738024127        29.517481561374506     
   2.8762239104992195        29.399253839634671     
   2.8472520629942304        29.281620462462467     
   2.8188657083159003        29.164578534926484     
   2.7910479541249371        29.048125278988891     
   2.7637825116791310        28.932258020595871     
   2.7370536702273061        28.816974177875043     
   2.7108462726455822        28.702271250157263     
   2.6851456918197698        28.588146806293821     
