   47.184058660633049        64.239143235125155     
   47.165579523007814        64.229236623345145     
   47.145366137755531        64.218427730721743     
   47.123294588956128        64.206664154889822     
   47.099231238368077        64.193889922976297     
   47.073032148164977        64.180044904657208     
   47.044542627293183        64.165064234120834     
   47.013596913381356        64.148877759999579     
   46.980017975390545        64.131409529657020     
   46.943617505797576        64.112577343038637     
   46.904196051399190        64.092292376348524     
   46.861543309290013        64.070458885737267     
   46.815438594730999        64.046974014077961     
   46.765651452962246        64.021727691213883     
   46.711942243360049        63.994602569182319     
   46.654063624428048        63.965474365392232     
   46.591760643941733        63.934211709361811     
   46.524772271871143        63.900676612634079     
   46.452832277588385        63.864724734650238     
   46.375670195527960        63.826205735366933     
   46.293012157736307        63.784963609425191     
   46.204581593423491        63.740837009614992     
   46.110099690612742        63.693659492504921     
   46.009285573914411        63.643259656433059     
   45.901856134875324        63.589461139321948     
   45.787525520537258        63.532082448913094     
   45.666004165296563        63.470936574758859     
   45.536997648084935        63.405830492090033     
   45.400203601194221        63.336563709767240     
   45.255311613852641        63.262928176091343     
   45.101999701760633        63.184706528229576     
   44.939928640867628        63.101669204760960     
   44.768741873363041        63.013574190549541     
   44.588059399083306        62.920163774632961     
   44.397473494370772        62.821162105511156     
   44.196543504577292        62.716272210055756     
   43.984790016031312        62.605172622622881     
   43.761688263509598        62.487513535846283     
   43.526660761754556        62.362912484398251     
   43.279068702418435        62.230949314034866     
   43.018202250397231        62.091160486221661     
   42.743270220024684        61.943033037344854     
   42.453382135505599        61.785994377906363     
   42.147538472493984        61.619406463975253     
   41.824606984366781        61.442552480891848     
   41.483299792725155        61.254623933796793     
   41.122143307536163        61.054703889490753     
   40.739440683310995        60.841746276301635     
   40.333223179910618        60.614549302642239     
   39.901186674107329        60.371721054374667     
   39.440607184428330        60.111634059437392     
   38.948226835831207        59.832364350509742     
   38.420096873093449        59.531608040981673     
   37.851361904866366        59.206567339080877     
   37.235969809518075        58.853798459477460     
   36.566320188443896        58.469030248298907     
   35.833008972398666        58.047042814163063     
   35.025434068424083        57.582029398768327     
   34.135785765830271        57.069814915003725     
   33.170134743372444        56.513886955334776     
   32.153078603785836        55.927676461581108     
   31.102869930444740        55.320864014378301     
   30.022938484410417        54.695192760783662     
   28.919113613897402        54.054064622000183     
   27.805220124608343        53.405459090495370     
   26.699641510722696        52.759909073114621     
   25.620617864432948        52.127820235978945     
   24.582930211964410        51.517594122167459     
   23.596516471242655        50.934858148618126     
   22.666605357781762        50.382560998631455     
   21.794663333989710        49.861526083698536     
   20.979511483595608        49.371092238894398     
   20.218353981425924        48.909698838708302     
   19.507542314085498        48.475315786119189     
   18.843100303433420        48.065736382955954     
   18.221052067871479        47.678758160599934     
   17.637619446322635        47.312291415818294     
   17.089301633544459        46.964400078118523     
   16.572921644309545        46.633327035039301     
   16.085623819738991        46.317491507487546     
   15.624856140492572        46.015478843634995     
   15.188343999915235        45.726026027556060     
   14.774061348735179        45.448006044675154     
   14.380202400295676        45.180412736543559     
   14.005155423339259        44.922346880097457     
   13.647479314866191        44.673003779281188     
   13.305882874518870        44.431662281413537     
   12.979206780022860        44.197675174834423     
   12.666407802293126        43.970460716456614     
   12.366543892610412        43.749494234634170     
   12.078767189581725        43.534305562377426     
   11.802305800122904        43.324467029637560     
   11.536460000867947        43.119592597853178     
   11.280592883095826        42.919332270219996     
   11.034123272828792        42.723368035258019     
   10.796519560258945        42.531410324072063     
   10.567294296229459        42.343194890617745     
   10.345999437929615        42.158480057670559     
   10.132222180731732        41.977044293625475     
   9.9255813033159210        41.798684092072762     
   9.7257239530292239        41.623212104531909     
   9.5323228026022964        41.450455492680227     
   9.3450735741120372        41.280254497565373     
   9.1636928355634826        41.112461170205179     
   8.9879160589927931        40.946938258542005     
   8.8174959080350934        40.783558226737526     
   8.6522007501140248        40.622202439297745     
   8.4918131305326501        40.462760187911478     
   8.3361288304603782        40.305128325391387     
   8.1849556051712291        40.149210448282027     
   8.0381122601934152        39.994916409048706     
   7.8954277848215471        39.842161831613126     
   7.7567405861087408        39.690867694364215     
   7.6218977708293485        39.540959926572803     
   7.4907544579031473        39.392369024243131     
   7.3631733273747448        39.245029819911963     
   7.2390239721672751        39.098881108994405     
   7.1181824642073348        38.953865414318486     
   7.0005309362188539        38.809928761859204     
   6.8859571625209144        38.667020445645186     
   6.7743541940226653        38.525092823266576     
   6.6656200314736278        38.384101139979023     
   6.5596573271142091        38.244003361778830     
   6.4563730620693622        38.104759985879397     
   6.3556783482909784        37.966333947240919     
   6.2574881332590584        37.828690433538178     
   6.1617210050358340        37.691796786469965     
   6.0682989825272040        37.555622374874474     
   5.9771473112927946        37.420138477805587     
   5.8881943136491710        37.285318201126316     
   5.8013711958480112        37.151136359920045     
   5.7166119005446543        37.017569387467937     
   5.6338530001620342        36.884595287436831     
   5.5530334992763208        36.752193491424372     
   5.4740947673521854        36.620344835419623     
   5.3969803942705648        36.489031463626418     
   5.3216360788896244        36.358236754570420     
   5.2480095502711688        36.227945281930623     
   5.1760504504352181        36.098142730756322     
   5.1057102486498200        35.968815842844073     
   5.0369421611671754        35.839952366250934     
   4.9697010771042018        35.711541008034580     
   4.9039434723096598        35.583571372450628     
   4.8396273405029060        35.456033913304964     
   4.7767121307305578        35.328919892563491     
   4.7151586921617197        35.202221348109127     
   4.6549291948803591        35.075931024909892     
   4.5959870954672031        34.950042363701606     
   4.5382970615093967        34.824549434838637     
   4.4818249517635893        34.699446935851093     
   4.4265377288791852        34.574730117009437     
   4.3724034463686472        34.450394780269257     
   4.3193911907440530        34.326437222918628     
   4.2674710421256092        34.202854220998653     
   4.2166140422035747        34.079643001284346     
   4.1667921492721014        33.956801203611953     
   4.1179782027126102        33.834326854696826     
   4.0701459011200178        33.712218356640363     
   4.0232697536418298        33.590474439495594     
   3.9773250658500019        33.469094162217544     
   3.9322878878799612        33.348076844347617     
   3.8881350230326417        33.227422134856710     
   3.8448439617456667        33.107129882168813     
   3.8023928788077406        32.987200179660441     
   3.7607606041745103        32.867633331773710     
   3.7199266000623066        32.748429836224787     
   3.6798709360862998        32.629590362515160     
   3.6405742731216328        32.511115744413893     
   3.6020178377032841        32.393006954238736     
   3.5641834048926126        32.275265092855470     
   3.5270532796436882        32.157891375719849     
   3.4906102770207563        32.040887115005276     
   3.4548377098777783        31.924253718100626     
   3.4197193631851937        31.807992655167432     
   3.3852394876173459        31.692105468643533     
   3.3513827789528015        31.576593750772410     
   3.3181343649815447        31.461459138060842     
   3.2854797902994632        31.346703295025144     
   3.2534050025080958        31.232327908417378     
   3.2218963431360375        31.118334686512178     
   3.1909405295587256        31.004725339239439     
   3.1605246454117042        30.891501575085197     
   3.1306361290031557        30.778665095036295     
   3.1012627628208840        30.666217587665823     
   3.0723926616886357        30.554160720603662     
   3.0440142624166850        30.442496135051343     
   3.0161163132080637        30.331225437155751     
   2.9886878637810192        30.220350198759888     
   2.9617182602464838        30.109871954863944     
   2.9351971277764655        29.999792183822731     
   2.9091143712255012        29.890112327962630     
   2.8834601609330046        29.780833772974358     
   2.8582249251834431        29.671957844745826     
   2.8333993454372632        29.563485822716505     
   2.8089743463398942        29.455418921636372     
   2.7849410852724779        29.347758279591623     
   2.7612909531269931        29.240504988600321     
   2.7380155616907844        29.133660068076814     
   2.7151067387327621        29.027224470325560     
   2.6925565215549883        28.921199079046424     
   2.6703571509311956        28.815584708562376     
   2.6485010627796077        28.710382088739930     
   2.6269808931127461        28.605591925838535     
   2.6057894484646824        28.501214779878346     
   2.5849197366609089        28.397251220914672     
   2.5643649266862938        28.293701693599054     
   2.5441183622207655        28.190566586205389     
   2.5241735528322446        28.087846215778395     
   2.5045241695440663        27.985540830191120     
   2.4851640398571542        27.883650606162600     
   2.4660871465531398        27.782175663491255     
   2.4472876108803145        27.681116014231002     
   2.4287597082459689        27.580471644350542     
   2.4104978500631105        27.480242457027085     
   2.3924965838493555        27.380428289761170     
   2.3747505896938357        27.281028916302937     
   2.3572546760286266        27.182044044836566     
   2.3400037827223104        27.083473356118400     
   2.3229929502376767        26.985316354622068     
   2.3062173628687308        26.887572616775021     
   2.2896723089676927        26.790241604703525     
   2.2733531869195138        26.693322714869677     
   2.2572555086851942        26.596815305067551     
   2.2413748906528008        26.500718671287913     
   2.2257070523820675        26.405032055193040     
   2.2102478142553821        26.309754647292593     
   2.1949930946968861        26.214885587887338     
   2.1799389074416857        26.120423967865257     
   2.1650813591721882        26.026368830842451     
   2.1504166469277797        25.932719173899070     
   2.1359410560280891        25.839473950453545     
   2.1216509567395265        25.746632066742162     
   2.1075428040324398        25.654192392493329     
   2.0936131348551412        25.562153761332311     
   2.0798585633971194        25.470514956069948     
   2.0662757825106861        25.379274729407083     
   2.0528615604034739        25.288431798661719     
   2.0396127384751974        25.197984846357777     
   2.0265262302650702        25.107932523494920     
   2.0135990178298742        25.018273444935435     
   2.0008281517704636        24.929006197747334     
   1.9882107489658307        24.840129340264074     
   1.9757439909074233        24.751641403391083     
   1.9634251225991295        24.663540895744816     
   1.9512514498246201        24.575826295696945     
   1.9392203376871349        24.488496055970980     
   1.9273292108842282        24.401548612597463     
   1.9155755506217089        24.314982378460805     
   1.9039568936656679        24.228795746562916     
   1.8924708309233420        24.142987090836627     
   1.8811150068155196        24.057554770757360     
   1.8698871169314477        23.972497127330399     
   1.8587849074088978        23.887812487775864     
   1.8478061734274351        23.803499164202254     
   1.8369487577334722        23.719555452388857     
   1.8262105502039623        23.635979638958730     
   1.8155894862739774        23.552769998350033     
   1.8050835461914385        23.469924796627406     
   1.7946907536196639        23.387442289942811     
   1.7844091747092476        23.305320726265897     
   1.7742369170287255        23.223558345630813     
   1.7641721288873764        23.142153384464951     
   1.7542129976524448        23.061104067686816     
   1.7443577499238243        22.980408622835867     
   1.7346046492503369        22.900065266529559     
   1.7249519965509001        22.820072216201030     
   1.7153981277842820        22.740427679978016     
   1.7059414162126838        22.661129881418095     
   1.6965802671268841        22.582177025622070     
   1.6873131201812708        22.503567323874385     
   1.6781384479091432        22.425298989367676     
   1.6690547544479888        22.347370233083417     
   1.6600605751458000        22.269779267415750     
   1.6511544759513528        22.192524308007968     
   1.6423350526440801        22.115603572908068     
   1.6336009302349399        22.039015284752715     
   1.6249507619425483        21.962757667665102     
   1.6163832290976541        21.886828952722045     
   1.6078970402766775        21.811227377193912     
   1.5994909296947195        21.735951174990205     
