 1145.62  805.82  941.73  497.54  516.84  138.87  498.44  768.85
 1145.62  805.82  941.72  497.51  516.84  138.87  498.45  768.85
 1145.62  805.82  941.72  497.47  516.84  138.87  498.45  768.85
 1145.62  805.81  941.72  497.41  516.84  138.87  498.45  768.85
 1145.62  805.81  941.71  497.32  516.84  138.87  498.45  768.85
 1145.61  805.80  941.70  497.21  516.84  138.87  498.45  768.85
 1145.61  805.79  941.69  497.06  516.84  138.87  498.45  768.85
 1145.61  805.78  941.68  496.87  516.84  138.87  498.45  768.84
 1145.62  805.76  941.66  496.64  516.85  138.88  498.45  768.84
 1145.62  805.74  941.63  496.37  516.85  138.88  498.46  768.83
 1145.62  805.72  941.60  496.05  516.86  138.88  498.46  768.83
 1145.63  805.69  941.57  495.68  516.86  138.89  498.47  768.82
 1145.64  805.65  941.52  495.25  516.87  138.89  498.47  768.81
 1145.65  805.61  941.47  494.77  516.88  138.90  498.48  768.80
 1145.67  805.56  941.41  494.24  516.89  138.90  498.49  768.78
 1145.69  805.51  941.34  493.65  516.90  138.91  498.50  768.77
 1145.71  805.44  941.26  493.00  516.91  138.92  498.51  768.75
 1145.75  805.37  941.18  492.30  516.93  138.93  498.53  768.73
 1145.78  805.29  941.08  491.55  516.95  138.94  498.54  768.71
 1145.83  805.20  940.97  490.74  516.97  138.95  498.56  768.68
 1145.88  805.10  940.85  489.89  516.99  138.97  498.58  768.65
 1145.94  804.99  940.72  488.97  517.01  138.98  498.60  768.62
 1146.00  804.86  940.57  488.01  517.04  139.00  498.63  768.58
 1146.07  804.73  940.41  487.00  517.07  139.02  498.65  768.55
 1146.15  804.59  940.24  485.95  517.10  139.04  498.68  768.50
 1146.24  804.43  940.05  484.84  517.13  139.06  498.71  768.46
 1146.33  804.26  939.85  483.69  517.17  139.08  498.75  768.41
 1146.42  804.08  939.63  482.49  517.21  139.11  498.78  768.36
 1146.51  803.88  939.40  481.24  517.25  139.14  498.83  768.30
 1146.61  803.67  939.15  479.95  517.30  139.17  498.87  768.24
 1146.70  803.44  938.88  478.61  517.35  139.20  498.92  768.17
 1146.79  803.20  938.58  477.22  517.40  139.24  498.97  768.10
 1146.86  802.93  938.27  475.79  517.46  139.27  499.02  768.02
 1146.93  802.65  937.93  474.31  517.52  139.31  499.08  767.94
 1146.98  802.35  937.57  472.78  517.58  139.36  499.14  767.85
 1147.02  802.03  937.18  471.20  517.66  139.40  499.20  767.76
 1147.03  801.68  936.76  469.57  517.73  139.45  499.27  767.66
 1147.01  801.31  936.31  467.89  517.81  139.50  499.34  767.55
 1146.96  800.91  935.82  466.16  517.90  139.56  499.42  767.44
 1146.87  800.48  935.31  464.37  517.99  139.62  499.50  767.31
 1146.74  800.03  934.75  462.53  518.09  139.68  499.59  767.18
 1146.56  799.54  934.15  460.63  518.19  139.75  499.68  767.04
 1146.33  799.03  933.51  458.67  518.30  139.82  499.78  766.89
 1146.04  798.47  932.83  456.65  518.42  139.90  499.89  766.73
 1145.69  797.88  932.10  454.57  518.55  139.99  500.00  766.56
 1145.27  797.25  931.32  452.42  518.69  140.07  500.12  766.38
 1144.77  796.59  930.49  450.22  518.83  140.17  500.24  766.19
 1144.19  795.88  929.60  447.95  518.99  140.27  500.38  765.98
 1143.53  795.12  928.66  445.61  519.15  140.38  500.52  765.76
 1142.78  794.32  927.66  443.21  519.33  140.50  500.67  765.52
 1141.93  793.48  926.60  440.74  519.52  140.62  500.83  765.28
 1140.98  792.58  925.47  438.20  519.72  140.75  501.00  765.01
 1139.93  791.64  924.28  435.60  519.93  140.89  501.18  764.73
 1138.78  790.65  923.02  432.92  520.15  141.04  501.37  764.43
 1137.51  789.60  921.70  430.18  520.39  141.20  501.58  764.12
 1136.13  788.50  920.30  427.37  520.64  141.37  501.80  763.79
 1134.62  787.35  918.84  424.48  520.91  141.54  502.03  763.44
 1133.00  786.14  917.30  421.53  521.19  141.73  502.27  763.06
 1131.26  784.88  915.69  418.51  521.49  141.93  502.53  762.67
 1129.39  783.57  914.01  415.42  521.80  142.15  502.81  762.26
 1127.39  782.19  912.25  412.25  522.14  142.37  503.10  761.83
 1125.26  780.76  910.41  409.02  522.49  142.61  503.41  761.37
 1123.00  779.28  908.51  405.72  522.85  142.86  503.74  760.89
 1120.60  777.74  906.52  402.34  523.24  143.13  504.08  760.39
 1118.07  776.14  904.46  398.90  523.65  143.41  504.45  759.86
 1115.41  774.48  902.31  395.38  524.08  143.71  504.84  759.30
 1112.60  772.77  900.10  391.78  524.53  144.03  505.25  758.73
 1109.66  771.00  897.80  388.11  525.01  144.36  505.68  758.12
 1106.59  769.18  895.42  384.37  525.50  144.71  506.14  757.48
 1103.37  767.29  892.96  380.54  526.03  145.08  506.62  756.82
 1100.02  765.35  890.42  376.63  526.57  145.47  507.13  756.12
 1096.53  763.35  887.80  372.64  527.15  145.89  507.67  755.40
 1092.90  761.30  885.09  368.56  527.75  146.32  508.24  754.64
 1089.13  759.18  882.30  364.38  528.39  146.79  508.85  753.84
 1085.24  757.01  879.42  360.11  529.06  147.28  509.48  753.02
 1081.20  754.77  876.45  355.74  529.76  147.80  510.16  752.15
 1077.04  752.48  873.39  351.25  530.49  148.35  510.87  751.24
 1072.76  750.12  870.23  346.65  531.27  148.93  511.63  750.29
 1068.35  747.69  866.98  341.93  532.08  149.55  512.43  749.30
 1063.83  745.21  863.62  337.07  532.94  150.21  513.28  748.26
 1059.19  742.65  860.16  332.07  533.84  150.91  514.18  747.18
 1054.45  740.03  856.58  326.92  534.80  151.66  515.13  746.04
 1049.62  737.34  852.89  321.59  535.81  152.46  516.15  744.84
 1044.71  734.58  849.08  316.09  536.87  153.31  517.23  743.59
 1039.73  731.74  845.14  310.39  538.00  154.23  518.39  742.27
 1034.69  728.82  841.06  304.49  539.20  155.22  519.62  740.89
 1029.62  725.83  836.84  298.37  540.47  156.28  520.93  739.43
 1024.52  722.76  832.47  292.01  541.82  157.43  522.33  737.90
 1019.43  719.61  827.93  285.44  543.26  158.67  523.83  736.29
 1014.37  716.38  823.23  278.65  544.80  160.02  525.44  734.59
 1009.38  713.08  818.35  271.70  546.43  161.48  527.17  732.80
 1004.48  709.71  813.30  264.67  548.18  163.08  529.01  730.92
  999.72  706.29  808.08  257.69  550.04  164.81  530.98  728.95
  995.15  702.85  802.71  250.94  552.01  166.69  533.08  726.89
  990.83  699.40  797.22  244.60  554.10  168.73  535.31  724.76
  986.81  695.98  791.64  238.83  556.29  170.94  537.66  722.56
  983.15  692.62  786.03  233.74  558.57  173.30  540.12  720.31
  979.88  689.37  780.41  229.37  560.95  175.83  542.67  718.04
  977.01  686.25  774.85  225.72  563.39  178.51  545.31  715.76
  974.54  683.29  769.38  222.81  565.88  181.34  548.01  713.49
  972.43  680.52  764.05  220.60  568.41  184.30  550.76  711.26
  970.64  677.95  758.90  219.07  570.95  187.38  553.52  709.09
  969.12  675.61  753.97  218.19  573.49  190.57  556.29  707.00
  967.81  673.48  749.28  217.90  576.02  193.83  559.04  705.00
  966.65  671.58  744.84  218.16  578.50  197.16  561.75  703.09
  965.61  669.90  740.65  218.91  580.95  200.55  564.42  701.30
  964.64  668.42  736.73  220.07  583.34  203.97  567.04  699.62
  963.72  667.13  733.06  221.60  585.68  207.42  569.60  698.05
  962.81  666.02  729.63  223.44  587.97  210.89  572.09  696.59
  961.91  665.08  726.44  225.55  590.19  214.38  574.53  695.24
  960.99  664.29  723.47  227.88  592.36  217.87  576.89  694.00
  960.05  663.64  720.71  230.39  594.47  221.36  579.20  692.86
  959.08  663.11  718.14  233.05  596.53  224.86  581.44  691.81
  958.07  662.70  715.75  235.85  598.53  228.35  583.62  690.85
  957.03  662.39  713.53  238.74  600.48  231.85  585.75  689.98
  955.96  662.17  711.47  241.72  602.39  235.33  587.82  689.19
  954.86  662.05  709.56  244.78  604.25  238.81  589.84  688.49
  953.73  662.01  707.79  247.88  606.07  242.29  591.82  687.85
  952.57  662.03  706.14  251.04  607.84  245.76  593.74  687.28
  951.40  662.13  704.62  254.23  609.58  249.22  595.63  686.79
  950.20  662.29  703.20  257.45  611.29  252.68  597.47  686.35
  949.00  662.50  701.89  260.69  612.96  256.13  599.27  685.97
  947.78  662.77  700.69  263.95  614.60  259.58  601.04  685.66
  946.56  663.09  699.57  267.22  616.21  263.01  602.77  685.39
  945.33  663.46  698.54  270.51  617.79  266.45  604.47  685.18
  944.10  663.86  697.60  273.80  619.35  269.87  606.14  685.02
  942.87  664.31  696.73  277.10  620.88  273.29  607.78  684.90
  941.65  664.79  695.94  280.40  622.40  276.70  609.40  684.83
  940.42  665.31  695.22  283.70  623.88  280.11  610.98  684.81
  939.20  665.87  694.56  287.00  625.35  283.51  612.55  684.83
  937.99  666.45  693.96  290.31  626.80  286.91  614.09  684.88
  936.78  667.06  693.43  293.61  628.24  290.30  615.61  684.98
  935.58  667.71  692.95  296.91  629.65  293.68  617.11  685.11
  934.39  668.37  692.53  300.21  631.05  297.06  618.60  685.28
  933.20  669.07  692.15  303.50  632.44  300.43  620.06  685.49
  932.03  669.78  691.83  306.79  633.81  303.80  621.51  685.73
  930.86  670.52  691.56  310.08  635.17  307.16  622.94  686.00
  929.70  671.28  691.33  313.36  636.51  310.51  624.36  686.30
  928.55  672.06  691.14  316.64  637.85  313.86  625.77  686.63
  927.41  672.86  690.99  319.91  639.17  317.20  627.16  687.00
  926.27  673.68  690.89  323.18  640.48  320.54  628.54  687.39
  925.15  674.52  690.82  326.45  641.79  323.87  629.91  687.81
  924.03  675.37  690.79  329.71  643.08  327.19  631.27  688.26
  922.93  676.24  690.80  332.96  644.36  330.51  632.62  688.73
  921.83  677.13  690.84  336.21  645.64  333.82  633.96  689.23
  920.75  678.03  690.91  339.46  646.91  337.13  635.29  689.75
  919.67  678.95  691.02  342.70  648.17  340.43  636.61  690.30
  918.61  679.88  691.15  345.93  649.42  343.72  637.93  690.87
  917.56  680.82  691.32  349.16  650.67  347.01  639.24  691.47
  916.51  681.78  691.51  352.38  651.92  350.28  640.54  692.08
  915.48  682.75  691.74  355.60  653.15  353.55  641.84  692.72
  914.46  683.73  691.99  358.80  654.38  356.82  643.13  693.38
  913.45  684.72  692.27  362.01  655.61  360.07  644.42  694.06
  912.45  685.72  692.57  365.21  656.83  363.32  645.70  694.76
  911.46  686.73  692.90  368.40  658.05  366.57  646.98  695.48
  910.49  687.76  693.25  371.58  659.26  369.80  648.26  696.22
  909.53  688.79  693.63  374.76  660.47  373.03  649.54  696.98
  908.58  689.83  694.03  377.93  661.68  376.24  650.81  697.75
  907.64  690.88  694.45  381.09  662.88  379.45  652.07  698.55
  906.72  691.94  694.89  384.25  664.08  382.66  653.34  699.36
  905.81  693.01  695.36  387.40  665.28  385.85  654.60  700.18
  904.91  694.09  695.84  390.54  666.47  389.04  655.87  701.03
  904.03  695.18  696.35  393.68  667.67  392.21  657.13  701.88
  903.16  696.27  696.87  396.81  668.86  395.38  658.39  702.76
  902.31  697.37  697.42  399.93  670.05  398.54  659.65  703.64
  901.47  698.48  697.98  403.04  671.24  401.69  660.91  704.55
  900.65  699.59  698.56  406.15  672.43  404.84  662.17  705.46
  899.84  700.71  699.16  409.24  673.62  407.97  663.43  706.39
  899.05  701.84  699.78  412.33  674.80  411.09  664.69  707.33
  898.27  702.98  700.42  415.41  675.99  414.21  665.95  708.29
  897.51  704.12  701.07  418.48  677.18  417.32  667.20  709.26
  896.77  705.26  701.74  421.55  678.36  420.41  668.47  710.24
  896.04  706.41  702.42  424.60  679.55  423.50  669.73  711.23
  895.33  707.57  703.12  427.65  680.74  426.58  670.99  712.23
  894.63  708.73  703.83  430.69  681.92  429.65  672.25  713.24
  893.95  709.90  704.56  433.72  683.11  432.70  673.52  714.26
  893.29  711.07  705.31  436.74  684.30  435.75  674.78  715.30
  892.65  712.25  706.07  439.75  685.49  438.79  676.05  716.34
  892.03  713.43  706.84  442.75  686.69  441.82  677.32  717.39
  891.42  714.61  707.63  445.75  687.88  444.84  678.59  718.45
  890.83  715.80  708.43  448.73  689.07  447.85  679.86  719.52
  890.26  716.99  709.24  451.71  690.27  450.85  681.14  720.60
  889.71  718.19  710.07  454.67  691.47  453.84  682.41  721.69
  889.17  719.39  710.91  457.63  692.67  456.82  683.69  722.78
  888.65  720.60  711.77  460.58  693.87  459.79  684.97  723.88
  888.16  721.81  712.63  463.51  695.08  462.75  686.26  724.99
  887.68  723.02  713.51  466.44  696.29  465.70  687.54  726.11
  887.22  724.23  714.40  469.36  697.50  468.64  688.83  727.23
  886.78  725.45  715.30  472.27  698.71  471.57  690.12  728.36
  886.35  726.67  716.21  475.17  699.92  474.49  691.41  729.50
  885.95  727.90  717.13  478.06  701.14  477.39  692.70  730.64
  885.56  729.13  718.07  480.94  702.36  480.29  694.00  731.79
  885.20  730.36  719.01  483.81  703.58  483.18  695.30  732.95
  884.85  731.59  719.97  486.67  704.81  486.06  696.60  734.11
  884.53  732.83  720.93  489.52  706.04  488.92  697.91  735.27
  884.22  734.06  721.91  492.36  707.27  491.78  699.21  736.44
  883.93  735.30  722.89  495.19  708.51  494.63  700.52  737.62
  883.66  736.55  723.89  498.01  709.74  497.46  701.84  738.80
  883.41  737.79  724.89  500.82  710.98  500.29  703.15  739.98
  883.18  739.04  725.91  503.62  712.23  503.10  704.47  741.17
  882.97  740.29  726.93  506.41  713.48  505.91  705.79  742.36
  882.78  741.54  727.96  509.20  714.73  508.70  707.11  743.56
  882.60  742.79  729.00  511.97  715.98  511.49  708.44  744.76
  882.45  744.05  730.05  514.73  717.24  514.26  709.76  745.96
  882.32  745.30  731.11  517.48  718.50  517.02  711.09  747.17
  882.20  746.56  732.18  520.22  719.76  519.78  712.43  748.38
  882.10  747.82  733.25  522.95  721.03  522.52  713.76  749.60
  882.03  749.08  734.34  525.67  722.30  525.25  715.10  750.81
  881.97  750.35  735.43  528.38  723.57  527.98  716.44  752.03
  881.93  751.61  736.53  531.09  724.84  530.69  717.79  753.26
  881.91  752.88  737.63  533.78  726.12  533.39  719.13  754.49
  881.90  754.15  738.75  536.46  727.41  536.08  720.48  755.71
  881.92  755.41  739.87  539.13  728.69  538.76  721.83  756.95
  881.95  756.68  741.00  541.80  729.98  541.44  723.19  758.18
  882.00  757.96  742.13  544.45  731.27  544.10  724.54  759.42
  882.08  759.23  743.27  547.09  732.57  546.75  725.90  760.66
  882.16  760.50  744.42  549.72  733.87  549.39  727.26  761.90
  882.27  761.78  745.58  552.35  735.17  552.02  728.62  763.14
  882.40  763.05  746.74  554.96  736.47  554.64  729.99  764.39
  882.54  764.33  747.91  557.57  737.78  557.26  731.36  765.64
  882.70  765.61  749.08  560.16  739.09  559.86  732.73  766.89
  882.88  766.89  750.26  562.75  740.41  562.45  734.10  768.14
  883.07  768.17  751.45  565.32  741.72  565.03  735.48  769.39
  883.28  769.45  752.64  567.89  743.04  567.61  736.86  770.65
  883.51  770.73  753.84  570.45  744.36  570.17  738.24  771.91
  883.76  772.01  755.05  572.99  745.69  572.73  739.62  773.17
  884.02  773.30  756.25  575.53  747.02  575.27  741.00  774.43
  884.30  774.58  757.47  578.06  748.35  577.81  742.39  775.69
  884.59  775.86  758.69  580.58  749.68  580.33  743.78  776.95
  884.91  777.15  759.92  583.09  751.02  582.85  745.17  778.22
  885.23  778.44  761.15  585.59  752.36  585.36  746.56  779.48
  885.58  779.72  762.38  588.09  753.70  587.85  747.96  780.75
  885.94  781.01  763.62  590.57  755.05  590.34  749.35  782.02
  886.32  782.30  764.87  593.05  756.40  592.82  750.75  783.29
  886.71  783.59  766.12  595.51  757.75  595.30  752.15  784.56
  887.11  784.88  767.38  597.97  759.10  597.76  753.56  785.83
  887.54  786.17  768.64  600.42  760.46  600.21  754.96  787.11
  887.97  787.46  769.90  602.86  761.82  602.66  756.37  788.38
  888.42  788.75  771.17  605.29  763.18  605.09  757.78  789.66
  888.89  790.04  772.44  607.71  764.54  607.52  759.19  790.93
  889.37  791.34  773.72  610.13  765.91  609.94  760.60  792.21
  889.87  792.63  775.00  612.53  767.27  612.35  762.02  793.49
  890.38  793.92  776.29  614.93  768.65  614.75  763.43  794.77
  890.90  795.22  777.58  617.32  770.02  617.14  764.85  796.05
  891.44  796.51  778.87  619.70  771.39  619.53  766.27  797.33
  891.99  797.81  780.17  622.08  772.77  621.91  767.69  798.61
  892.56  799.10  781.47  624.44  774.15  624.27  769.12  799.90
  893.14  800.40  782.78  626.80  775.53  626.64  770.54  801.18
  893.73  801.70  784.09  629.15  776.92  628.99  771.97  802.47
  894.33  802.99  785.40  631.49  778.31  631.33  773.40  803.75
  894.95  804.29  786.72  633.82  779.70  633.67  774.83  805.04
  895.58  805.59  788.04  636.15  781.09  636.00  776.26  806.33
  896.23  806.89  789.36  638.47  782.48  638.32  777.69  807.62
  896.88  808.19  790.69  640.78  783.88  640.64  779.13  808.90
  897.55  809.49  792.02  643.08  785.27  642.94  780.57  810.19
  898.23  810.79  793.35  645.38  786.67  645.24  782.00  811.49
  898.93  812.09  794.69  647.67  788.07  647.53  783.44  812.78
  899.63  813.39  796.03  649.95  789.48  649.82  784.88  814.07
  900.35  814.69  797.37  652.23  790.88  652.09  786.33  815.36
  901.07  815.99  798.72  654.49  792.29  654.37  787.77  816.66
  901.81  817.30  800.07  656.75  793.70  656.63  789.22  817.95
  902.56  818.60  801.42  659.01  795.11  658.88  790.66  819.25
  903.33  819.90  802.77  661.26  796.52  661.13  792.11  820.54
  904.10  821.21  804.13  663.50  797.94  663.38  793.56  821.84
  904.88  822.51  805.49  665.73  799.36  665.61  795.02  823.14
  905.68  823.82  806.86  667.96  800.78  667.84  796.47  824.43
  906.48  825.12  808.22  670.18  802.20  670.06  797.92  825.73
  907.30  826.43  809.59  672.39  803.62  672.28  799.38  827.03
  908.13  827.74  810.96  674.60  805.04  674.49  800.84  828.33
  908.96  829.05  812.34  676.80  806.47  676.69  802.29  829.63
  909.81  830.35  813.71  678.99  807.90  678.89  803.75  830.94
  910.66  831.66  815.09  681.18  809.33  681.08  805.21  832.24
  911.53  832.97  816.48  683.37  810.76  683.26  806.68  833.54
  912.40  834.28  817.86  685.54  812.19  685.44  808.14  834.85
  913.29  835.59  819.25  687.71  813.62  687.62  809.61  836.15
  914.18  836.90  820.64  689.88  815.06  689.78  811.07  837.46
  915.09  838.22  822.03  692.04  816.50  691.94  812.54  838.76
  916.00  839.53  823.42  694.19  817.94  694.10  814.01  840.07
  916.92  840.84  824.82  696.34  819.38  696.25  815.48  841.38
  917.85  842.16  826.22  698.48  820.82  698.39  816.95  842.69
