   47.326235308428870        64.314490046515729     
   47.326235308428870        64.314490046515729     
   47.326235308428870        64.314490046515729     
   47.326235308428870        64.314490046515729     
   47.326235308428558        64.314490046515573     
   47.326235308390942        64.314490046496772     
   47.326235307206765        64.314490045905202     
   47.326235291404238        64.314490038010590     
   47.326235173501964        64.314489979107009     
   47.326234590192861        64.314489687668868     
   47.326232452244795        64.314488619363587     
   47.326226195577448        64.314485492394496     
   47.326210791935054        64.314477791781457     
   47.326177671290509        64.314461227773492     
   47.326113743567184        64.314429241542854     
   47.326000664410429        64.314372628939452     
   47.325814469468376        64.314279347019138     
   47.325525555279356        64.314134487891494     
   47.325098997901769        64.313920415890067     
   47.324495117379243        64.313617016889808     
   47.323670194417716        64.313202007870586     
   47.322577244809501        64.312651254625365     
   47.321166801561290        64.311939073125899     
   47.319387598468161        64.311038458526312     
   47.317187239088348        64.309921301932803     
   47.314512738705233        64.308558539540314     
   47.311311060678939        64.306920320244814     
   47.307529587013221        64.304976166653091     
   47.303116606942318        64.302695191489363     
   47.298021796113716        64.300046356556038     
   47.292196716930185        64.296998797560676     
   47.285595315527281        64.293522197718545     
   47.278174426811852        64.289587209862631     
   47.269894248004491        64.285165898119644     
   47.260718778674153        64.280232186255503     
   47.250616193351576        64.274762282504938     
   47.239559150758780        64.268735072638947     
   47.227525004279649        64.262132451284671     
   47.214495926363313        64.254939589876543     
   47.200458929969294        64.247145124440181     
   47.185405792616756        64.238741262853665     
   47.169332883915246        64.229723808110478     
   47.152240914221650        64.220092105975382     
   47.134134596812771        64.209848913500366     
   47.115022257786265        64.199000207958576     
   47.094915378915111        64.187554931323461     
   47.073828105728211        64.175524689178488     
   47.051776725545437        64.162923413493573     
   47.028779117117523        64.149766986446181     
   47.004854203011639        64.136072854753039     
   46.980021387031613        64.121859621798052     
   46.954300005748365        64.107146638496374     
   46.927708788276561        64.091953592571514     
   46.900265333913737        64.076300103859836     
   46.871985606312293        64.060205326610145     
   46.842883459291500        64.043687569723460     
   46.812970180212325        64.026763927834750     
   46.782254062645684        64.009449931047612     
   46.750739984637711        63.991759204724779     
   46.718429122436866        63.973703192360659     
   46.685318481648885        63.955290812571093     
   46.651400654694825        63.936528216824399     
   46.616663506489786        63.917418526395629     
   46.581089901348960        63.897961594545500     
   46.544657453496242        63.878153788227657     
   46.507338291410292        63.857987777519433     
   46.469098842758719        63.837452347295219     
   46.429899642630531        63.816532220973045     
   46.389695135531269        63.795207891272334     
   46.348433515920419        63.773455466175236     
   46.306056556832552        63.751246521392247     
   46.262499455517876        63.728547959985846     
   46.217690687255839        63.705321881333902     
   46.171551859393539        63.681525451922880     
   46.123997582056560        63.657110788310433     
   46.074935326963356        63.632024834837431     
   46.024265313408861        63.606209260472014     
   45.971880366628646        63.579600333698266     
   45.917665823601951        63.552128839110402     
   45.861499410124907        63.523719960403163     
   45.803251170904311        63.494293217603719     
   45.742783361169799        63.463762356985953     
   45.679950423931764        63.432035311960909     
   45.614598943867257        63.399014138496170     
   45.546567676693257        63.364595001216870     
   45.475687585171649        63.328668157601278     
   45.401781987435392        63.291118015428843     
   45.324666737141087        63.251823207119301     
   45.244150481344683        63.210656706769420     
   45.160035061435948        63.167486038930896     
   45.072116000376113        63.122173544333627     
   44.980183105781030        63.074576707227116     
   44.884021248910749        63.024548604810882     
   44.783411246413799        62.971938414860176     
   44.678130928816529        62.916592053006759     
   44.567956314865143        62.858352875444204     
   44.452662941247738        62.797062493372167     
   44.332027263079503        62.732561648862244     
   44.205827552031856        62.664690812128264     
   44.073847633706499        62.593292415518889     
   43.935875018440541        62.518209943774956     
   43.791704382448188        62.439290042840412     
   43.641138148772121        62.356383017491368     
   43.483988048547083        62.269343890957522     
   43.320073055335840        62.178031381932257     
   43.149223574162889        62.082310489498695     
   42.971278719936187        61.982051075216496     
   42.786086427064326        61.877128083968437     
   42.593502634265271        61.767421203227499     
   42.393390158006071        61.652814325048219     
   42.185617327187693        61.533194848874544     
   41.970056461771428        61.408452871089779     
   41.746582267361511        61.278480304171204     
   41.515071298880947        61.143170614836698     
   41.275396362768888        61.002415518791530     
   41.027430687180747        60.856107497890662     
   40.771043164827141        60.704136973509478     
   40.506098040049871        60.546392126903385     
   40.232454043544600        60.382758383150268     
   39.949963686226155        60.213117998092919     
   39.658472853207222        60.037349821904606     
   39.357820574247860        59.855329182206134     
   39.047839084320067        59.666927948145187     
   38.728354073743354        59.472014725869521     
   38.399185216729485        59.270455236112120     
   38.060146960091942        59.062112865183138     
   37.711049553604973        58.846849389420974     
   37.351700450079036        58.624525929186085     
   36.981905969009468        58.395004098256976     
   36.601473365566989        58.158147412703180     
   36.210213311149040        57.913822969470978     
   35.807942814223075        57.661903414069812     
   35.394488686809147        57.402269245622243     
   34.969691557566406        57.134811472246298     
   34.533410484995400        56.859434628664452     
   34.085528245852331        56.576060198980983     
   33.625957252352237        56.284630405245224     
   33.154646153795582        55.985112377989147     
   32.671587040689580        55.677502644998270     
   32.176823176071373        55.361831876325894     
   31.670457083039881        55.038169746592317     
   31.152658813784491        54.706629804415599     
   30.623674213986380        54.367374212498291     
   30.083832240262009        54.020617642580994     
   29.533552468260932        53.666631335983780     
   28.973350410509951        53.305745412397478     
   28.403841744497640        52.938350443750949     
   27.825744528897392        52.564897616810612     
   27.239879215769346        52.185897427410957     
   26.647166318019863        51.801916879352817     
   26.048621651521483        51.413575221124432     
   25.445349200956009        51.021538338923541     
   24.838531651179785        50.626511949846183     
   24.229418985269159        50.229233893726082     
   23.619311875928286        49.830463531865071     
   23.009560237915895        49.430981425242749     
   22.401526546948244        49.031566779976160     
   21.796582835331058        48.632997079167644     
   21.196089651295466        48.236036497622422     
   20.601378405723633        47.841426820300306     
   20.013734136914188        47.449878826682792     
   19.434379153124350        47.062064307439826     
   18.864458055514987        46.678608912875887     
   18.305024612670014        46.300086014926954     
   17.757030912710203        45.927011757476571     
   17.221319085100717        45.559841407551524     
   16.698615760008504        45.198967076329602     
   16.189529332517786        44.844716826105007     
   15.694549911703879        44.497355103419594     
   15.214051743729240        44.157084388286926     
   14.748297797736955        43.824047908399763     
   14.297446163141633        43.498333238997134     
   13.861557790619800        43.179976558694207     
   13.440605249246484        42.868967390378373     
   13.034482051822087        42.565253624863949     
   12.643012234801898        42.268746638579969     
   12.265959876242738        41.979326364237487     
   11.903038330026579        41.696846199367656     
   11.553918974890676        41.421137646656227     
   11.218239358507658        41.152014628459035     
   10.895610637836088        40.889277424363890     
   10.585624300303426        40.632716225871249     
   10.287858107981176        40.382114275632958     
   10.001881315707390        40.137250621805826     
   9.7272591792592351        39.897902496487468     
   9.4635568023611363        39.663847343531145     
   9.2103423633435622        39.434864514158356     
   8.9671897963008256        39.210736679166132     
   8.7336794933922732        38.991249650203045     
   8.5094061529339697        38.776198711444408     
   8.2939707228506361        38.565381010864556     
   8.0869878434627136        38.358601722813148     
   7.8880850591068921        38.155673127621590     
   7.6969031707865598        37.956414682300199     
   7.5130966150182719        37.760653274192414     
   7.3363335767872648        37.568223256872763     
   7.1662959772698036        37.378966431581709     
   7.0026793456031706        37.192731971067786     
   6.8451926131896119        37.009376299243961     
   6.6935578087004926        36.828762922203467     
   6.5475097311718953        36.650762247507657     
   6.4067955466440552        36.475251354129298     
   6.2711743794353207        36.302113772090991     
   6.1404168786676170        36.131239245126430     
   6.0143047601033901        35.962523476236399     
   5.8926303592920153        35.795867888155435     
   5.7751961573632116        35.631179353046349     
   5.6618143419191318        35.468369960433890     
   5.5523063568609903        35.307356767068200     
   5.4465024609040151        35.148061554798076     
   5.3442413088696208        34.990410604294205     
   5.2453695280475578        34.834334453077084     
   5.1497413336574622        34.679767694691066     
   5.0572181411136174        34.526648763009355     
   4.9676681895893449        34.374919715743076     
   4.8809662088931995        34.224526064620740     
   4.7969930630157487        34.075416563038324     
   4.7156354465684984        33.927543055718516     
   4.6367855681457417        33.780860284986730     
   4.5603408673364481        33.635325746622378     
   4.4862037389095448        33.490899531551975     
   4.4142812646941101        33.347544174098765     
   4.3444849798376737        33.205224526721146     
   4.2767306222105654        33.063907615616593     
   4.2109379169019299        32.923562516223257     
   4.1470303695067336        32.784160246290277     
   4.0849350654536147        32.645673647734419     
   4.0245824815578555        32.508077279759256     
   3.9659063067717861        32.371347322970962     
   3.9088432802294064        32.235461479397706     
   3.8533330269455726        32.100398885136762     
   3.7993179064321696        31.966140017545158     
   3.7467428762821640        31.832666623045867     
   3.6955553570077742        31.699961638455765     
   3.6457051070534430        31.568009121940396     
   3.5971441015691639        31.436794179588020     
   3.5498264206623587        31.306302903599398     
   3.5037081358926994        31.176522285482147     
   3.4587472404463933        31.047440259738583     
   3.4149035060133941        30.919045489918968     
   3.3721384276315538        30.791327434438625     
   3.3304151281335446        30.664276258499061     
   3.2896982806776265        30.537882793750690     
   3.2499540308894961        30.412138492722136     
   3.2111499266153398        30.287035389941085     
   3.1732548487230292        30.162566058558216     
   3.1362389482078825        30.038723577799676     
   3.1000735826367656        29.915501487140808     
   3.0647312656244043        29.792893777433793     
   3.0301856065646442        29.670894839410721     
   2.9964112614198051        29.549499443056426     
   2.9633838823637237        29.428702700128490     
   2.9310800805720292        29.308500083085715     
   2.8994773527019153        29.188887264611495     
   2.8685540836069303        29.069860288144291     
   2.8382894770725344        28.951415418871303     
   2.8086635269357223        28.833549156776147     
   2.7796569806736429        28.716258214376719     
   2.7512513074502500        28.599539502609609     
   2.7234286576445812        28.483390087058556     
   2.6961718516257811        28.367807239045341     
   2.6694643376674501        28.252788364514508     
   2.6432901519789125        28.138330954518384     
   2.6176339200192058        28.024432667717218     
   2.5924808207500751        27.911091276179075     
   2.5678165545694940        27.798304623482803     
   2.5436273299785608        27.686070646245003     
   2.5198998400333461        27.574387356257148     
   2.4966212416410114        27.463252828102409     
   2.4737791383533385        27.352665199002669     
   2.4513615599210015        27.242622652200964     
   2.4293569453031418        27.133123411916156     
   2.4077541262079261        27.024165735757965     
   2.3865423115295497        26.915747909334574     
   2.3657110719218108        26.807868240226231     
   2.3452503260681814        26.700525054116021     
   2.3251503255772401        26.593716684630682     
   2.3054016425878965        26.487441472616876     
   2.2859951575219428        26.381697761251424     
   2.2669220470859224        26.276483893608912     
