   44683923612.6371926577025106261837419      
   44683923612.3327799862335268680736173      
   44683923611.2914508171283447359155565      
   44683923608.3554716566176826204358504      
   44683923601.2384392366691206726605545      
   44683923585.9416046886311668448591816      
   44683923556.0944539803196462251637811      
   44683923502.3672098179024125051922206      
   44683923411.8615762036642096470661701      
   44683923267.7340464011192409686118767      
   44683923049.0150355219648480220397219      
   44683922730.7471862583084437936050182      
   44683922284.4613574530556001032509185      
   44683921679.0896840985775183040501318      
   44683920882.1451788133363561379087508      
   44683919861.2112951544056508909443953      
   44683918585.5265649909137526595592671      
   44683917027.4636635229149318427182779      
   44683915163.6521196761989869715106663      
   44683912976.0094585351053692731314637      
   44683910451.6642017887355224526449856      
   44683907582.7297426286178826891619322      
   44683904365.2239912390340572162718179      
   44683900797.7006451297486620235904998      
   44683896879.0809416156922261292014763      
   44683892606.4783472496054116097689669      
   44683887972.6991052398259405165520110      
   44683882963.7760086331909885993836542      
   44683877556.6398504468110013443456387      
   44683871716.8582668105396340411558460      
   44683865396.8577775709163694762259449      
   44683858534.3915761256327664497739004      
   44683851051.3396294636132944085149989      
   44683842853.0622146791351257137974453      
   44683833827.9963576841100304540626369      
   44683823847.5438958276037973612437981      
   44683812766.4311668564353475397615063      
   44683800423.0780180657662092823168058      
   44683786640.6606539007888336234399237      
   44683771227.5970870159505795439065182      
   44683753978.8633717787411495320863886      
   44683734676.8286754947042675594324683      
   44683713092.6049382939140087026461288      
   44683688986.8702085580854606588898089      
   44683662111.0312655967575932768326593      
   44683632208.0908909654937625274560086      
   44683599013.6541623860184071616031186      
   44683562256.5524309330697740574331154      
   44683521659.5885249416865613607678640      
   44683476939.9654834510731947301604183      
   44683427809.6696454369870959678540083      
   44683373975.7868151485030796250695634      
   44683315140.5487141030439570203366639      
   44683251001.2731936551766166914620462      
   44683181250.2107073904564557474274413      
   44683105574.1699929395255671220001662      
   44683023654.1500402438062598489304571      
   44682935164.5763576306886142881735790      
   44682839772.6380322215866500737405934      
   44682737137.4526816064980235695880939      
   44682626908.8432167489471920685307909      
   44682508726.3425407050926129689573283      
   44682382217.7416284949537044906520250      
   44682246997.5692167073976517728637430      
   44682102665.5757829631500158024437836      
   44681948804.8486191414037843744467437      
   44681784979.8330763202693944555970180      
   44681610734.2525175034077134664535485      
   44681425588.7187805071997809652993308      
   44681229038.2836296710821976909037697      
   44681020549.7273475013276420927799873      
   44680799558.6594118972044291865341987      
   44680565466.4460528494292264252954104      
   44680317636.8254051065239573606282329      
   44680055392.4811065155635827408270309      
   44679778011.0950834951761566720492353      
   44679484721.3991185194988744718819377      
   44679174698.7650718664875024921756400      
   44678847060.8176085257437188775937399      
   44678500862.2442391574974263491242725      
   44678135091.3826591929787133461567356      
   44677748658.7117967483248574222121144      
   44677340399.2278436842181662372702704      
   44676909061.0426748971579170041332226      
   44676453299.8206040786221025839368554      
   44675971671.6602246199524727528282138      
   44675462625.5626315903906502415234424      
   44674924495.3508094263684591343547233      
   44674355490.9859334052848386902959328      
   44673753689.3672343539355349692238266      
   44673117024.3480199938371477214307799      
   44672443276.4242363476947914553061291      
   44671730061.1555107758491875191036521      
   44670974817.0550154279826966410828158      
   44670174792.4867802525148665425874800      
   44669327031.4451664927967387211521616      
   44668428358.3880536188635091527445990      
   44667475361.3700795047367111128413851      
   44666464374.1170687240469945305863657      
   44665391456.4741520998382778661714453      
   44664252372.6228257801726761742983089      
   44663042567.4658912695459983115225654      
   44661757140.5529449378776988957487591      
   44660390817.2653659268163400970065686      
   44658937916.6568674162613061700066340      
   44657392315.8181821976392039899678465      
   44655747409.8621364399024986441092185      
   44653996068.5983955284930948636359822      
   44652130579.7135159346030410518996146      
   44650142601.1856783053403680012755127      
   44648023090.6761486415585633874763181      
   44645762234.4538650909754886919296013      
   44643349365.9278618090193365235576507      
   44640772882.9330769218035367513738848      
   44638020114.9139799853521046574558841      
   44635077259.1908566956170201932773007      
   44631929235.3960945616725242267362410      
   44628559572.2063860331286116074086362      
   44624950289.4955125816649803953474026      
   44621081790.1404103506763435837874600      
   44616932772.0898903844852810349038950      
   44612480172.0781139383752298094214426      
   44607699153.7532886932174439946092644      
   44602563150.7188944112426116220352138      
   44597043971.6086022466346479522866190      
   44591111968.1045348395810971058295544      
   44584736259.4199592495442841939057996      
   44577884988.1225532302426116361344944      
   44570525663.4180262834191730940896578      
   44562625364.3896641055085444157237501      
   44554151075.7380631997704234275058105      
   44545069887.5942402950384787385245920      
   44535349247.0646253513645301300098929      
   44524957008.1248584694156700871978865      
   44513861563.8315436732501773580400547      
   44502031874.9865460365558536300846783      
   44489437471.6169542798011764168727773      
   44476048426.5526574746943141847662452      
   44461835308.9501763738019534834584837      
   44446769126.2598140512083503665278171      
   44430821259.7468043562599169463813248      
   44413963398.6592814925821491341933874      
   44396167476.5939943889853856121989344      
   44377405611.6552893295927694037256729      
   44357650052.3921492109897298577295554      
   44336873129.7555868446750026724857760      
   44315047216.1666020460997134408819280      
   44292144690.8402987480019788952351118      
   44268137911.6879310862785104016849226      
   44242999194.2607798477658064966547597      
   44216700796.6938453952296318602029120      
   44189214909.4927596310065661819326852      
   44160513653.0865350024695327920313315      
   44130569078.6349436496527926537342790      
   44099353175.0114749118478770973142540      
   44066837879.4311840751641317988407293      
   44032995092.1834939245022891231966191      
   43997796694.0429681380334982102591705      
   43961214564.8767370012401460914677226      
   43923220604.4173722175007158132093533      
   43883786751.4129299422568775890171789      
   43842885001.9388402581418879672376243      
   43800487456.7508876845472327701620995      
   43756566204.9414336157029677865933391      
   43711093529.9192325590520836098187855      
   43664041779.8482749427478932840479054      
   43615383401.6731403203559559606175107      
   43565090936.3342700809032361776603245      
   43513137010.6020911703475609878082709      
   43459494323.8155858703163213613886206      
   43404135634.8187962018361483406415896      
   43347033728.4679607983581995942213561      
   43288161413.7304889849184553989694826      
   43227491485.2573688498831462944719490      
   43164996700.9851410378119033704090293      
   43100649755.1560468165674804690828193      
   43034423252.5629181079607751952938335      
   42966289682.2697686177223280732848304      
   42896221394.1514615208048211352569073      
   42824190576.1669383003959055293302466      
   42750169235.4601085862907246352120953      
   42674129180.2705349311448800380588035      
   42596042000.3106456386001669396195189      
   42515879077.7186377041215341516827348      
   42433611542.9767853236226458758806574      
   42349210291.2588718534826910803373118      
   42262645970.8654675892627618320142478      
   42173888980.7425935634698297019518253      
   42082909467.6483370244156556347794072      
   41989677326.3186802108635716395088927      
   41894162199.3776005265548078269917014      
   41796333479.0367942992365803564187163      
   41696160308.2514815467292496586426141      
   41593611583.5157423265046795830208550      
   41488655957.3283201079541496875251916      
   41381261882.6637156143046165928556439      
   41271397445.1349374380218436951802387      
   41159030626.6695338157088991257563359      
   41044129132.3261107050769894038501438      
   40926660436.6072633508696277931868686      
   40806591787.3437247578864467446167076      
   40683890206.5962525832744311594215914      
   40558522500.6622334058727432804225813      
   40430455247.8964385207297132818269365      
   40299654815.6003440544169943362743609      
   40166087355.0892727351935520057033774      
   40029718808.2330232770009467863990979      
   39890514900.1772508075959957311465890      
   39748441152.2933620792642661082018733      
   39603462873.1332921808683496481729487      
   39455545172.3448446578293256205210718      
   39304652953.3666241426579228358262018      
   39150750915.5445168928079342001699908      
   38993803558.9693669670357817546829584      
   38833775182.6442758984085837811907929      
   38670629886.5280469009681058192025488      
   38504331572.5188464148765056264905888      
   38334843945.4248897063680767005379472      
   38162130514.3021253746570694962047751      
   37986154592.3051129073295918847092164      
   37806879298.2879651511795258761731623      
   37624267557.6125894531754070634824914      
   37438282102.3600549967619212148409724      
   37248885469.5298131383569690536134038      
   37056040005.2865647769412986341150103      
   36859707865.3360029998351117057692966      
   36659851010.1744948674208264663629769      
   36456431213.4634531803569509796933063      
   36249410056.3145777607034770084622976      
   36038748930.2413699949692436839813907      
   35824409036.8734308515169701908057702      
   35606351387.6525529040228654643626333      
   35384536804.0311561401804767511319962      
   35158925918.8125121557151386687498618      
   34929479177.5887455881034677859523417      
   34696156833.5444183685046155473081623      
   34458918953.7887145906502036431194608      
   34217725416.7836332179300696716441196      
   33972535910.9494068050493129607722419      
   33723309936.5265356032051697757575843      
   33470006807.0522639496027278589131284      
   33212585647.8552632906947906733163555      
   32951005395.6629473381618015515462721      
   32685224799.1318049638481340302782532      
   32415202415.9116485209976454924323783      
   32140896620.5055370730560326644786456      
   31862265597.5075477969949239486996316      
   31579267343.5559309758801460268829041      
   31291859667.4846756228569833510713286      
   31000000188.2303815400576181538411600      
   30703646339.9287031930495701944943706      
   30402755367.5962798863420455607388762      
   30097284327.6838091417514450566162214      
   29787190089.6475750333391491968851418      
   29472429333.9126125691690077845210301      
   29152958555.1222154213510515129670795      
   28828734057.7940660328004784205696335      
   28499711959.2706869093683036143013686      
   28165848189.6087446920517149128640764      
   27827098488.2778668754680981995873305      
   27483418409.6253817779492341212127270      
   27134763319.4969071409822072991383738      
   26781088394.6435031438581099103240281      
   26422348624.1764660419238922768055139      
   26058498809.2281981888298929890965186      
   25689493562.6061206952852694896491289      
   25315287309.3605210921087514199443935      
   24935834285.7802264810837924820443601      
   24551088540.8452709918935197461456311      
   24161003934.8661634244275413533525476      
   23765534139.4759272449237285924159062      
   23364632639.0586849029750756527904854      
   22958252730.3651364904657645218543104      
   22546347521.1546899483927765298958635      
   22128869930.8245689811539123077198722      
   21705772690.3275758050735081575121480      
   21277008343.6811983898323624118149065      
   20842529246.1571975844495711038949262      
   20402287564.0700897189871906502262561      
   19956235277.1659679235243831858548789      
