   44683923612.7187281076161779021802900      
   44683923612.7187281076161751697690449      
   44683923612.7187281071497043530661737      
   44683923612.7187278781440558829532268      
   44683923612.7187103081528962124073189      
   44683923612.7182660204252499490295651      
   44683923612.7129256891881905090960744      
   44683923612.6747995655786970148881561      
   44683923612.4879273931750175952515206      
   44683923611.7948735150346873467548508      
   44683923609.7151591575756696075569068      
   44683923604.4203830635843984891467582      
   44683923592.5843365545842321276361482      
   44683923568.7426627622356231024421176      
   44683923524.6771412571412426182638221      
   44683923448.7928968260730743190090276      
   44683923325.6672970793266712642374150      
   44683923135.7807888262340410735782023      
   44683922855.5420208147154823814414422      
   44683922457.6283290557772912264556777      
   44683921911.7703329143558173200761135      
   44683921185.8252512827162380632626802      
   44683920247.2122056398319986881563381      
   44683919064.3449367145753181474926680      
   44683917608.4651920980147237730091426      
   44683915854.6038224829721721423095554      
   44683913782.8653430432549511917872660      
   44683911378.6672707206816448178219323      
   44683908632.6349498150996945735992191      
   44683905539.6898347015278568045494445      
   44683902097.9308713404812245764579548      
   44683898306.5971385599141797785307067      
   44683894163.8178544744442023779120285      
   44683889664.1220435852745438905845027      
   44683884795.9180553316393862571228742      
   44683879538.8326496121492853388572746      
   44683873861.2668153313358945730407634      
   44683867718.1462807990570440403691511      
   44683861049.0396204533755817361961410      
   44683853776.4369767959192673145946729      
   44683845804.4247919149334115827423726      
   44683837017.7959902606816732885782442      
   44683827281.2006448579268858932417657      
   44683816438.7367808932805967382398173      
   44683804313.7419010678500021236670920      
   44683790708.6404562698439075948951696      
   44683775405.0581961594914366371481436      
   44683758163.8417573604412205289234306      
   44683738725.1799828308286953738540592      
   44683716808.7992289969636287601864842      
   44683692113.8080578317192210557350675      
   44683664318.7875295230614098047011115      
   44683633081.2350778380009470671960607      
   44683598037.5488891585658103331008175      
   44683558802.3071032382049570855179337      
   44683514967.4178940368069901758565844      
   44683466101.1117554353014741823715269      
   44683411746.6682925262905678831579482      
   44683351420.9223516711980275387660176      
   44683284612.2992775482579337413396631      
   44683210778.8195772936689088928385781      
   44683129345.5410104240293221355147147      
   44683039701.7610156531536937566050144      
   44682941197.8811173181872256470217338      
   44682833141.8014716140594979667047379      
   44682714794.8761879066967646680419815      
   44682585367.6204160424991605553994617      
   44682444014.7536543834070354967204037      
   44682289829.6854391969418396727194897      
   44682121838.6991807820750165766305483      
   44681938994.2839210245712980897220222      
   44681740168.0381381494740132376795424      
   44681524142.7460069873404185222906600      
   44681289603.8359782550931664560617164      
   44681035129.9977070967337381872588293      
   44680759182.9829144752910474351093708      
   44680460096.5336362424442839134493139      
   44680136064.3655564058814998727397829      
   44679785127.0877211858495667071467201      
   44679405158.0410883903952765744247158      
   44678993848.1775636508845062206426682      
   44678548689.4051837535653854531592402      
   44678066960.2646286201818443135568163      
   44677545694.6228108125085106771723892      
   44676981678.5110105889078035510598353      
   44676371417.4524896017142656028667468      
   44675711115.9298149706676816680238571      
   44674996652.8235262523389064254712322      
   44674223555.4708117087928702865622441      
   44673386972.6812426481015041811046461      
   44672481646.4428573498522490878904687      
   44671501883.0286269346225929400051733      
   44670441523.3422149435655963649894228      
   44669293913.2315867890338769874732297      
   44668051873.9014170875073507019555517      
   44666707673.5257203796223185726143787      
   44665252999.9524441220268543599988000      
   44663678935.8993750707667036735267810      
   44661975936.8848094176220806647046657      
   44660133812.9128933261207579339552633      
   44658141714.4729884143980216445680801      
   44655988123.6495736745786069379843038      
   44653660850.3999761239838984039073463      
   44651147034.3783196405701648563706012      
   44648433152.8808193165698140831726228      
   44645505033.1142664050347917666158210      
   44642347869.8934319023914768186922591      
   44638946246.7401904745924953732202967      
   44635284150.2968299778041490482465999      
   44631345049.9617191012778369002906421      
   44627111815.4710435401013633169285994      
   44622566816.6249883847010608730859515      
   44617691981.8812996974151057039389635      
   44612468717.7401102867623884860434782      
   44606877977.5245572492050721196246241      
   44600900249.2309073954293181117644850      
   44594515547.5287065360556413099676483      
   44587703390.3573001903255778506029297      
   44580442763.2049949648236675436834654      
   44572712061.1242777594981697656000209      
   44564489033.3190049415570694933010066      
   44555750697.2435305461365185805656247      
   44546473393.1212238436136113439457938      
   44536632721.9679238647095729794856758      
   44526203774.0158873124775697389811907      
   44515161348.9329363432233215941693409      
   44503480284.6535662140798349819890273      
   44491135841.9317059133567868737525029      
   44478103995.0077722389318907703024256      
   44464361921.8539184337595457411494361      
   44449888166.6445450478328941943148585      
   44434662764.7185604245013837414634247      
   44418667172.3004996325188334158785703      
   44401884061.1571928657488811541005317      
   44384297024.4853021263184719773551078      
   44365890262.0554193607889313202998664      
   44346648282.9042907741414390132273867      
   44326555655.3125521993892214577259869      
   44305596813.0399215172696971400460062      
   44283755940.8571465878353365671645601      
   44261016780.8686653518699362578194544      
   44237362741.1959148607418398536174597      
   44212776752.5018662091909848733994785      
   44187241291.2085426203372009172475278      
   44160738383.5358667534260517978286407      
   44133249617.0447219537757668108342260      
   44104756156.2789574214848837583248133      
   44075238760.0155429081002502895184847      
   44044677799.1109060391849709889632148      
   44013053273.8280765688006934474093119      
   43980344830.1990733374955433781902462      
   43946531775.3189061279416543324016201      
   43911593091.2974637633398298668170302      
   43875507447.6221399460313755424743979      
   43838253212.9066131884745317267092662      
   43799808464.4139640233264620982476216      
   43760150997.4701136885446267502326905      
   43719258333.5745056373469659513981516      
   43677107727.6309408648919175937381413      
   43633676174.5725089168797341062895260      
   43588940415.1801297028509339596784885      
   43542876941.1422039159187456362582615      
   43495462000.2172427689715801426539185      
   43446671600.1256569246785740089255186      
   43396481512.5230216166039950897918613      
   43344867276.8043632956131313488014976      
   43291804202.8956382984025236718128766      
   43237267374.6749179152164437587736095      
   43181231652.3952182770103525500457478      
   43123671675.1666026075816089279482406      
   43064561863.4596761690150743243616672      
   43003876421.1526282879343250923937502      
   42941589337.2758259525930246157771079      
   42877674388.2145215417170239501993605      
   42812105171.7127087948518892217196248      
   42744854976.6595290506563408884061971      
   42675896984.0442876713955905124044124      
   42605204136.3975443635600603035708051      
   42532749167.3550015626438969450893883      
   42458504609.5796654921058754386325803      
   42382442789.3873409992360222841606083      
   42304535834.4017194491402519383368611      
   42224755668.2553136455474045076773115      
   42143074016.8172373206545323365933955      
   42059462404.0031656751670842990565091      
   41973892160.8153198239541956806150535      
   41886334410.1893888520053914415382472      
   41796760087.6897928200902377698643389      
   41705139925.8504537120279452030030142      
   41611444467.8707445728896088559221763      
   41515644057.6953509267551859927797451      
   41417708844.1111736971398592460603689      
   41317608782.8838622380424781981305256      
   41215313637.0752504064751001692191478      
   41110792975.9601190415097418730277533      
   41004016173.1257885085285408455966926      
   40894952409.0540355094348853028724938      
   40783570683.5127459739914091515952393      
   40669839790.3920448250418456623479486      
   40553728338.4410465739428939838145459      
   40435204745.5694898259746241794791984      
   40314237236.2349481033898157414922547      
   40190793844.6597374533579192040794257      
   40064842416.4762350196943791788715667      
   39936350604.8761437785747113759001044      
   39805285874.0838792380029031897415872      
   39671615497.2243897128521710369289568      
   39535306560.0325140158099225912959377      
   39396325956.6984866814896248712272000      
   39254640391.1183248126613921516586434      
   39110216378.7793455532111025265167340      
   38963020246.0165824158789236093499287      
   38813018129.4907113210482240705818797      
   38660175976.0018307782095055398173290      
   38504459546.8800542322204000433882587      
   38345834407.7787690761567510339095612      
   38184265941.9087025884988754786979782      
   38019719338.9061482032025627230475525      
   37852159599.3380858938752732499630343      
   37681551543.5304792044651503449136244      
   37507859790.8848086534973262120996024      
   37331048779.6589519388871700701428399      
   37151082756.9950951402225039276869476      
   36967925781.8656827689426500481074478      
   36781541723.4861314180644716048914717      
   36591894260.3083964660256425647850524      
   36398946886.5511864304370056196065179      
   36202662908.6465721827185416492443528      
   36003005433.1916193345975428632728487      
   35799937390.4153775195709814940637091      
   35593421517.3341246807445618733788772      
   35383420361.7255673354070636898706233      
   35169896282.5835809815680634509719318      
   34952811450.0760622817046630929078654      
   34732127845.0507172166763309908492114      
   34507807260.3515431233965931608746695      
   34279811298.8351147082366145955508099      
   34048101375.7090510553955062492381999      
   33812638716.6115728100632929811231514      
   33573384358.1130415601119709563241024      
   33330299145.0151727367435174604098498      
   33083343740.8963170736145978551524020      
   32832478612.8107142279185320987387779      
   32577664041.4895399763674607377571863      
   32318860118.3186054804457431272259991      
   32056026745.4111013847081611861058323      
   31789123635.6722137850300945405246591      
   31518110316.8181561950651555519083891      
   31242946115.0877356647277288791057032      
   30963590181.2594724952588198284109833      
   30680001471.9312047487384174975344475      
   30392138754.0361149029106443622994613      
   30099960604.6060295756658497797105686      
   29803425414.0917845774213282383134923      
   29502491380.3620196907652502109194420      
   29197116515.5961832817812785796515122      
   28887258638.5968969617924384673917413      
   28572875384.0629482150022633358644249      
   28253924192.5394435155942387904783385      
   27930362315.9418595030911514238238373      
   27602146822.3182021430031050522995712      
   27269234586.0634434072995253156066054      
   26931582291.2396946943187520849033503      
   26589146434.8532940218883949756065207      
   26241883323.0113310662192814116064486      
   25889749075.5485430962569114759295848      
   25532699619.6161412956480444062072997      
   25170690697.4515884414255791034622481      
   24803677857.7228165848043619392142988      
   24431616465.1307315432176491235920668      
   24054461687.1221619048957674610783146      
   23672168508.5998565072138012568206950      
   23284691721.0510669059298920128569349      
   22891985937.1200830420012628164845347      
   22494005571.6791763845859887966715659      
   22090704847.4071727333731110469637996      
   21682037803.7441714523293425164471997      
   21267958289.8085168240830840758888048      
   20848419965.5200841888060776641205919      
   20423376303.0859250638468119001907614      
