   44683874226.3743474864946439074636668      
   44683868113.7169734344504382188637453      
   44683861479.3025817768318127256734242      
   44683854246.7223125610832704521903284      
   44683846321.2324319211374406985396908      
   44683837588.8511570030322932279564984      
   44683827915.4894719367882967096549235      
   44683817146.5323572215641682008228881      
   44683805106.6093951070198100945580750      
   44683791599.4367617552084510315304837      
   44683776407.9181286961224560430618096      
   44683759294.2237361090910333357954556      
   44683739999.7835097134796729172329177      
   44683718245.6023122868330730954713365      
   44683693732.0704276989912340057352773      
   44683666139.0491183135407297744713103      
   44683635125.3466839919939757088729595      
   44683600328.6842916062886939428982785      
   44683561365.0223518643286804023327479      
   44683517827.6981036848107312454990060      
   44683469286.4441633996930974517461986      
   44683415286.1527331102592148405478561      
   44683355345.2852445563683882339162418      
   44683288954.1478613935110547746726776      
   44683215572.6981673811609954594791669      
   44683134628.1151728747453700581145777      
   44683045512.0019543629146553033507915      
   44682947577.2634023880102067466866093      
   44682840134.5767344712461026053792083      
   44682722448.2697855248536393149432034      
   44682593732.1677769863297577501070706      
   44682453144.6011647058540126819934277      
   44682299782.9444295487013537783952256      
   44682132677.8346416046729554015675457      
   44681950786.5300867858752941334363102      
   44681752985.8752191822960803054035146      
   44681538064.4046490914969006011629437      
   44681304713.8434713654229553795306654      
   44681051519.7931387847832389193679538      
   44680776951.5665513401780975954797123      
   44680479351.1862135489708673096349378      
   44680156921.4207075392711266321535725      
   44679807712.7675205021588323571923838      
   44679429609.3907238512064588669793539      
   44679020314.0045344541756464091074222      
   44678577331.3636559538036112996626364      
   44678097953.9432892365123355236766635      
   44677579230.8882118713227601093920617      
   44677017964.7064591712056576431471794      
   44676410678.7817393879733530116933559      
   44675753596.9952878156774833485781544      
   44675042619.1514463672337453776372185      
   44674273295.1896607395410805626597662      
   44673440798.1650865393347892869114542      
   44672539896.1674837918217558783224277      
   44671564923.3205013521284833726478967      
   44670509750.2428829625142662565002208      
   44669367754.4087843572546143558308186      
   44668131790.3600435532435373362800166      
   44666794161.3485239344261390408348428      
   44665346591.9858662102557122643367965      
   44663780203.2230597868763564487879380      
   44662085490.0139965849934971713527693      
   44660252302.8554565861381821065949179      
   44658269833.4982625873083636202676026      
   44656126605.5465628738706181300943182      
   44653810470.7277441749364524737191582      
   44651308610.0660810447754652082284678      
   44648607541.6511371756153916727738490      
   44645693132.4566937792439571786694995      
   44642550616.1974384426983587461113618      
   44639164613.0927595893464979198600094      
   44635519145.3434918840908067875463035      
   44631597708.7297928613702878292033113      
   44627383230.7350656283545078827340887      
   44622858087.7875534137890671278168559      
   44618004244.8405791094670270508853354      
   44612803138.4237471017822539726415813      
   44607235750.6423527978899634690573985      
   44601282598.5323100132240019118484044      
   44594923726.4795564219414380020231425      
   44588138684.3761852370108011456716420      
   44580906492.1114401255745706077848446      
   44573205582.6317653468221839407064893      
   44565013747.7171241302107708241625615      
   44556308050.1009261168755212369837850      
   44547064874.9219505279546352854717344      
   44537259862.1134660152206345925477756      
   44526868128.8453914745734976090890999      
   44515864483.7128064161638153664070195      
   44504223752.1063009008308813833532000      
   44491921158.9363965388727240145329860      
   44478932618.9476069425724957114645529      
   44465235231.1473070626706608320166754      
   44450807448.5659236212801467150954023      
   44435629214.7166784901696322809782414      
   44419681902.3363176562702228849474556      
   44402948115.8045050668309812582314755      
   44385411400.3670630120009195551745724      
   44367055927.2311791620073095404849203      
   44347866194.0410204994498819601939496      
   44327826771.6316769619191208685742745      
   44306922106.6950375218089230734387647      
   44285136404.4310622258398235113316560      
   44262453430.5618600522096457185012048      
   44238856620.7450438723262052013658738      
   44214328933.6930492648845345051018590      
   44188852873.9737935614204892474350048      
   44162410495.4631113628208142830529046      
   44134983412.4901664024939801495650691      
   44106552815.3629900424729178970978092      
   44077099487.4711082173472808313060729      
   44046603823.2373003449601028314241348      
   44015045845.3780317742504942889070510      
   43982405221.5136078321412809053471099      
   43948661279.3138441033782054069211784      
   43913793020.6215960779530667506658113      
   43877779134.0117917447406104883201445      
   43840598006.4220421899432696308568897      
   43802227732.9274993880588319907320143      
   43762646126.1057787430304112157764096      
   43721830724.2030029807577392903249037      
   43679758798.4605317173225120017827120      
   43636407359.7468403520946013226515839      
   43591753164.4409671585107883160455345      
   43545772719.5817528453352405905584248      
   43498442287.9086104031358908967087297      
   43449737891.8898014019523153464283899      
   43399635317.6818502066992110024150923      
   43348110119.0733505387653948706143300      
   43295137620.0689282595531677827182673      
   43240692918.5057743392950845105910777      
   43184750888.4095684532667174725749227      
   43127286182.6142064223982374260847930      
   43068273234.9895067057224069608026215      
   43007686262.7875814144369710596973276      
   42945499268.3997567794581638468238008      
   42881686041.3249511799665532583117470      
   42816220192.4233973850414699271565746      
   42749075023.3408720365101374636946394      
   42680223727.9073887372881856164855019      
   42609639261.4662563886577348323695868      
   42537294370.8167104671723026259204612      
   42463161599.9686182788148293694792044      
   42387213290.2310767447412525854177246      
   42309421579.4288764237259117273964736      
   42229758404.3259071466227675075472763      
   42148195503.3537782305668903630158344      
   42064704412.7811106372644044769632072      
   41979256475.8588311361269039688187994      
   41891822827.6074526890684118930170509      
   41802374415.6635582731748195724619770      
   41710881985.5133161788509320799414937      
   41617316092.8222382443008120999728344      
   41521647090.5175978943279512470488918      
   41423845142.5780282257092797665514911      
   41323880216.1462595317919853801735872      
   41221722085.9480012153453333385333397      
   41117340333.2593196595426410530970023      
   41010704343.7318101086365006797095584      
   40901783309.7524614377419597063015069      
   40790546242.8395563549729006701466376      
   40676961948.9684310412234884168062628      
   40560999048.7015360090102050672287488      
   40442625971.6992063102754160655140930      
   40321810954.3852010438148864277646293      
   40198522042.7552681286817867466330980      
   40072727094.2333373116356679823375561      
   39944393773.8191440831393806707598651      
   39813489557.5255479438886417306415096      
   39679981730.2969412140243973612256375      
   39543837389.5342561647742465987853553      
   39405023441.1925298645811574267976879      
   39263506601.1421656599580780542447490      
   39119253396.3732729117393192185399119      
   38972230165.0668526077354807658246116      
   38822403055.5392179635699029928383634      
   38669738026.4831924819681791036713240      
   38514200850.7949974349762280005411070      
   38355757105.8393797424691576985758686      
   38194372186.5734466497480805278829070      
   38030011294.5484884304616563379551697      
   37862639441.8697356026705325414233708      
   37692221460.5810411855162009036920795      
   37518721981.7073581783230335745930179      
   37342105455.3327042428101984675785211      
   37162336140.3085767025906225905035622      
   36979378106.7049520438866197013775971      
   36793195237.2715055108284738788253511      
   36603751220.2745644091912178678301724      
   36411009562.3125283807746485015113308      
   36214933581.6030027997953859672396859      
   36015486396.2766428308045848715789151      
   35812630948.3503309997658334821963201      
   35606329986.5636512925835463669565068      
   35396546070.4080451760273476476648391      
   35183241570.5924433150124779577169686      
   34966378668.9979904719840613142406625      
   34745919358.2237827663139370625316886      
   34521825442.7466743795245380233294489      
   34294058537.2149100538295317996998052      
   34062580068.4955626810317578242068488      
   33827351273.9646647811609763227256273      
   33588333201.9225390241464836194584589      
   33345486708.9526449976637677926968780      
   33098772470.2223453651737171886690054      
   32848150964.5964410155810658725267741      
   32593582484.5163945005332468134600197      
   32335027133.0913348523441342237632385      
   32072444824.2125678636162598323711004      
   31805795282.4393088144178121212552741      
   31535038047.3592377611744875458722868      
   31260132456.7350258791021793794399208      
   30981037673.1673743188361254822682713      
   30697712664.9927515848924921747625338      
   30410116210.9206569938535041519599275      
   30118206899.7366128943254579660855834      
   29821943133.6164734721398712644877346      
   29521283121.8827067569304612633922227      
   29216184888.8672884332115871492218016      
   28906606264.7996049154412777253276198      
   28592504896.3290343869671984468984447      
   28273838235.7436720366523389141023415      
   27950563546.4795402148528457625966487      
   27622637908.4420121620003999171981268      
   27290018207.7812884217788743954057943      
   26952661140.2476781608807726801212930      
   26610523214.7252334507334071174705136      
   26263560748.3168003400469427527500326      
   25911729874.2338165095780804019497856      
   25554986529.8712437853963549280487239      
   25193286469.6279952340204895307390326      
   24826585254.0319543988554588110143037      
   24454838259.3073955005648006484631798      
   24078000664.7287376259195751995455839      
   23696027467.0737656247515128303717006      
   23308873469.3292302774573716824944561      
   22916493295.9459238178547637659088687      
   22518841373.3694241689406655406608532      
   22115871936.3312124514008408468235914      
   21707539035.8026018685816106987689953      
   21293796532.6601323525683369875704877      
   20874598098.5019800233176149332539876      
   20449897217.2010433097312127575588743      
   20019647188.2840027961132481334566848      
   19583801102.5112042026116681804466760      
   19142311881.3623945404363767002985928      
   18695132261.0342430111269743127789889      
   18242214777.3632446780381027707225817      
   17783511781.6066164604006169794914200      
   17318975435.5483329876393850598642537      
   16848557712.9910149715223243404838964      
   16372210399.2623623174063988714135861      
   15889885094.9457172545245329495402974      
   15401533196.1897751072226016986401365      
   14907105927.9578688917659894047850131      
   14406554330.4491148744886356512555880      
   13899829243.5284705505196280240010976      
   13386881322.7716993411117190058866022      
   12867661033.7927232224908683850271488      
   12342118658.0983380447494023113350099      
   11810204286.0569547456692785616830317      
   11271867831.6279526129887761521248756      
   10727058985.4335413605828064250156750      
   10175727289.6823726070377423817336229      
   9617822093.27163326650834032337294471      
   9053292544.74340932624236427839133221      
   8482087610.11585589490950976242323397      
   7904156067.00053569280092349775324002      
   7319446506.31909047958293646517113955      
   6727907336.41649787915058489085010218      
   6129486758.40163525008757239521670666      
   5524132802.47512075092361019889879352      
   4911793326.21330739163294261576671927      
   4292415981.50978334224264415935034931      
   3665948236.44003303104793253450524586      
   3032337372.26984583818651743109468074      
   2391530484.29494650803882069585723244      
   1743474481.59409042700298676802839840      
   1088116080.80757075449425795779481847      
