   44856507528.4362550898475737720593434      
   44856505816.5912681420933838599343749      
   44856503817.2903837221959070483111968      
   44856501519.9941381429117095817414927      
   44856498917.4579611052606109910659642      
   44856496004.4255687887969297142191618      
   44856492775.8051935404851634955267243      
   44856489224.7523121052229668454628299      
   44856485340.4807827662234519015050132      
   44856481105.9482665128295229234718420      
   44856476495.6654216355241161273147155      
   44856471473.8713420267031744330766197      
   44856465992.8402648520537510107672106      
   44856459991.4362580303118553209312196      
   44856453394.0713404999702845462836939      
   44856446110.0230989684808704883763051      
   44856438033.0974951543086438943711259      
   44856429041.3964773542861795311519849      
   44856418997.5969087553196826843716907      
   44856407749.3046607579941349127313053      
   44856395129.5675370697763467582231946      
   44856380957.4249878054871425349299060      
   44856365038.7875747063926831480193164      
   44856347167.0367263517924114702864341      
   44856327123.7359557819823953126609582      
   44856304679.2747458001829151732569051      
   44856279593.4277380837026567089957294      
   44856251615.8817523714256542186423538      
   44856220486.4604522338899453177578630      
   44856185935.4885095011314512781214365      
   44856147683.6931999809972896568412085      
   44856105442.1956279560955495174993598      
   44856058912.2111103322956821463358806      
   44856007784.6233101030110505419058872      
   44855951739.3655962179224490471516366      
   44855890444.6991469055596112675237680      
   44855823556.2050762697476589212853061      
   44855750715.8136624575632169907723883      
   44855671550.0285737401217058000427727      
   44855585669.1022484233482278739877116      
   44855492664.9997363716692520379676834      
   44855392109.5137160182584262385987743      
   44855283552.3092160716228266248614881      
   44855166518.6655624687181622465706830      
   44855040506.9653286327864864597249408      
   44854904986.0045375389601909475333496      
   44854759392.1756058264907001814791359      
   44854603126.1522483976513746416066823      
   44854435549.5963784823247947097979265      
   44854255981.4950148860290990588497234      
   44854063694.1024528202418476115595055      
   44853857908.8060744975066093260663905      
   44853637791.4147630042687908028446822      
   44853402447.6507363619528542952654680      
   44853150917.3638292331650994714955575      
   44852882169.3046139447594282034499058      
   44852595095.0106959192381061094208154      
   44852288502.4284794024927474176958605      
   44851961109.0087095656630882253364256      
   44851611534.5265851526688016393914876      
   44851238293.1407787203872079954330191      
   44850839785.1770529544390281531176347      
   44850414288.1556906140043906880394086      
   44849959947.6167823528917603094282528      
   44849474766.6605271809413070950067677      
   44848956595.4930472270552616515325362      
   44848403119.8120813458443955212337164      
   44847811848.8800221111264381015827826      
   44847180102.2883442058183683096666203      
   44846504996.3119434149773087410997536      
   44845783429.1608287049736771329154430      
   44845012065.2289099539345928143154667      
   44844187318.5540387026367334927667518      
   44843305334.8679634923020087287339820      
   44842361972.9933261013071862935494711      
   44841352784.3866204252322227095908125      
   44840272998.4586600154619558983118253      
   44839117475.3681712940130596794306502      
   44837880716.9870152278053497811362349      
   44836556819.1316242195141521394929858      
   44835139450.2856908302527188304830548      
   44833621823.4355744916664793530635594      
   44831996666.4595144327898118263264897      
   44830256191.9392832234015600042722675      
   44828392065.3731210645435517174278854      
   44826395373.1080779762486641770032391      
   44824256589.7299855789868151232840100      
   44821965545.6747210484242718215338769      
   44819511395.4276410907995838151922826      
   44816882587.0173099487572441558406528      
   44814066833.8994781541402855004010546      
   44811051089.3376464881424712960608299      
   44807821524.9809014895632805260829773      
   44804363514.0532385844846929765862963      
   44800661620.1008503875974544015435397      
   44796699591.8399525730177130645519963      
   44792460365.5246988206329337529477746      
   44787926073.6865816324836228586285788      
   44783078062.1186953517987199656415424      
   44777896912.8926212369096250456518765      
   44772362474.6794049397624160979073398      
   44766453897.9142390612969047872935786      
   44760149663.9477106513124807774765653      
   44753427686.5814619339639965837868467      
   44746265255.9853452849982396316468895      
   44738639139.7750368078593580701354693      
   44730525683.9900668593239946701458061      
   44721900766.7151029187665195573321017      
   44712739894.8113256894736619396714365      
   44703018237.4535249562867993029133494      
   44692710675.3291075519909425239379564      
   44681791848.0244799137773064482140370      
   44670236207.0541410681657928653597396      
   44658018073.1367106058333573082619706      
   44645111701.8956193767511895475714153      
   44631491356.2621742763622748678936322      
   44617131380.6237278387652657207974329      
   44602006300.3257711297602601560388518      
   44586090875.7991172828489012763639437      
   44569360193.9019050942848171356114903      
   44551789723.2769991063553768061033218      
   44533355355.1527900162448581697303295      
   44514033422.2747986347454069845510997      
   44493800694.5148483452214008392871771      
   44472634352.8631209376920871618339948      
   44450511945.8936498561760714812050782      
   44427411332.6209672020656336249968141      
   44403310618.1895709642824046186633290      
   44378188085.8401095314923044737576878      
   44352022130.1666016076490744488129418      
   44324791221.9486321192423041956012984      
   44296473733.2085827870909701682068443      
   44267048070.0418884530291507767639651      
   44236492499.8882450536658942012882069      
   44204785147.6566280388864755248716999      
   44171903964.3767538134004675523723611      
   44137826701.8408028774384450259193600      
   44102530892.1737479633824386690198440      
   44065993832.0488527327500777482833315      
   44028192570.4780893063333004670108476      
   43989103900.3936903415821908509302054      
   43948704352.3693726388487645227334544      
   43906970191.2136449972947485429268357      
   43863877414.0392528773919591243093944      
   43819401750.0774806665102901895541697      
   43773518661.3655639478174856559719279      
   43726203344.4165174855419946823765803      
   43677430732.9917304417174267630574764      
   43627175500.4519520125139415154756992      
   43575412063.5361003396145142241380341      
   43522114585.3704666486700279112017823      
   43467256979.4531143221331589535999050      
   43410812913.1130590712758109269750236      
   43352755809.5885805917574425604672460      
   43293058853.5127335347449240012935640      
   43231694993.3882724662477099351399645      
   43168636945.5818831579608769288422607      
   43103857196.0978967604573718700101427      
   43037328004.8080760535145185686957785      
   42969021407.5453923379751985601927225      
   42898909219.0741437638851024734093415      
   42826963035.3656084548158127789870660      
   42753154235.9352928067055341861924272      
   42677453986.6351648805477641096712063      
   42599833240.8352724021209811948725434      
   42520262742.7126359412778518032928165      
   42438713063.5267246580622733390053076      
   42355154461.1012813980254913959461201      
   42269557094.9674134783542330618417561      
   42181890885.9794790143439395196376443      
   42092125552.1717793827139373178952846      
   42000230612.0211808684339010210491264      
   41906175383.8857937926246004110339745      
   41809928988.7036375247939406022182572      
   41711460349.0729426111359737611741345      
   41610738191.8899419745524288005867662      
   41507731047.1424390022682004317873377      
   41402407252.8858070936999350991406666      
   41294734951.6731807444173274576970887      
   41184682093.6591727960590560704681549      
   41072216435.6507473216595690161269330      
   40957305543.2096009899616260066726496      
   40839916790.5511839227022564330904669      
   40720017361.9749479186202340813165191      
   40597574250.3670483235707676331280982      
   40472554260.1642159752185295860580121      
   40344924007.2632113099254199129640391      
   40214649916.7650290503626142079443576      
   40081698227.5573266193634754894806362      
   39946034988.4765801339540326430305234      
   39807626062.2619716700668522166568799      
   39666437120.7656600716738205360506939      
   39522433650.3222110626326557381032846      
   39375580951.4670878285330453968636917      
   39225844139.5312150703109960855607115      
   39073188135.3049610952701539637812349      
   38917577682.9140745609536340337734467      
   38758977332.2375130202245823495568124      
   38597351448.6815762652785025157042331      
   38432664214.8206785012350187868562703      
   38264879624.8157104137423950528922092      
   38093961490.7401615063898566917035382      
   37919873426.1954916841959316958707374      
   37742578873.6262679965560555737774588      
   37562041086.2691994272870003717800850      
   37378223113.2224238466993481278850234      
   37191087853.8055487612832202836642832      
   37000597997.1751116991023173681775180      
   36806716039.7119969481635035733125639      
   36609404311.4121127249639797270043447      
   36408624947.8730320544170782514542374      
   36204339898.9794730388304486091400808      
   35996510929.6474060831180147620445722      
   35785099625.2027775439111481729003007      
   35570067365.2808930053223512745088570      
   35351375365.1229276914252689288537459      
   35128984642.1347602791662336343262861      
   34902856029.5880023635363818063185106      
   34672950175.2248277903273632649545518      
   34439227550.9838391896421701025092856      
   34201648429.5732450961351014929144731      
   33960172905.2011030517115847893948431      
   33714760875.4639193000568279188387629      
   33465372057.2196960535064098330100827      
   33211965993.3131097944323612989492562      
   32954502023.5211466994938418874493245      
   32692939306.7483579689173550335456207      
   32427236816.0441530459629630549153158      
   32157353336.2450833509654616564704887      
   31883247469.3286258942552181689138068      
   31604877625.5957981695596336058689835      
   31322202031.7041409344248563862077421      
   31035178727.2545349548233554621190163      
   30743765564.5464850230120975380995059      
   30447920208.7468279357557576252643552      
   30147600138.2062612147365997248989207      
   29842762643.5547814117833992830052165      
   29533364826.1221248774361921792401923      
   29219363607.1461141201984637126923660      
   28900715716.0188798570524939496084491      
   28577377693.9011091047715421032209107      
   28249305896.7909598764858767591649713      
   27916456492.5495868430786291260885756      
   27578785456.3043577616954283802338710      
   27236248589.8701916261739443278407601      
   26888801494.8142774432555239014522745      
   26536399585.5700609288458975030011150      
   26178998094.5894489136205601083760517      
   25816552065.9688876714345801761217703      
   25449016353.7884226684927453187664833      
   25076345624.8919837073984827196491958      
   24698494356.8229056159518011464611453      
   24315416840.3024784491029285463880650      
   23927067180.7208850929090837148334946      
   23533399290.0570983721265598081182038      
   23134366900.1234488530229079813265251      
   22729923549.8588320330444579850714012      
   22320022592.3815654851516691683358182      
   21904617192.4628514011731807316515082      
   21483660326.6288911519786489399884566      
   21057104781.8475372658413432211090946      
   20624903148.0333151646762994279151960      
   20187007846.9673213950062978169460671      
   19743371102.0973081787084442154808242      
   19293944948.7362353104061712333656807      
   18838681232.4962932151322207280502101      
   18377531614.8038324107945994796410047      
   17910447567.6714433211028107815197332      
   17437380373.2577322075721267690830043      
   16958281129.0523637085669777033578516      
   16473100742.2775892141417229870768562      
   15981789929.0368241185848048703693862      
   15484299219.0705123009011601950858081      
   14980578958.4492817782112367360863656      
   14470579302.3464397528914632695551276      
   13954250218.1597208139185498552618314      
   13431541485.9581995479528132310136123      
   12902402695.8762896357738403829359864      
   12366783246.2048570366647259225324450      
   11824632356.6626078188847306117259645      
