  -8.04860435188799773608929068227858478E-0002
   4.50283194741212057726274261499677727E-0004
   9.25656789211869487909656328938137468E-0002
  0.187437222606652397139228880675942473      
  0.276058266165150573497739650610629943      
  0.349748057728446821206746729264444106      
  0.401297265399263189246078517076810490      
  0.425799934214569699610157449515461117      
  0.421046434352109326764307478679059261      
  0.387906269253230269231405374116174664      
  0.329914218943402639423793962069125368      
  0.252798151532806627136522704516981534      
  0.163797768405822618112750923324272694      
   7.05544790144703454048812104034164807E-0002
  -1.94735206233853213207730709801800517E-0002
 -0.100059532017216028782092386598710056      
 -0.166346610679600043468296608146658819      
 -0.215574236330199887810248419101128891      
 -0.246453445545720897381582063872718927      
 -0.259511645257505895455272377011556084      
 -0.256268658174938737936990583450676939      
 -0.239383014464252625540677743360783483      
 -0.211554602681157988190913400051040877      
 -0.175891826309676862826497738450950594      
 -0.135109102998492787556677325290578404      
  -9.17546517736413116829378039041793457E-0002
  -4.77438192911382311085821314788446358E-0002
  -4.74802923676639289413941455421778415E-0003
   3.62393991363164930293008680966130207E-0002
   7.44777260654317226628984526014121961E-0002
  0.109696946315220451844338174130628911      
  0.141779197021456241742756994061942752      
  0.170894865989270874101592274343591319      
  0.197284974718608609281935591601805507      
  0.221778325587279968949397471083188457      
  0.243887024370008490393002289224222660      
  0.264038225826265064362897589320300239      
  0.283328470903528624498535338296253466      
  0.302496330389258400232297821539378951      
  0.320958340555297030118689956558363482      
  0.339275981032743122922199266690317496      
  0.358326521013277771691818342763288477      
  0.377195043687888558559557165217642940      
  0.396423692299691125837543900472241336      
  0.416201808376136228269923014308636715      
  0.435924664941962499907368987106051987      
  0.456517699908064356889204702724646044      
  0.477482983560807352243642467003948116      
  0.498267198048158756525006197207420601      
  0.519375640769495325731614760502392602      
  0.540296001739866408265363756182907017      
  0.560933427369827452332250299824593968      
  0.580437277692192084903653275070850465      
  0.598615408437794439031650661777131431      
  0.615686391754754762587762855579211043      
  0.629753033130711833818244231412067335      
  0.642653700853026104456837859364290637      
  0.649949781208674959814549703942206681      
  0.650639664020661204884423812851374871      
  0.647435743110224451535263391660525314      
  0.639428777421801265066751161922517883      
  0.629132620652482922237903834888505732      
  0.614779175487867220819722170080654120      
  0.605713289059063793189523672193558780      
  0.609266339943587755189411226931078533      
  0.650486456606580256526631297910567997      
  0.777735058645519005689578145873212031      
   1.09406820548048694053655161198195171      
   1.78664244442543189673778980376832914      
   3.01534192208114248366011716108018028      
   1.58944802249683411428922253820012984      
  -18.1039058867134928727626658639359365      
  -41.3114158480080245979522279268809865      
  -43.8103128769791355340570429152481358      
  -22.7204726151021439379119954400628119      
   10.0000668098186822538448806330737821      
   46.6254708701998303409611846493610503      
   84.4693405562330045680233681670363267      
   109.527643350101981945732023248519569      
   125.565601709916147542033384853577635      
   124.891453254213755389544241659345215      
   94.5352476597894380576207407594734292      
   41.5010943016966887552089194716488431      
  -24.0979766977173542612095006893314779      
  -109.587123303121403844780278822047217      
  -192.077517779262941523295805686013964      
  -252.599339809372977070696780010026139      
  -284.400045353411017530834659884469805      
  -285.559069349437949022262637215666847      
  -246.409865632985590084867713723740751      
  -161.024655139877006373269487442480104      
  -57.5931016712997131119903072669364599      
   53.2871497438727504005513774460774130      
   168.133478327531682070838472482484631      
   262.584953164865784864322182849436951      
   319.184050656057360186995945762199316      
   331.284208976504447825497401090786636      
   309.015209625400561823499183503579998      
   247.073527876588207945310360553823957      
   150.473626273010634449619070550338648      
   51.7645035356450235695864610765712268      
  -42.1158501322689112134258638738820205      
  -119.843549644692425145494861313614320      
  -164.906434729119878695083566260115718      
  -174.359273772599619304728569058895352      
  -162.849015555061967713066203745232773      
  -131.136301415830392645664461998358184      
  -100.088248716121862509936415524437784      
  -71.2128796377147014977801424405460475      
  -39.1977653089384180046666119645206746      
   4.06828134747496234256728339038152025      
   32.6322958481974480248765764470158825      
   39.5769884551994395674868541259855677      
   34.8254403619691170773589837703090878      
   25.8446962930684042242281286920450708      
   17.2126362022220285296551252846834000      
   10.7716312692804824448368982053512406      
   6.56505904540010772306530372657859425      
   4.03511279653399107436467000423955759      
   2.57793624999504560461559141979130385      
   1.76783256073765250543179107323386151      
   1.30177710155607442549756206723902121      
   1.03414058421709154802673508520051736      
  0.862346370057759281541754735817280062      
  0.745662173686382193367467484629028624      
  0.652396739561708369930764375218504406      
  0.581279170461283445428386098118478089      
  0.513998622337131411103231606195532960      
  0.453081256981770984208721537255921184      
  0.397723690598786042328328674277060600      
  0.348343035991940008334028208885047055      
  0.304197171832711343559101584385777711      
  0.271186616488506428405690921843606651      
  0.228927190202517952850436671299229405      
  0.200047067872179405808284807611717843      
  0.172474328463363186811694330251284786      
  0.157642159494904307581815906072835877      
  0.141100106534024772967692644043613453      
  0.132540986611874739985957798261065883      
  0.119658201376327673520882721416852543      
  0.108102053800324055311328817941805017      
   9.82440823857585509860312893551628615E-0002
   9.06802793858920120882475859788448344E-0002
   7.54736475659471584046719516997821921E-0002
   6.87087545035107266075897018710959328E-0002
   6.38009492114876079197048840836553038E-0002
   5.30554960635366597417517425421721230E-0002
   4.82151139599400935297279602456214419E-0002
   4.51366284203149577145776117716686095E-0002
   4.62762517650880087469330724384332728E-0002
   4.37380017445964888479985656709956514E-0002
   4.05130742664019815052806681132880680E-0002
   4.79676087511747859724485210871797771E-0002
   4.64762133528765908245575122939776970E-0002
   4.40281122516733437628182705990242559E-0002
   4.52986860029469600112064422740693611E-0002
   4.25816978973936389018790355668934974E-0002
   4.02066351357104287084622596390324506E-0002
   3.09559699117998589745293894906801375E-0002
   2.96535325565402409913505136089679462E-0002
   2.85897488721221172279544434397615584E-0002
   1.89427770498781956524252549759929725E-0002
   1.92867749052157227885486212599889273E-0002
   1.96549312969303043626101992690344657E-0002
   1.79070492343350324987220271254224497E-0002
   1.75472878243391912315948292175560979E-0002
   2.41191195831558865479408627008482832E-0002
   2.22425208186151184435875156323969003E-0002
   2.65134959592142662787899328903441580E-0002
   2.11632023076058788021991795429226011E-0002
   1.93725645309761619088270265529980451E-0002
   1.02902097378505626761547103974462888E-0002
   1.29999630950968945288920031730478008E-0002
   1.30625382771381082287930284609046727E-0002
   1.26728277768764450145847170896313569E-0002
   1.27953934149390803560652900291463083E-0002
   1.31554560397967735306915489042621018E-0002
   1.23118555481344850714984213639344971E-0002
   1.25097293095954292808262266083344866E-0002
   1.17714337280706646783488768476384304E-0002
   1.18488733435469157671157619765185667E-0002
   1.08855271531473426366156559737985681E-0002
   1.05368593951981640039242888308524779E-0002
   8.98817124947122401162532746187041402E-0003
   8.05455475133382613464532875287763192E-0003
   7.34637842729231901063318621132618894E-0003
   6.97513604314798521638567483566028650E-0003
   5.03580066561673322758459878603558906E-0003
   5.83679075043743347089565719131284060E-0003
   6.07234332548919009205074148474430792E-0003
   4.59702547812403261881474031893242070E-0003
   3.95497531469860058939233284641062593E-0003
   4.46343170282472004198201204146715675E-0003
   3.88787024539748152359136006052125121E-0003
   3.94719240339160850471212499774675420E-0003
   4.21585553511484832043293161411825216E-0003
   3.19682583027060068633022475953434517E-0003
   3.91941735376363730671492978536366071E-0003
   3.63898383133401046096412767139814228E-0003
   1.14798640424004436492838959481275827E-0003
   1.83982401473152247272506163728911633E-0003
   4.67542213224195240327057753857893396E-0003
   5.48605073341511630914728691619498965E-0003
   1.68575937209670730309029564827779262E-0003
   2.56463557485037440511292126313478723E-0003
   1.41477674141211735113602338185167323E-0003
   1.13274295122212205630609992028470676E-0003
   3.36940822568111706526532999944621266E-0004
   9.05453920471091675170582809701889286E-0004
   5.10698655741645811490469236257968748E-0004
   6.23478977110291847816103225362123013E-0004
  -4.63210935834115799217395535354950559E-0004
  -4.23750854714969105596230342080791913E-0005
  -5.25127245135645532011742627939577406E-0004
  -8.25505282700150156273346279157049075E-0004
  -6.21181805120760648240428882610875888E-0004
  -1.15335156753169438671146061988355930E-0003
   3.67709460759788835272882654042210033E-0005
   2.49183263593169241666248227333965182E-0003
  -9.62927461171402159747815863911812720E-0005
   1.58069916399373088398530775235239695E-0003
   4.17626389160025491135688904972305125E-0003
   3.15494021756106181304676248784956220E-0003
   1.74902797916450094907883582242206283E-0003
   6.50225143457165832263124785610498142E-0005
  -1.92539647290110226659500812523981889E-0003
  -3.46750267833810766568986385063018906E-0003
  -4.23197367187756079001710862500776515E-0003
  -1.75241717523214008533584029250954236E-0003
  -1.11089593222921921871470234869838050E-0003
  -1.16550697135604886506117271725035628E-0003
  -2.71956066619336739902040736353928669E-0004
  -8.00996989169006935144032165278452388E-0004
  -7.15883436985664681158351181592364195E-0004
  -1.81362285314154505344449447828867243E-0003
  -2.60231273252651219766648820451722312E-0003
  -2.99127227110909056945576737002544153E-0003
   6.16820406287829565993981096439725355E-0004
   3.32983614468701777435583736797820228E-0003
   3.40916251844697829766704515915323333E-0003
   2.41723757096720826888025359973102732E-0003
   4.55998518427425046320103228008201120E-0003
   2.29803782884143815774748194090589537E-0003
  -1.52685996505916892706544760529379476E-0003
  -3.95618075981490583636251821770141751E-0003
  -6.02086727604073155908488140645437676E-0003
  -7.06819866317521021947076055157352026E-0003
  -5.43327673262404375014298418629033819E-0003
  -2.41758412556688056000219755718646449E-0003
  -1.71141951399301272580099051659388107E-0003
  -2.93202278568835503740148533046692385E-0004
   1.27604520691968286685081592446878863E-0003
   3.50644478071656777401363729643479887E-0004
  -1.48608025043150675323230344970013314E-0003
   1.04081650915688511924337625372685870E-0003
   2.21411818372029464613030107382557641E-0003
   3.24783823065402332013448364517424875E-0003
   3.97101877490772633329719848971711082E-0003
   3.12587458445224420300933682345029367E-0003
  -4.97262458385842259668743086735603110E-0004
  -4.34834426031347722462330717272616254E-0003
  -6.12080558025886527412953699691184560E-0003
  -6.93495148164283832764746892182178838E-0003
  -6.51744329174407894345233584347246838E-0003
  -3.42192245439577051546011367383714226E-0003
  -1.30699486327399863491641969230084579E-0003
  -6.45125191429200867897270242128971064E-0005
   2.30998318538685878855873710440839472E-0003
   3.68323294636831352191857993300897730E-0003
   2.34437335518620771270062529218273102E-0003
   1.02558092431708655116406010600566428E-0003
  -2.35489972382680017305494225252181701E-0004
  -2.19866054190713975357895483577152632E-0003
  -3.90582140020772722604986914948146323E-0003
  -2.24345886369395081603349970573189744E-0003
  -6.48103905787361351365699326122291202E-0004
  -1.10339186293497160299369842360501654E-0003
  -1.21528666856721007105259425405139240E-0003
  -8.12940186221097610611732045275225169E-0004
  -2.25191442845530476435959868711724638E-0003
