   44856513692.4370875820616909645681816      
   44856513688.1125401532523852900750760      
   44856513678.2781559303648738609794428      
   44856513658.2701157678095149820803494      
   44856513620.6975897028516863391612926      
   44856513555.3428827572169246967910704      
   44856513448.4182770833464549404938716      
   44856513282.4012074606703226735713674      
   44856513036.0905794693379328638171594      
   44856512685.0099063830526006879066720      
   44856512202.0341124809412173084911502      
   44856511559.1050030027512488746109852      
   44856510727.4903270494504538168818522      
   44856509680.3118000171208357064105959      
   44856508393.0283921383002315527385465      
   44856506845.0951119046479287185114466      
   44856505019.9643858208296282891519016      
   44856502905.7327785493947754722347313      
   44856500493.9253238935082529866017503      
   44856497778.6877706000471924151129728      
   44856494754.6217972040832777844551927      
   44856491415.1242644346209688325337424      
   44856487749.2556317442497526907671431      
   44856483739.3354819921194569414827614      
   44856479357.8770587935609095839259065      
   44856474564.8193313227110097645339714      
   44856469304.7715740226201014726824911      
   44856463504.8072364689219620472568754      
   44856457071.9252484024044575766324174      
   44856449891.3518546182345202057180915      
   44856441824.7975899981684185868858083      
   44856432709.1970625832697444851922464      
   44856422355.5305215551499060741514697      
   44856410548.1136633805544992283767133      
   44856397043.8739988485912948667860922      
   44856381571.9424865240089591221441263      
   44856363833.2207826498966258374891092      
   44856343500.0239270657253561601742017      
   44856320215.8256258748057779122295378      
   44856293594.8932218813323801987193040      
   44856263221.9288019066827107897062547      
   44856228651.5345912686826783074373481      
   44856189407.6144572777041551003737174      
   44856144982.5804873526011082873988316      
   44856094836.3791142051532675638067577      
   44856038395.3183684420878315412287717      
   44855975050.5261932828323765894172295      
   44855904156.4593523381323316137050860      
   44855825028.8788468501415575458911397      
   44855736942.5314253918871922754953196      
   44855639128.6227590983935291365146623      
   44855530771.9154461472092925431887893      
   44855411007.4846888980995268705964646      
   44855278917.0604293800447245885066907      
   44855133525.0122945967167052201111193      
   44854973793.9858588574674375434523425      
   44854798619.9682680890728995562787014      
   44854606826.9704373390167200417555743      
   44854397161.3616268267113251960829177      
   44854168285.4611528655281806634758441      
   44853918770.8428085231649088370566607      
   44853647091.0567717593029935450482156      
   44853351615.8635935014425410665706910      
   44853030594.7120131718204280017487058      
   44852682159.3097115700993839067524438      
   44852304306.5040667028881055892671049      
   44851894890.3283409231687827555184700      
   44851451610.6069207292564931836019056      
   44850972001.7890263216362796564982981      
   44850453420.9132284406829209328599841      
   44849893034.8197530918480927789204133      
   44849287807.0012529304421039273688946      
   44848634483.6885435170110753340389059      
   44847929579.4758623822862174590320428      
   44847169362.5744443022449165718713447      
   44846349839.4461829786753952439850923      
   44845466739.1130728151494439091610610      
   44844515497.5528844761209219079362133      
   44843491241.1871602670913317602777572      
   44842388771.6258654857141560887375938      
   44841202549.4506861092472902998750037      
   44839926679.2470905166368273520704021      
   44838554894.7615162179380868853227736      
   44837080545.7622746577542304371263234      
   44835496596.4793306495963096587103174      
   44833795578.1080247851479450010200060      
   44831969636.7812151490295818605525223      
   44830010499.8448796569925052123281581      
   44827909491.2850401121838879181021819      
   44825657554.0359124902685276853948995      
   44823245297.0532238809958061614893841      
   44820663084.8440081166190829979940226      
   44817901212.6062316269111873989133840      
   44814950257.2258942609957075558601522      
   44811801855.9281234005253541328579235      
   44808450534.2246801710671001683908562      
   44804899756.5903076598811885110855053      
