   44856502083.1271294247205683776036800      
   44856499564.0741574453731033251846557      
   44856496739.7303205528992829302804489      
   44856493604.5143076237352893336775138      
   44856490150.5561148739618093275714943      
   44856486364.9161501894899674089892215      
   44856482226.7220763321689729423920870      
   44856477704.3205449802876898710083995      
   44856472752.5281936050252376871847769      
   44856467309.9661515860228368249826657      
   44856461296.8308446713268078483765529      
   44856454612.5974950727009963998406787      
   44856447134.2845942849940453886743498      
   44856438714.9427877071879036572447981      
   44856429182.4193124389347966549346996      
   44856418338.2597891529611167937246713      
   44856405957.1607109482173329488013107      
   44856391786.1791573407618182744766364      
   44856375544.4754246269367661661830252      
   44856356922.8233246600015395192159386      
   44856335583.3409404021007580709940543      
   44856311159.1266720420737933583602340      
   44856283254.0263601899516592593122818      
   44856251442.0949329882822673528833078      
   44856215267.1109784853877340278590870      
   44856174241.8766154453673444766187280      
   44856127847.3955066841381831016497103      
   44856075531.7979439119860215273213468      
   44856016709.1232838427098797310238376      
   44855950757.5966931184192959071626856      
   44855877018.2000896737393022665006848      
   44855794792.3812087940907294304735685      
   44855703339.7442299136536188409439964      
   44855601875.3299326260313810017938403      
   44855489566.6378802958588515511097697      
   44855365530.2316480608994241182616391      
   44855228827.9165873329886856960062702      
   44855078462.6812373546808244761272671      
   44854913374.0508166320008356272428416      
   44854732433.0634683434455889803794798      
   44854534436.8518807584280682890839683      
   44854318102.6385139861133616534568014      
   44854082061.2870276464904236424587693      
   44853824850.4383322587947822838220159      
   44853544906.8868121393594365362372488      
   44853240560.9770795219035750555377663      
   44852910019.0752643523892018886389704      
   44852551366.8161907258552642268316516      
   44852162551.4845061924131300270069906      
   44851741373.6796875629624053148435874      
   44851285475.7566653283726875464211600      
   44850792330.5185629209169655554332780      
   44850259228.9047858760126788390843911      
   44849683267.0709587136501872578688151      
   44849061332.8901011856164063812346119      
   44848390091.9814866400594060432173379      
   44847665973.0922212209469655943926090      
   44846885153.1939949460412303106679248      
   44846043541.9217190918973863099360470      
   44845136766.0461414763551157519293536      
   44844160153.3527877927240702416719509      
   44843108716.8629314497618177270391228      
   44841977138.3147362551762026762703876      
   44840759753.8932417717082904859313580      
   44839450537.9171875127658622789889111      
   44838043089.0620204130520317767802406      
   44836530626.7264050798887748099025524      
   44834905946.3242939131973716036331980      
   44833161458.5174875652822702808538378      
   44831289154.9319790882935947902662814      
   44829280617.9408669018695031531413679      
   44827127033.0900615257542185790186698      
   44824819216.9071517043046924510526662      
   44822347678.6510910054537276584613014      
   44819702731.3259536302334534820174226      
   44816874716.2194420834393109468587737      
   44813854460.1997963867580322533057214      
   44810634324.7831343264807820537684123      
   44807210866.6531072563222415237704422      
   44803595333.7612864647963651308489060      
