   47.206743909076955        64.250639822602508     
   47.192140280581206        64.242505273311195     
   47.176519497436132        64.233759178673608     
   47.159881031503083        64.224399597388583     
   47.142228711897467        64.214428146549935     
   47.123570404355931        64.203849857038307     
   47.103917636045487        64.192672969151502     
   47.083285169958678        64.180908673766666     
   47.061690571889294        64.168570827309964     
   47.039153730109547        64.155675616706517     
   47.015696391752329        64.142241221720170     
   46.991341690363321        64.128287456856924     
   46.966113673985404        64.113835405139113     
   46.940036857543468        64.098907058190690     
   46.913135789461805        64.083524960999114     
   46.885434635779305        64.067711864420673     
   46.856956800645044        64.051490399574362     
   46.827724560936204        64.034882761501351     
   46.797758735044930        64.017910416215500     
   46.767078377878583        64.000593827026748     
   46.735700501964537        63.982952201163343     
   46.703639825676916        63.965003257686455     
   46.670908545754777        63.946763015685661     
   46.637516132220071        63.928245601622294     
   46.603469146414291        63.909463076424885     
   46.568771076167501        63.890425279405569     
   46.533422186952741        63.871139686274034     
   46.497419398027496        63.851611289132130     
   46.460756151118716        63.831842476337442     
   46.423422313115985        63.811832938894241     
   46.385404070594845        63.791579574961119     
   46.346683832162270        63.771076408664030     
   46.307240094153777        63.750314488111812     
   46.267047547832099        63.729281908518168     
   46.226076705647735        63.707963608350006     
   46.184293989573739        63.686341386417148     
   46.141661595498107        63.664393816598690     
   46.098137393272687        63.642096179136018     
   46.053674819759628        63.619420391685068     
   46.008222753440499        63.596334929046861     
   45.961725386859420        63.572804740231334     
   45.914122091391334        63.548791171119262     
   45.865347254098403        63.524251860254132     
   45.815330108174166        63.499140637832511     
   45.763994532197387        63.473407399739358     
   45.711258861023424        63.446997996500350     
   45.657035641699224        63.419854081262805     
   45.601231401204700        63.391912968678980     
   45.543746366663186        63.363107458186477     
   45.484474198478232        63.333365672939479     
   45.423301670840303        63.302610852838555     
   45.360108377737767        63.270761175034281     
   45.294766388292174        63.237729528561779     
   45.227139929875122        63.203423311927580     
   45.157085052454022        63.167744212187920     
   45.084449313689710        63.130587993894004     
   45.009071488094406        63.091844303895840     
   44.930781307527702        63.051396483550796     
   44.849399288644889        63.009121440544270     
   44.764736605335614        62.964889535786725     
   44.676595098278575        62.918564558495973     
   44.584767447833812        62.870003796289545     
   44.489037473585405        62.819058175465472     
   44.389180697049980        62.765572571313754     
   44.284965164708787        62.709386274962355     
   44.176152546103225        62.650333631277320     
   44.062499574608573        62.588244895418576     
   43.943759827141562        62.522947304919541     
   43.819685846715664        62.454266375030031     
   43.690031569266090        62.382027405311277     
   43.554555037902503        62.306057168918507     
   43.413021231270548        62.226185718381274     
   43.265204995207533        62.142248256237828     
   43.110893780826494        62.054086938388686     
   42.949890102922033        61.961552522992449     
   42.782013526064873        61.864505752429523     
   42.607101984268127        61.762818348061991     
   42.425012327197052        61.656373539893494     
   42.235620058332032        61.545066095871398     
   42.038818219068382        61.428801829552384     
   41.834515555786510        61.307496638365343     
   41.622634077046541        61.181075148274061     
   41.403106194158283        61.049469070782074     
   41.175871644417718        60.912615394905934     
   40.940874390608819        60.770454533395039     
   40.698059697205210        60.622928545429048     
   40.447372776823485        60.469980311186397     
   40.188751475505534        60.311548996923662     
   39.922131550383121        60.147573290255693     
   39.647440774703355        59.977987723664100     
   39.364598961619237        59.802722657578840     
   39.073517377704505        59.621703881239554     
   38.774098450295490        59.434852410846290     
   38.466235845038817        59.242084518466243     
   38.149814753357447        59.043311910420506     
   37.824712456806502        58.838442087560239     
   37.490799085990290        58.627378843987920     
   37.147938599379792        58.410022915457191     
   36.795989916361812        58.186272747231868     
   36.434808309461857        57.956025431185978     
   36.064246935394870        57.719177755209707     
   35.684158657285082        57.475627441923130     
   35.294398084927273        57.225274539853416     
   34.894823954224023        56.968023068706252     
   34.485301507847637        56.703782538233888     
   34.065705905247583        56.432470364617615     
   33.635925295316483        56.154013824795420     
   33.195864652161298        55.868352608798183     
   32.745449979056950        55.575441542256456     
   32.284632925336815        55.275253539440051     
   31.813395861084519        54.967782795328610     
   31.331757346309072        54.653048158170222     
   30.839777959427078        54.331096643716499     
   30.337566440894360        54.002007048431352     
   29.825285977038217        53.665893526463648     
   29.303160581448825        53.322909092638618     
   28.771481326183995        52.973248881897497     
   28.230612268664530        52.617153060702179     
   27.680995880769053        52.254909274186389     
   27.123157695388038        51.886854459159551     
   26.557709964290716        51.513375935854292     
   25.985354141229980        51.134911685321022     
   25.406878425656803        50.751947473052645     
   24.823170985139072        50.365024161763813     
   24.235196429529552        49.974721529940965     
   23.644005345325070        49.581663667409721     
   23.050724064722161        49.186511972539158     
   22.456545603672289        48.789959345749310     
   21.862718357587980        48.392723405180199     
   21.270532537525568        47.995538741009703     
   20.681304579293457        47.599148350146194     
   20.096359813085300        47.204294386214841     
   19.517013914546038        46.811708480637286     
   18.944553708245294        46.422101884860545     
   18.380218051563595        46.036155800281726     
   17.825179561454565        45.654512225205636     
   17.280527921506550        45.277765686740935     
   16.747255452032007        44.906456172601558     
   16.226245483062396        44.541063524379680     
   15.718263891827307        44.182003460490428     
   15.223953970602910        43.829625305121304     
   14.743834606117892        43.484211413397865     
   14.278301549188001        43.145978166579766     
   13.827631439074135        42.815078369683917     
   13.391988140698794        42.491604825701266     
   12.971430881260019        42.175594808719183     
   12.565923684361753        41.867035196187807     
   12.175345613070482        41.565867988740003     
   11.799501372856547        41.271995997202076     
   11.438131932807901        40.985288522289622     
   11.090924787840175        40.705586820190490     
   10.757523691394486        40.432709263305149     
   10.437537793172623        40.166456255840757     
   10.130549689541473        39.906614401677132     
   9.8361228913182970        39.652960521054929     
   9.5538082788865033        39.405265045802786     
   9.2831497074581897        39.163294977392269     
   9.0236888186504682        38.926816420698998     
   8.7749690838383625        38.695596712734648     
   8.5365374667595670        38.469404715320032     
   8.3079541102049852        38.248018264605037     
   8.0887837667971336        38.031216050272903     
   7.8786048476697861        37.818784802445087     
   7.6770088725628707        37.610518394512987     
   7.4836013426351835        37.406218277046989     
   7.2980023779463759        37.205693804634386     
   7.1198470830242231        37.008762413785348     
   6.9487857188793365        36.815249709102702     
   6.7844836911202480        36.624989442775586     
   6.6266213996792729        36.437823422473386     
   6.4748939899158060        36.253601373021830     
   6.3290110081733655        36.072180743182855     
   6.1886959914517963        35.893426477413215     
   6.0536860489936402        35.717210806179061     
   5.9237312923817518        35.543412889698821     
   5.7985944039472832        35.371918628044369     
   5.6780500744106304        35.202620331986431     
   5.5618844864904950        35.035416449949217     
   5.4498947860131794        34.870211280280003     
   5.3418885575357375        34.706914683459431     
   5.2376833142230010        34.545441805492310     
   5.1371060016060062        34.385712809874391     
   5.0399925163111998        34.227652614311673     
   4.9461872373681919        34.071190636356150     
   4.8555425815102211        33.916260550356057     
   4.7679185730599132        33.762800053446824     
   4.6831824367387531        33.610750643494704     
   4.6012082053758485        33.460057403876718     
   4.5218763493246747        33.310668801150676     
   4.4450734242950753        33.162536490935473     
   4.3706917354681414        33.015615135166556     
   4.2986290221606565        32.869862229029870     
   4.2287881560599798        32.725237930281487     
   4.1610768537551319        32.581704898764528     
   4.0954074177726927        32.439228163315526     
   4.0316964799547854        32.297774971182562     
   3.9698647631184918        32.157314659637848     
   3.9098368551240097        32.017818528158514     
   3.8515409896913222        31.879259696577162     
   3.7949088797365893        31.741613093818877     
   3.7398754801572451        31.604855202154219     
   3.6863788375836095        31.468964049227427     
   3.6343599199944743        31.333919097017457     
   3.5837624622765638        31.199701157250914     
   3.5345328129457005        31.066292302328524     
   3.4866197974003681        30.933675785570710     
   3.4399745850042858        30.801835968511600     
   3.3945505658845896        30.670758251046056     
   3.3503032334913940        30.540429003199090     
   3.3071900747169534        30.410835501635670     
   3.2651704664739709        30.281965872589144     
   3.2242055808604224        30.153809043779471     
   3.1842582958059911        30.026354707790933     
   3.1452930791031752        29.899593156765455     
   3.1072759538320756        29.773515419185024     
   3.0701743895784994        29.648113093233551     
   3.0339572413702429        29.523378348017744     
   2.9985946727749138        29.399303863405152     
   2.9640580954406133        29.275882797181495     
   2.9303201093424218        29.153108767980115     
   2.8973544426384121        29.030975804730403     
   2.8651358972127987        28.909478322897559     
   2.8336402966283161        28.788611091963567     
   2.8028444372495924        28.668369210037071     
   2.7727260457137279        28.548748089499639     
   2.7432637285115913        28.429743410318714     
   2.7144369358434237        28.311351115240587     
   2.6862259171478344        28.193567371286292     
   2.6586116913020490        28.076388574966096     
   2.6315760061367883        27.959811312033022     
   2.6051013065405613        27.843832348778292     
   2.5791707027912900        27.728448613967938     
   2.5537679406529432        27.613657182871204     
   2.5288773730364134        27.499455263511496     
   2.5044839330923874        27.385840183359239     
   2.4805731084930089        27.272809375275660     
   2.4571309173505953        27.160360367597075     
   2.4341438850221713        27.048490772231187     
   2.4115990222977999        26.937198274457394     
   2.3894838045472064        26.826480623328713     
   2.3677861531828799        26.716335629147618     
   2.3464944118964866        26.606761132203815     
   2.3255973364008846        26.497755029849539     
   2.3050840721496990        26.389315244359715     
   2.2849441378838073        26.281439718469187     
   2.2651674168129490        26.174126435616103     
   2.2457441318393356        26.067373373099322     
   2.2266648384300258        25.961178524979484     
   2.2079204095005327        25.855539890610288     
   2.1895020232859981        25.750455472746545     
   2.1714011494301886        25.645923265997681     
   2.1536095396714683        25.541941263411029     
   2.1361192154212745        25.438507446800461     
   2.1189224548953076        25.335619773945876     
   2.1020117947883601        25.233276232186707     
   2.0853800023108318        25.131474745961988     
   2.0690200781178221        25.030213237223911     
   2.0529252460247145        24.929489611194938     
   2.0370889422558545        24.829301747907689     
   2.0215048104607010        24.729647513336651     
   2.0061666872248183        24.630524726442243     
   1.9910686061792979        24.531931212706919     
   1.9762047807249272        24.433864755688258     
   1.9615696009661476        24.336323112991565     
   1.9471576294147335        24.239304024886295     
   1.9329635921523018        24.142805203454575     
   1.9189823732979086        24.046824333395357     
   1.9052090098841206        23.951359075407062     
   1.8916386861951713        23.856407064075920     
   1.8782667285546983        23.761965908133654     
   1.8650886021165360        23.668033200558590     
   1.8520998995144053        23.574606484264798     
   1.8392963462905867        23.481683306047891     
   1.8266737900449841        23.389261181121686     
   1.8142281966581004        23.297337599567737     
   1.8019556478933410        23.205910032234339     
   1.7898523364276688        23.114975927387295     
   1.7779145627176973        23.024532715620659     
   1.7661387309027288        22.934577806704592     
   1.7545213457107798        22.845108593447193     
