 -0.219741418630340530162670702077837227      
   604.786684166557929874365375528046699      
   1438.68377437141582742610409617353606      
   2559.86859073362064295353258481022067      
   4034.44649160671883321917350765623462      
   5936.46863693795501267833927935001283      
   8347.76441114567382991007613083096408      
   11356.3357954335606199149874679421392      
   15057.2157621592354657578567266833852      
   19551.4676166610956937443310050116510      
   24943.6321336890966003528122446261871      
   31342.9570757994750639867401483685572      
   38861.3936054034580428608423263622758      
   47611.3518087695378502540455173488394      
   57706.3717057461136853931198402192359      
   69258.6716729582548390913808048408207      
   82378.8355783409540687536617164559827      
   97174.6506701536148915591077801692311      
   113750.655306057870532303941673870874      
   132207.801013666260289204933621862631      
   152643.379133636533108506827577058725      
   175151.474517655363730855278936393208      
   199823.242927652148980970567113236166      
   226748.563716563790031547034595363545      
   256016.246799731176393965229536999888      
   287715.911952156370697915953984831592      
   321940.849205167554712482383776107757      
   358787.739870993936866994059619125008      
   398360.349668127170775283240742980516      
   440771.328479309384971310715435023002      
   486143.260730543239891102642156386358      
   534612.036009148533943234805156506751      
   586328.248024552988223701240980113923      
   641458.787756535659421602862512100813      
   700189.494448945857930868692870108584      
   762725.917623898107163434782902476211      
   829295.221866943600919989217678479643      
   900147.611224185579433088080112186988      
   975556.937116734260479610389759861928      
   1055822.11492088666075751640040692381      
   1141267.70328234586293569592184655494      
   1232244.41244496429629664347979298413      
   1329129.84451556680509965922373543085      
   1432328.34527949878726098099453626354      
   1542271.65415911017290690310211232921      
   1659418.63276372466489721563938296207      
   1784255.39180112382985424420566363068      
   1917295.23994261425395236030116557607      
   2059078.51254245034489565390125644797      
   2210172.26250503207103991542745906711      
   2371170.16520429224524025857182298532      
   2542692.35179192059422308832463641773      
   2725385.03729055862296619715410577845      
   2919920.39145924710948383659076712917      
   3126996.44603997141189842231121342115      
   3347336.72467936637003238189768592219      
   3581690.44545281410239981815910217767      
   3830832.43490881065775689059410582401      
   4095562.69458238841990739128043983205      
   4376707.26454462344734920921353142600      
   4675117.78741057739680920061422566544      
   4991671.94391801100100288833791477706      
   5327273.72855330408281490919905853239      
   5682854.14126943804182579487544019678      
   6059371.19122520333919431792775679990      
   6457810.70547822442352512581221738274      
   6879187.17163449117684939719805490263      
   7324544.13858979159474088927765406676      
   7794955.28278719852790071857337689023      
   8291525.25900684489618410017861503994      
   8815390.57633722499714072016111273534      
   9367721.19008633460682080359495971251      
   9949720.94902955317423520635738339385      
   10562629.4193098366062110028017691029      
   11207723.2798699726450800747434981764      
   11886317.2633061367918657506952496293      
   12599766.2598290070132308191044497793      
   13349466.5014245088077032387061884231      
   14136857.9959062458141104054758073876      
   14963425.4414113828157512607230226864      
   15830700.2924863676505301405127830799      
   16740263.2059248899465831428270285654      
   17693746.4338047557300031285379549153      
   18692834.6744850808576636649776069335      
   19739268.3950932196686655753050908537      
   20834846.1330639825249713484440302772      
   21981426.6633687341025791745690760785      
   23180930.9425092647373429832357059696      
   24435346.4819432318772773650530449131      
   25746727.7897979621987475962205912694      
   27117201.5086982296477847219048225094      
   28548967.5043334513839534192224746056      
   30044303.7515564657953550055055576246      
   31605567.6560637205251879288254459870      
   33235199.2564688346888831733825667604      
   34935728.9201084440547154229126422971      
   36709774.6342244696359270119372625195      
   38560047.6476514484317899424993244103      
   40489362.1703949906300450387977049109      
   42500630.0249199117363559319868233199      
   44596869.3250002108153675492499740070      
   46781212.1567830549650443519393408906      
   49056902.4162939946806681073711955011      
   51427304.0525197670569505485902734680      
   53895906.6626563873881867721956746053      
   56466328.2975158384197795776097616112      
   59142322.3637167002729484825647063827      
   61927781.9504603200385892710539761818      
   64826746.8666559524007930736988179588      
   67843408.5066703921670255811363304412      
   70982116.8629673353549881800046407435      
   74247386.7997454656874469691495268878      
   77643905.5224745607003400747546835583      
   81176538.7743262778557453826902677574      
   84850339.7978836788101795185706416072      
   88670556.3546607162132533629210887876      
   92642639.9147689367870310477771562452      
   96772253.1356784475554833803441894425      
   101065283.672953301331301873571019447      
   105527846.706360927057107757406564977      
   110166302.400517113740870977328952331      
   114987263.599965238124668662638888470      
   119997611.278884510262388072033592998      
   125204500.570487219183373274360650562      
   130615382.848674337338600979080639468      
   136238012.670446572958476795665116626      
   142080465.185364233259072511514927451      
   148151156.559343885046206977945757466      
   154458857.096833404526826336120845278      
   161012709.095431573391872594639916897      
   167822252.942823981778748570703178379      
   174897441.410728648357596741262423321      
   182248673.721133672422567421759569995      
   189886807.850409389406223216727398881      
   197823190.321056791149686781046805716      
   206069709.627948004964884201413320274      
   214638791.614503688609355813187420034      
   223543449.065626729082834661223037713      
   232797350.859342942949145865415219330      
   242414815.901019391989781026227659632      
   252410882.288732979540507774832280523      
   262801380.911315391262212801285697690      
   273602955.806733988430858245196746577      
   284833145.143883802509760154514261868      
   296510456.911364394775300115902921841      
   308654435.916497563423665009916698375      
   321285747.709208571296301461260581636      
   334426283.171847123687508928783109790      
   348099253.173073625329795472159492270      
   362329311.505310203368143119401912348      
   377142677.000921779334471040638121636      
   392567289.467808778280799850719034702      
   408632944.395442060125673889861826918      
   425371473.756067208721130207465439771      
   442816883.635247367892530045671838027      
   461005533.144095101841507399499490961      
   479976244.773443759056410385432944145      
   499770434.063089372417868586607158718      
   520432138.336623288865360946107334640      
   542008041.189554201105853082034192936      
   564547380.977142704569310913579926037      
   588101842.458060595442933269630625377      
   612725307.606773841098447704263733312      
   638473602.337730208063200393800708284      
   665404138.799452832152734881984380891      
   693575504.193087883067776251354567970      
   723047108.610982179120728637200844298      
   753878705.025429514649202908174064879      
   786129964.358059541963249614543652778      
   819860180.056447522719677552391426729      
   855127851.552921145021291885066314717      
   891990418.042458894935764643308314823      
   930504101.223225324325183575594507751      
   970723691.586312007081472973196575036      
   1012702484.85890405725442152570878152      
   1056492253.98681396157013863233773961      
   1102143238.48354625027645866991204564      
   1149704191.99088556318486206728025412      
   1199222448.15642835503240181323878726      
   1250743999.39235573534670108871286010      
   1304313552.61008879157605351496250988      
   1359974642.71722679392446518836486517      
   1417769699.81258987373619236891681633      
   1477740114.71573741988055730894849992      
   1539926336.55003739335611148269926490      
   1604367896.68466677412002295458526783      
   1671103505.34134648326185302014379636      
   1740171091.83505788527663619882685725      
   1811607846.96009535829560554401857854      
   1885450314.51258981562065252333639602      
   1961734422.67088568862162710539471489      
   2040495520.04930049316488684725500897      
   2121768475.45384928707007279295283878      
   2205587699.76484025339267620766967621      
   2291987236.76923238120328828740354899      
   2381000787.02719576333703109209818862      
   2472661768.76301820659055610557312119      
   2567003474.07373486388106372339091889      
   2664058971.28571853028956464039890138      
   2763861236.54794772018042062675750365      
   2866443319.91225888650864387281555870      
   2971838180.67830682446871231483349092      
   3080078858.20869255425266001011826328      
   3191198576.21324161120765749346770649      
   3305230617.62683187114968596037436559      
   3422208489.94043405214310739286653536      
   3542165885.03566209834095716002534479      
   3665136735.96310232973604747409167771      
   3791155198.31738780120762624645478585      
   3920255711.59313984803639434970022201      
   4052472982.46018730453247631481976017      
   4187841979.53690282557079904070996214      
   4326397970.20093164528788041016990801      
   4468176510.33148310403574484417849849      
   4613213430.81582361659176378930389315      
   4761544868.69858475510934895043607286      
   4913207231.15231411749376019390011609      
   5068237219.44604026132700768129462226      
   5226671802.36153697143977867274143353      
   5388548242.62610198540218482224740531      
   5553904063.70583410868375650155325734      
   5722777065.90875987827211153988474798      
   5895205304.80147926686578796672721385      
   6071227118.10537748993194188200094781      
   6250881073.11033673220802957552906266      
   6434206007.84648236794633530178764205      
   6621241005.25871818505476955874558856      
   6812025369.16149032252367148719591174      
   7006598669.55412126573017998534556638      
   7205000714.22826161998344589665004076      
   7407271509.61941170761856577071701265      
   7613451326.20213393095126712546911989      
   7823580639.28451440628447796521092718      
   8037700171.67440262987857543107929810      
   8255850842.31555404898979647819212070      
   8478073759.96532903558359608280107345      
   8704410356.19392158643156597877699246      
   8934902167.20317317937793214288151100      
   9169590925.58032935621426682084613064      
   9408518724.15886898371508017047601277      
   9651727710.51900593061175499830762253      
   9899260252.75580343007605749285596140      
   10151159030.8052957059079914644589684      
   10407466819.0573947001112546409752004      
   10668226619.3141817212094058228322006      
   10933481659.6961941543983527586242894      
   11203275350.8155331004231457785935557      
   11477651279.0817544580432927485571290      
   11756653259.4515679682889652644987100      
   12040325297.6788333907643340764281801      
   12328711572.6444746047662994611217733      
   12621856479.4902560512377705739213684      
   12919804601.9965982726308986152736740      
   13222600708.2044163510543374797681764      
   13530289778.1407119830197876245099010      
   13842916958.8767642831251263076852043      
   14160527609.1093863079455760942431596      
   14483167258.4326959449394194957806188      
   14810881630.6140588860077851599206247      
   15143716659.1334545433873638801731994      
   15481718449.5836831785282223423572601      
   15824933297.6874440070458440194260722      
   16173407691.2166694329257023162978393      
   16527188307.5356908346818307119139142      
   16886322010.2868500368336020719735021      
   17250855849.4896673493892772873626746      
   17620837069.0512380504233003152249935      
   17996313094.1461440962201626260845352      
   18377331541.3570902743300009032505522      
   18763940213.6559318996062248604448407      
   19156187102.0084986846257389662460323      
   19554120383.9335774700549499071520338      
   19957788422.9050434455676035573462013      
   20367239772.5533493950853088032421474      
   20782523171.9623114691722977038303977      
   21203687544.5016845223279372005522514      
   21630782006.4884626304649080510422764      
   22063855855.4829751134332801224387063      
   22502958576.4066946815551105080745433      
   22948139846.2360479543116538262179270      
