-46.54077751830046078265042705034597
-33.51622132529026520865230858254215
-25.089068041694973197263138950083591
-19.333954975378170369781795700075235
-15.178124816655282545475696178649638
-11.984956376757776616962478210378652
-9.359371418629917550066039963561718
-7.055901363963441682234230035240452
-4.9469741872418502906259666147405332
-3.0487455693968312651265792476920008
-1.5802562585184536133883847086460514
-1.0455345785054789007090644870872097
-2.2519175784906227780357110369525803
-6.1061815449669823119660886668617267
-13.066144790427474871666369020815548
-22.437130159096959598604325941248299
-32.170768841042361104419787898176292
-39.695058330069429779451127662608947
-43.284950642714616031957842929785858
-42.803041833662449613231547465004288
-39.334576175599956711322749990113558
-34.327419429181731617304156628614654
-28.961643027384746736801276507274898
-23.951146967845064422149715274950352
-19.615526186525555732479221945608398
-16.024246470144060331130000302869852
-13.122333259710479802787621451820581
-10.806978154427841599073955987857763
-8.968930832479055336707265302930271
-7.509927147860473472515476556526476
-6.348170623036672410170753483316162
-5.4184483216180545856874528510298821
-4.66978534146298373974750259065554
-4.0627900718134128518647960427380178
-3.5672238628113192015209819072790605
-3.1597950649805301991630672457832589
-2.8225806930641873557012905304303153
-2.5416974973704470064987397236977617
-2.3063618017205005456824792320253967
-2.1081199678054405972140484234311248
-1.9403207189102816450274855618584065
-1.7976815038127153267769896700911423
-1.6759830488768123530170213005150531
-1.5718161987321979048692559143483583
-1.4824155156976338709988960341440802
-1.4054885940917229589602959083693734
-1.33918013969767781583676621064708205
-1.28188267985227453942854560629545696
-1.23226840810444159357426116357219167
-1.18915286140462387980136894009796782
-1.15152983559231644688273729827043093
-1.11850997062648430209920836262145358
-1.08927627009785093186482782976787967
-1.06313088554354763512623505087282809
-1.0394031745506815620498940820690565
-1.0174870853790699373668663474770627
-0.9968425932146393755403040941761978
-0.9769679595541642948399390900052154
-0.9574321524591611410098127262909389
-0.9378159199119355596044419994221511
-0.9177932498524354527622060316356494
-0.8970960203692033944108093932094396
-0.8754804989321201227190033526718329
-0.8527955147309517833341833101733341
-0.8289364066508489671010604974480889
-0.8038673357229412691328987207016256
-0.7775958692762064309887069748840524
-0.7501748883454311542272641123610203
-0.7217281274922461416122352355080818
-0.6923862135649018054008802941140475
-0.6623262277107630242732224973824619
-0.6317376096385949659572518469586703
-0.6008282480641678565961071909638657
-0.56980280969046570445734674185194929
-0.53887215329697267781169126465569931
-0.50823937690082192162634404642435359
-0.47808291452133550151222385464182411
-0.44857640710379836149503309402233686
-0.4198721654737847302306211343314005
-0.39209453634529838008879909035668348
-0.36534840195258896197530341444117881
-0.33972149861317635757651404978482723
-0.31527600161228446650424425208830956
-0.29205168893246363200200135788072691
-0.27006670265578174300017283175637457
-0.24933101390526022007357083781101781
-0.22983722130028793184083012715458241
-0.21156330515938036968701261765613615
-0.19447600422365614548955305762413256
-0.17854175745725142735263727578375854
-0.163713971004774192603776152217083985
-0.149943844557128686633298089362200763
-0.137181482456920808358330327564223401
-0.12537555371355507178070581212418826
-0.11446962397157004580163438606043802
-0.10440735709553887846194461203135989
-0.09513206731295172425387054286607844
-0.0865783274394217707053993351785659
-0.07868279560782572789525953965381184
-0.07137807662512223560893341404851564
-0.06460177317576104475864515442996991
-0.05829772950791021268711027182607095
-0.0524204860631029739309345926541347
-0.04694019428114432332592600855639682
-0.041838927238571775290077737905112683
-0.037110781623909705610749726532907979
-0.032757732599336423246251481170833846
-0.028782956953144776605524982123339482
-0.025188546227515617323559038694478832
-0.02197019323075377058932009124035653
-0.019117095082142347752335682883815085
-0.016611284873876218308648427243377735
-0.01442940574175578810469601707662271
-0.012543711745439884177404838874556139
-0.010924526756524125545001065697738011
-0.009541906949150725417473562497304495
-0.008366463483704427945618154767231304
-0.0073707950814237590002919908556961605
-0.0065296610432547922355972631007705389
-0.0058202411247883268807190014736317476
-0.0052224576838115326012844794096036799
-0.0047184697916741439859874549979862527
-0.0042929579123553753309690640373846254
-0.003932690098366346372300900133752798
-0.0036263632154926038752048180511506455
-0.0033645471745159540649467332965737352
-0.0031393671066956163767649729966916022
-0.0029443259715030404046528457381884936
-0.0027741139871142574974985123698677278
-0.0026244352788586264605191093383812145
-0.0024917867081222024173164469252445069
-0.0023733605179927523341231915283690367
-0.0022668505720060103566867306611016001
-0.0021703588280035618432616550845059934
-0.0020823022332716410508579344946170508
-0.0020013885318642881375001438899694159
-0.0019265508015107761499255239820311704
-0.0018568740441353978332999921747342789
-0.0017916342634306825020925079599048641
-0.0017301929157959569197773183697717366
-0.0016720361523850991352360376774617911
-0.0016167723442183258800243749830307984
-0.0015640818742140809362589973646367611
-0.0015137444740190655233313254327003703
-0.0014655647485127108002315566902944407
-0.0014194533120807374110744535130733336
-0.0013753731765469385363815515688426827
-0.0013332679641492511422796396449825042
-0.0012931631627746220504900555534392648
-0.0012550827021819143245593715240977403
-0.0012190591582888094165217624809517553
-0.0011851174572111470511884159630524167
-0.0011532631823838303472613282816684349
-0.0011235369032370316993143903915535228
-0.0010959148861845927081837896337697469
-0.0010703569966884495866577321645448538
-0.0010468435138172834480554731531167894
-0.0010253084520535276483907719642636632
-0.0010056514397366190620870053470183969
-0.0009877847451002307618271393866961638
-0.0009716087012801330794215528418691862
-0.0009569704077729091962691630355910827
-0.0009437527925889974771941634727773359
-0.0009317978885323872834481688542398635
-0.0009209589155364280844305235489067112
-0.0009111146877805086985773320678663331
-0.0009021025718400168156371067302804395
-0.0008938060210392805645102173886607719
-0.0008860691809697554272303697796606807
-0.0008787850387796647380064098825873186
-0.0008718667982559595857993658773885645
-0.0008652142595922178393358739598677124
-0.0008587777808646955826321445528985116
-0.0008524885497235553921214792433528429
-0.0008463001070874166770451474594247563
-0.0008401832423825060744070143246758005
-0.0008341232438968565336146698462383944
-0.0008280802489273329918478953663741445
-0.0008220544755030408385983625734055252
-0.0008160525178598568454439042611029467
-0.0008100455716793901437898744052410609
-0.0008040485207126442472738270549321428
-0.0007980601344365964145819374574192592
-0.0007920896417543133592698038384133002
-0.0007861391826531265734324371697061646
-0.0007802002154066626340600724761965332
-0.0007743078431159755005686821120980278
-0.0007684490612366729864955413574739436
-0.0007626240697542850230900828015230365
-0.0007568524951519802506037793203849132
-0.0007511308510649573733296811258040711
-0.0007454695934452675871283099254200208
-0.0007398591979326723444328083945720294
-0.0007343108932148341403913270564536829
-0.00072883374849337708331443258788136179
-0.00072341403616829375107452442748460194
-0.00071806338944522495723723706382076914
-0.00071278270561558647174162679412801325
-0.00070756768049486010003532625781696481
-0.00070243136114133784738402765871362382
-0.00069736793787292915316406300433675878
-0.00069238511127785195612677904411822115
-0.00068747156435718836684740004244997792
-0.00068263471197930871870187275251015119
-0.0006778734597309403885580469307714899
-0.00067318751102579875714324534525375399
-0.00066857630720860751157993538045685228
-0.00066403994745055091096841550381170286
-0.00065957741067243205851821395694908048
-0.00065518707360095534501269343015608202
-0.00065086896422737664350127844644509355
-0.00064662291120135536819032238877699263
-0.00064244667874873261853744533516861041
-0.00063834015852514931271213836594677445
-0.00063430216746914776918607108798495741
-0.00063033171768617871763496797540718014
-0.00062642730601189490939432573452088554
-0.00062258852830594144032464647063162308
-0.00061881452704733965440828944938415894
-0.00061510395668260390538154059129777223
-0.00061145521496568322105654591930555352
-0.00060786824669502944864071283283465284
-0.00060434101311049759271435283908757527
-0.00060087251733551915248263200221053677
-0.00059746147913417755432923585740606708
-0.00059410723995055193897916955801151707
-0.00059080826330627580460429680762683407
-0.0005875632316584193088870626151703602
-0.00058437199744732184764459596875820635
-0.00058123303782446144492475871690078338
-0.00057814457924083469948202786820790476
-0.00057510641934528519985449155777022061
-0.00057211735149876441278397754159791326
-0.00056917638590528455874687199136319293
-0.00056628205921950002043627657438997266
-0.00056343379943462708411302801554256833
-0.00056063067876807849231490566539979688
-0.00055787144165894767561789479588742941
-0.00055515512701291955487825243617386704
-0.00055248079761690939495436320575536727
-0.00054984789977100567047493439041277264
-0.00054725509429032023536469595206529638
-0.0005447018821793106475326215066622839
-0.00054218753319161819751732326718815301
-0.00053971061400166788191878798230139872
-0.00053727100199419344836754088123542167
-0.00053486774557891239953627811468877158
-0.00053249974695207090014921825247562727
-0.00053016698735115130583988269769943785
-0.00052786774846472989086325991780965956
-0.0005256019532678938117836652264913614
-0.00052336867899174638733024314290352363
-0.00052116735497632096177046914918909831
-0.00051899697815417371149993963077228157
-0.00051685698724337067231326463570574328
-0.00051474685521232616890287640323483893
-0.00051266607196769462897078062256094705
-0.00051061401202776458188060755326065974
-0.00050859051178085385692387291440101842
-0.00050659406677248664595131997458083107
-0.00050462496214847036183610325903850715
-0.00050268186053183547912859751830481137
-0.00050076492591259052940460932431964514
-0.00049887298181649202160912577904908679
-0.00049700571468948290868022440183668195
-0.00049516321408762664598821808800353144
-0.00049334385435473082435047799695224464
-0.00049154772366265336513593620999106973
-0.00048977469437434271985570175594114117
-0.00048802377783292203277488403000851621
-0.00048629587989163315091490998143341255
-0.00048458952542450055896911604346400557
-0.00048290423495098235077692425329412045
-0.0004812398462617174021105318818394005
-0.00047959652813734799767077868212810436
-0.00047797398968575121616895739646923601
-0.00047637024754828156720965265445155386
-0.00047478544488061838150379673604806621
-0.00047321967596462974957882986009595976
-0.00047167124690548564554990689611657214