   30.4823808643635483278810572866529937      
   31.8944276751860605432689345214722835      
   31.9502957066814884634007415963479024      
   30.5652929281612849874102738291659641      
   27.8018088320487969850664522720912000      
   23.8743655884709304292907245809122769      
   19.1380745603522818897435989592503144      
   14.0650379691318946972568074223115530      
   9.19538418150105256834288949990045333      
   5.10083160038103262168988207997746603      
   2.32623885212150440094918834249874024      
   1.34551297748513093623976714366035858      
   2.52556502384298089064844845138269815      
   6.10031720381329701836090488106580645      
   12.1610494921779299872278195741666654      
   20.6613896670410091418636018071436780      
   31.4329138261680166676906801691412525      
   44.2104277737229916955093360314446242      
   58.6548755212143270327076313049929738      
   74.3909952604029897098884269932084740      
   91.0282661523193009864975278741557696      
   108.186116215896170987057623301220587      
   125.509558913438143355358538472142940      
   142.683111949369414607424268388581950      
   159.444106255524374755675709965990478      
   175.577862253181982203954496165891516      
   190.926080026520314650274917751882394      
   205.382105150396028357671175982731629      
   218.886797972102218834169248367015471      
   231.426582818440494299568901930373601      
   243.024757650682312702521735934579495      
   253.739696116029200065544807572220150      
   263.657306910051471337785398870234400      
   272.885177248337325448120656004668397      
   281.550831506116256618330167204487034      
   289.794873255756988233621886842754542      
   297.768732747259566434758185812425154      
   305.630579816857015660911682266315412      
   313.547783086149740747223684415757642      
   321.681184274487558081922403666010578      
   330.203715251989703495350611618506912      
   339.292724587227759708866987663934532      
   349.116680220048829047005157393489288      
   359.854944432304572154967787718510824      
   371.674593687785977534491646179244494      
   384.756641771353851591407106077731308      
   399.280101473406900896675298929704337      
   415.421993860908234968265012984482136      
   433.378112274860862756618321909594619      
   453.335336731791877726189371376938050      
   475.486060577436208200582225205804428      
   500.039136809081486577041670293988315      
   527.208811713983177478595059042489455      
   557.204777317546559180354797335491656      
   590.261149884655270487043978976966231      
   626.627299044905261128263703662907819      
   666.543832186314138386636926053118760      
   710.284753541666803859239053201101461      
   758.134019045278005345067442252210067      
   810.394362453423348568817972856819849      
   867.385486331930201384670703949848438      
   929.445001864750594014225566136648830      
   996.953908882804466335030609464299789      
   1070.30198752015679248390891620225103      
   1149.91219387708466117446702577871152      
   1236.25842614686117424508054701381337      
   1329.84282579412314927621414950367122      
   1431.22415193284750742617164688543847      
   1541.00556095607220606113548308011644      
   1659.86901557292007922797535389045063      
   1788.57432780780205070903983358438998      
   1927.95457088314461255526544192810259      
   2078.97246740744698307507797844904835      
   2242.65563047931060867298963224024143      
   2420.26673144109607293601055015403221      
   2613.16263003744087011735800785367339      
   2822.89119984860833798109579447708074      
   3051.12526656620956461131696085607233      
   3299.86307031562444866718554743398019      
   3571.49099107667395793287560800691345      
   3868.69513749608168034557096374997775      
   4194.63862491812357906797567272976545      
   4553.56586324828727259959012709370474      
   4950.33514852421629010669948266118399      
   5391.11314483162122757498933651199274      
   5882.78800292856961349269534259772245      
   6433.02210312811481775050831106999741      
   7049.41510020440944624185399154405446      
   7738.27064375331621370256511869197349      
   8504.03686230061501858772701279276497      
   9346.90221127841568417970174599846838      
   10262.5579325487590873096686568459806      
   11240.4678638824359826589052700837155      
   12264.1039639325363293451741567983543      
   13310.9869780610112520013620597626988      
   14353.8011437235896375870532428262519      
   15363.4270509567935469467490530035799      
   16309.9087420164344997251568400784222      
   17166.2521527350419961220884608393068      
   17910.6026615396552967697092073831546      
   18528.1075837278572743578936772008409      
   19012.6853137906977778674835031397305      
   19366.3149756631781381239123079570729      
   19599.3595987554848019204055181959033      
   19728.8298415493513654871922559627653      
   19775.7175128798722833941912676141378      
   19763.2734209960309727905331925979411      
   19714.4081935958436999041790441949540      
   19649.8587431547610155427616092428555      
   19586.9424228233532073629763153599139      
   19538.4782905246845022965817975241382      
   19513.2250921979406088289440489205847      
   19515.9991471750727761012797034866554      
   19548.4217494143621077050141042625973      
   19610.2789659095380150403140718144179      
   19699.5914901946216305285403348501163      
   19813.8506296536993058528267598299352      
   19950.2188257440432919686106706297925      
   20106.3904252947534245974566383989909      
   20279.3000128341282983600268105063085      
   20467.2827988857375035101720666201960      
   20668.2114055207512574036501319425532      
   20880.2124175374278276628731729989610      
   21101.3777752887968986001029990687493      
   21330.2528416293994556217034833365166      
   21565.5000629952348385594656377298148      
   21805.8299519854352075335488646604274      
   22049.5780629903639804690985656249276      
   22296.0057869246011137257511465884308      
   22543.4581325245832991101182552237646      
   22790.9145384543282203009590021855799      
   23036.8739209171825404793066375546321      
   23280.1416594815650830640521343984903      
   23518.7283206240136449675789042777322      
   23751.2353918411391468712771451042237      
   23976.2600395265877806032940013891384      
   24191.3316745660549502367976670164458      
   24394.9473683315717476299635368694393      
   24585.2868000301283798320591206132431      
   24760.6372648374279330851023315320224      
   24919.4774032068386851149842008011655      
   25060.2067432471552156356095747881626      
   25182.6677000729817782728848219976521      
   25286.0741321988253561260912745472012      
   25370.3183535657387944869563656424874      
   25436.4307655880804198497251161326942      
   25485.3848664863321927092091448155270      
   25519.0041436127633832359516220451849      
   25539.1442289007348216204752375080438      
   25548.8013918897724042774120149962680      
   25550.2964432843758857525823123672580      
   25546.9291210323051932284041545023872      
   25541.9421723281652784613963144217729      
   25538.4139562483224001768385167872304      
   25539.3441068970134593437297487920695      
   25547.8508043941394922300185356030137      
   25566.6538160590041985488711533900054      
   25598.1930053999957556043765267690655      
   25644.0612642677457386298392505870126      
   25706.2295548079677365052638618416737      
   25785.0984947316820180022540509073172      
   25882.1399842059331180154093414812566      
   25997.2858256567068312211762788791216      
   26130.2603634405649429101195308769632      
   26279.9348559864668820684686174948939      
   26445.4783207502505730934064761780429      
   26625.6462084243931543330480336421241      
   26818.8997776673842312821985897280046      
   27023.1060752354284250947454163090433      
   27237.4661551177195372669357893695411      
   27459.6039954374468104562953721625303      
   27688.4196538263494869819783495015249      
   27922.0902206667127033729223741941856      
   28159.7022413747982020239531995029279      
   28399.3946763219657174003323316737755      
   28640.4248442457367586592208078467564      
   28882.5564789458227859807993077486182      
   29124.0137398842021179503246903459466      
   29364.7989893286032991633155424800384      
   29604.4515423278507766155676408958918      
   29842.6306169338043898984112465886248      
   30079.1539257520780490270262627037656      
   30313.2012090111442644577648367104791      
   30545.8753540257791126187610150555598      
   30776.4323131388344938190022909233046      
   31004.5571276724371738908891890061870      
   31230.9675195905516565743754816264493      
   31455.2458202417301475381160474716112      
   31677.7260178689477278957687062063278      
   31897.9428563188866767896656447761000      
   32116.6585408231251123070216353636385      
   32333.1108195658227994983096186557646      
   32547.8353455303829748232200949018481      
   32760.8438093017124813731286825037850      
   32972.2017003669758959646016214944262      
   33181.8204933930673527267937205197503      
   33390.2166660399149989009267697056996      
   33597.3313795255630865305486749160743      
   33803.3401689537399548815196175162807      
   34007.8578273373000503119255570260443      
   34211.2637034920316228987643962415733      
   34413.5327476552263594738320638875264      
   34614.8430679364277152881003648546634      
   34815.1776588139461577282009315293937      
   35014.6360748090764814726000881934325      
   35213.3012488032867576611482435418496      
   35411.2045397834982787159405355899609      
   35608.3556809730931847728596536673759      
   35804.8390375294665015037935856982569      
   36000.7223109236996215725943586972691      
   36196.0041580702327256338088538949342      
   36390.6693713458894736147657563155073      
   36584.8391355228662754619701450336591      
   36778.5119738589658671892403456868455      
   36971.7491904295920619850591669946811      
   37164.5178871493154927404846145924652      
   37356.9245560630046957892484718662921      
   37548.9554123790122761237543746497889      
   37740.6369519732533692876480822524241      
   37932.0312604617066861679166748575847      
   38123.1328863895979955187092409989347      
   38313.9592054437128411670172264970436      
   38504.5490466968812116160002520661356      
   38694.9319640785009869481459122312387      
   38885.1164960407223101695561020999522      
   39075.0816599317415877475540759153445      
   39264.8764551854502836267067990558148      
   39454.5179464546572554590513809834881      
   39643.9752789170437947793317548341435      
   39833.3147786715605843430259805624240      
   40022.5684730451288328820730696397967      
   40211.7269885917662627558809621583476      
   40400.7694772011843225478186190236936      
   40589.7348320806048300228756571814684      
   40778.6424386186353596693756480623236      
   40967.4761688456763519226680410919702      
   41156.2354429160868207098553127382103      
   41344.9559824387227732721334413872698      
   41533.6163481963119564293746136805914      
   41722.2266394115260911265387333379506      
   41910.8134601741482167183787847955336      
   42099.3660980253685601989349845941226      
   42287.8861195217360265680326785641479      
   42476.3820530568824289465267106231165      
   42664.8802200950953508615991710779407      
   42853.3714288808361036187503055646329      
   43041.8351260050466918533343679693146      
   43230.3271252048978605503508876032779      
   43418.8219920507017496438614814017998      
   43607.3051161733020743820647331809954      
   43795.7749343862456958292942247500815      
   43984.2761846495935707459763480920957      
   44172.7662668638103801193620301949604      
   44361.2450270452350230333477296004576      
   44549.7365506000260870129889189921648      
   44738.2153132543758304548505448950267      
   44926.6952446006262321606565553860875      
   45115.2310495732287450802866371869291      
   45303.7739795247114626099380663634730      
   45492.3468129219602893706311000402845      
   45680.8979488466254193833658395769198      
   45869.4870355991302270056317152051097      
   46058.0846105569112484411014574658244      
   46246.6866316403202649102628808741444      
   46435.3409545081006121719159050847807      
   46623.9986589886900875252604697812728      
   46812.6236789003979846444777738283077      
   47001.2321166888611418930562176814283      
   47189.8357341559665180741738515530043      
   47378.3917623474384159723582806773361      
   47566.8904554898453701439726200509817      
   47755.5408252488158211699900411427999      
   47944.1623749064500718125100067682353      
   48132.8049709996321472499407533409176      
   48321.4727335800584694866948097137263      
   48510.1445234730782455718659328080025      
   48698.8771945848281754517548893020557      
   48887.6008051647525612609241834369127      
   49076.3687591239728428385273809086248      
   49265.0882275596213739660446663709465      
