   330.83704895720859        568.35350320546195     
   330.83623766337786        568.35350213219999     
   330.83490602094895        568.35349944522886     
   330.83284519497454        568.35349362229147     
   330.82980931529050        568.35348217836008     
   330.82551949053703        568.35346119636188     
   330.81966885311147        568.35342463254290     
   330.81192797922461        568.35336332968086     
   330.80195034354136        568.35326374856174     
   330.78937707568701        568.35310638090402     
   330.77384160582028        568.35286409919763     
   330.75497344142605        568.35250046141016     
   330.73240189276692        568.35196831923417     
   330.70575936659446        568.35120880712850     
   330.67468478155143        568.35015098472388     
   330.63882692634172        568.34871214253690     
   330.59784796604526        568.34679888221410     
   330.55142693271034        568.34430889585587     
   330.49926326909315        568.34113336253927     
   330.44108014900081        568.33715982681929     
   330.37662758288906        568.33227539502775     
   330.30568504301397        568.32637006214929     
   330.22806367400028        568.31934002520200     
   330.14360781950546        568.31109081352690     
   330.05219598054686        568.30154012402897     
   329.95374107805316        568.29062024617497     
   329.84819007189583        568.27828003567413     
   329.73552294819308        568.26448638323063     
   329.61575118997399        568.24922517398431     
   329.48891570707559        568.23250174484633     
   329.35508443546684        568.21434087616080     
   329.21434952791810        568.19478635477685     
   329.06682434387176        568.17390014718512     
   328.91264030409849        568.15176129465033     
   328.75194356055880        568.12846446328081     
   328.58489176194945        568.10411836499077     
   328.41165074333918        568.07884398601959     
   328.23239135813094        568.05277271905049     
   328.04728640063894        568.02604443677569     
   327.85650768247314        567.99880554800905     
   327.66022325249986        567.97120706107637     
   327.45859485064710        567.94340270470616     
   327.25177549918459        567.91554709957461     
   327.03990731181904        567.88779402182558     
   326.82311950121897        567.86029476147542     
   326.60152656084148        567.83319658760331     
   326.37522663679607        567.80664132372533     
   326.14430006161479        567.78076404245189     
   325.90880805244825        567.75569186825317     
   325.66879153095692        567.73154289590912     
   325.42427014112371        567.70842524913326     
   325.17524122580465        567.68643614413486     
   324.92167910754517        567.66566119522827     
   324.66353429772505        567.64617369573909     
   324.40073281750193        567.62803402827774     
   324.13317555407002        567.61128918789962     
   323.86073773100827        567.59597226166420     
   323.58326831507935        567.58210212438519     
   323.30058892106427        567.56968300768733     
   323.01249508094992        567.55870424370300     
   322.71875311067436        567.54914004663624     
   322.41910109032511        567.54094923224727     
   322.11324775611916        567.53407501650634     
   321.80087184289863        567.52844484391210     
   321.48162118299689        567.52397013386053     
   321.15511181607019        567.52054609652680     
   320.82092710102131        567.51805159047774     
   320.47861648458968        567.51634885452563     
   320.12769433615563        567.51528324313483     
   319.76763858288268        567.51468298864336     
   319.39788924436954        567.51435889565857     
   319.01784679335117        567.51410399354188     
   318.62687037332540        567.51369312390705     
   318.22427590787362        567.51288253822997     
   317.80933403770189        567.51140941673975     
   317.38126791245298        567.50899128055801     
   316.93925087344945        567.50532543273380     
   316.48240404886843        567.50008830897252     
   316.00979395221248        567.49293480147730     
   315.52042991695487        567.48349744720883     
   315.01326167873333        567.47138572254232     
   314.48717716046644        567.45618522197276     
   313.94100031078955        567.43745687774958     
   313.37348963183052        567.41473623988827     
   312.78333681461095        567.38753274298040     
   312.16916662424012        567.35532923467679     
   311.52953739304024        567.31758152238660     
   310.86294287795045        567.27371832752499     
   310.16781569755892        567.22314143665176     
   309.44253254316880        567.16522637756384     
   308.68542156571260        567.09932359380809     
   307.89477214165817        567.02476020986296     
   307.06884700717256        566.94084251303866     
   306.20589731002741        566.84685917542447     
   305.30417966072537        566.74208536237938     
   304.36197577632385        566.62578743348604     
   303.37761293630297        566.49722855630034     
   302.34948578052717        566.35567457480613     
   301.27607685365086        566.20040035581690     
   300.15597532680596        566.03069600499566     
   298.98789268120424        565.84587268154041     
   297.77067354800920        565.64526766057827     
   296.50330096055751        565.42824828726123     
   295.18489560321331        565.19421450825178     
   293.81470872076699        564.94259998482414     
   292.39210940837688        564.67287156415421     
   290.91656617998876        564.38452716387508     
   289.38763103336328        564.07709370268879     
   287.80490742792847        563.75012102534049     
   286.16803673103487        563.40317945540073     
   284.47667175175008        563.03585403937166     
   282.73046669220275        562.64774227655437     
   280.92902616992325        562.23844183735230     
   279.07193911992590        561.80755820231320     
   277.15873824132200        561.35469452740836     
   275.18889922440212        560.87945097337149     
   273.16183618330876        560.38142308411864     
   271.07689955541218        559.86020088679493     
   268.93337619531798        559.31536865315604     
   266.73049154732996        558.74650532296823     
   264.46741331964512        558.15318551037842     
   262.14325690700173        557.53498111214367     
   259.75709193156848        556.89146346806547     
   257.30795027270648        556.22220607496854     
   254.79483532558572        555.52678788274864     
   252.21673275307549        554.80479714473779     
   249.57262263452535        554.05583587163494     
   246.86149392170645        553.27952534762824     
   244.08235787856060        552.47551004951697     
   241.23426936597627        551.64346660725289     
   238.31634467320544        550.78310902154601     
   235.32778469836350        549.89419668265930     
   232.26790047315268        548.97654241914790     
   229.13614136496156        548.03002115939717     
   225.93212639671015        547.05457875535456     
   222.65567852761956        546.05024098691831     
   219.30686195840337        545.01712250816911     
   215.88602186665690        543.95543525777293     
   212.39382640227112        542.86549609743986     
   208.83131036586539        541.74773325966044     
   205.19991921393878        540.60269101747042     
   201.50155311478116        539.43103229026963     
   197.73860892401535        538.23353856330755     
   193.91401936679017        537.01110693134888     
   190.03128744683869        535.76474389420730     
   186.09451449675757        534.49555596126140     
   182.10842062766034        533.20473712060186     
   178.07833125586879        531.89354665915630     
   174.01027354170253        530.56331961423814     
   169.91081676316261        529.21540571000708     
   165.78714360999012        527.85117829715466     
   161.64698353755315        526.47200806800231     
   157.49855427195004        525.07924512404202     
   153.35048726868936        523.67420264078555     
   149.21173693810655        522.25814297426530     
   145.09147466641107        520.83226623588996     
   140.99896996622596        519.39770133924424     
   136.94346154698877        517.95549972734045     
   132.93402267730713        516.50663103783199     
   128.97942558927562        515.05198089673274     
   125.08801033728106        513.59235021987217     
   121.26756355984693        512.12845577854841     
   117.52521209298297        510.66093187558567     
   113.86733551723603        509.19033292385802     
   110.29950066902903        507.71713672246977     
   106.82641955058850        506.24174843054186     
   103.45193079128006        504.76450502689733     
   100.17900356098986        503.28568033787491     
   97.009761535742243        501.80549034953361     
   93.945524119927470        500.32409886544474     
   90.986861132711951        498.84162320580293     
   88.133657579860667        497.35814008299587     
   85.385184872864983        495.87369125400716     
   82.740175356880556        494.38828905647267     
   80.196897213081698        492.90192160989659     
   77.753227542942227        491.41455748583348     
   75.406722763101186        489.92615110671557     
   73.154682124160246        488.43664526356730     
   70.994207874398711        486.94597574661037     
   68.922258078902544        485.45407414071497     
   66.935693583390716        483.96087051104638     
   65.031318739664783        482.46629567412242     
   63.205916440839275        480.97028309082577     
   61.456277603840817        479.47277040303806     
   59.779213637247743        477.97369186995547     
   58.171626169925169        476.47301531047742     
   56.630446220248153        474.97068775838511     
   55.152699409574872        473.46667326936688     
   53.735502281634460        471.96094413060001     
   52.376068863069776        470.45348076023510     
   51.071715556793336        468.94427193483097     
   49.819863977078818        467.43331471954826     
   48.618042307956713        465.92061442193420     
   47.463885397621326        464.40618438233088     
   46.355133957578474        462.89004587517115     
   45.289632764513406        461.37222777274485     
   44.265328430932151        459.85276636938192     
   43.280266437149585        458.33170495265307     
   42.332588298581669        456.80909384107048     
   41.420527688512166        455.28498956014982     
   40.542407066103820        453.75945479407761     
   39.696634025300014        452.23255807490347     
   38.881697580238168        450.70437350987288     
   38.096164348176949        449.17498032404001     
   37.338674875268438        447.64446257238706     
   36.607940064417768        446.11290888425981     
   35.902737630458155        444.58041213703439     
   35.221908681991295        443.04706914066105     
   34.564354398155139        441.51298034507118     
   33.929032884217762        439.97824956738270     
   33.314956122511852        438.44298373399062     
   32.721187063753455        436.90729258205511     
   32.146836870655662        435.37128843158246     
   31.591062254241319        433.83508592312273     
   31.053063018719183        432.29880177692195     
   30.532079628885075        430.76255456831836     
   30.027391022320089        429.22646453013476     
   29.538312424615111        427.69065325070130     
   29.064193330930358        426.15524347482005     
   28.604415678549131        424.62035901751909     
   28.158392021509695        423.08612449654134     
   27.725563815319624        421.55266513759261     
   27.305399779702270        420.02010629799145     
   26.897394639923100        418.48857450500094     
   26.501067334208528        416.95819548341484     
   26.115959947443947        415.42909520617303     
   25.741636341141461        413.90139937836227     
   25.377681033376355        412.37523338584077     
   25.023698049499259        410.85072210799433     
   24.679309875927963        409.32798977183040     
   24.344156476780775        407.80715985450496     
   24.017894364877080        406.28835494963784     
   23.700195697091754        404.77169654192249     
   23.390747502928715        403.25730514542511     
   23.089250861996689        401.74529997013303     
   22.795420165486437        400.23579881674812     
   22.508982536576589        398.72891859952057     
   22.229676887111001        397.22477346373512     
   21.957253687310029        395.72347712679374     
   21.691474143892535        394.22514122580679     
   21.432109692899875        392.72987558353799     
   21.178941539999183        391.23778831711030     
   20.931760120178691        389.74898555807641     
   20.690364672195575        388.26357153376239     
   20.454562755164126        386.78164833669871     
   20.224169910799343        385.30331610616508     
   19.999009228607434        383.82867281234405     
   19.778910996736030        382.35781428264352     
   19.563712350607485        380.89083412842888     
   19.353256939760897        379.42782366222696     
   19.147394656723652        377.96887208850541     
   18.945981291570153        376.51406617466199     
   18.748878287674334        375.06349039473525     
   18.555952474063197        373.61722686988810     
   18.367075822633073        372.17535541586017     
   18.182125186050364        370.73795335966508     
   18.000982117716948        369.30509576357014     
   17.823532630451332        367.87685524810507     
   17.649667005352672        366.45330204598559     
   17.479279601568681        365.03450399335333     
   17.312268675964727        363.62052652952690     
   17.148536212060616        362.21143270489472     
   16.987987769905455        360.80728326625598     
   16.830532284822080        359.40813638212143     
   16.676081989750251        358.01404807725959     
   16.524552229838577        356.62507191566658     
   16.375861346791691        355.24125921981801     
   16.229930544396545        353.86265894680662     
   16.086683773890243        352.48931777964106     
   15.946047604750213        351.12128004249200     
   15.807951170758006        349.75858812830614     
   15.672325985823386        348.40128191989356     
   15.539105899745877        347.04939922517656     
   15.408226990239998        345.70297569414294     
   15.279627475231825        344.36204488097059     
   15.153247622957402        343.02663821003853     
   15.029029676117176        341.69678507789405     
   14.906917752660702        340.37251268659509     
   14.786857849716096        339.05384679475918     
   14.668797656594872        337.74081068432201     
