   49.902185079936899        66.545301102018897     
   49.902185079936899        66.545301102018897     
   49.902185079936899        66.545301102018897     
   49.902185079936899        66.545301102018897     
   49.902185079936459        66.545301102018669     
   49.902185079884553        66.545301101992735     
   49.902185078291708        66.545301101196856     
   49.902185057556672        66.545301090836020     
   49.902184906300064        66.545301015253514     
   49.902184172705013        66.545300648659506     
   49.902181530126207        66.545299327992481     
   49.902173912143461        66.545295520268141     
   49.902155400286617        66.545286265452177     
   49.902116045609468        66.545266584539348     
   49.902040831582802        66.545228955554890     
   49.901908938408496        66.545162937117411     
   49.901693408726167        66.545054988893554     
   49.901361215256827        66.544888489677646     
   49.900873686896198        66.544643930304630     
   49.900187206334003        66.544299235743296     
   49.899254067763884        66.543830157611666     
   49.898023402212246        66.543210685627912     
   49.896442096423947        66.542413440304287     
   49.894455626210998        66.541410004368501     
   49.892008796682198        66.540171195177308     
   49.889046371620786        66.538667275791354     
   49.885513614233837        66.536868127605942     
   49.881356744646261        66.534743397251944     
   49.876523354539636        66.532262651971166     
   49.870962795015515        66.529395557918420     
   49.864626559962581        66.526112101404451     
   49.857468656802673        66.522382846389462     
   49.849445974936835        66.518179235274118     
   49.840518656102574        66.513473926009937     
   49.830650434555679        66.508241143790258     
   49.819808944759451        66.502457033817421     
   49.807965991830315        66.496100004985507     
   49.795097756439255        66.489151038688533     
   49.781184937333748        66.481593955603387     
   49.766212824415341        66.473415630140465     
   49.750171303618018        66.464606146696653     
   49.733054782043872        66.455158888214882     
   49.714862050045930        66.445070562973129     
   49.695596086152960        66.434341171520487     
   49.675263802883528        66.422973914343302     
   49.653875751655193        66.410975049512075     
   49.631445792027094        66.398353706533541     
   49.607990739088002        66.385121665863863     
   49.583529983389511        66.371293104445911     
   49.558085116383026        66.356884327854644     
   49.531679544140360        66.341913482729851     
   49.504338108508534        66.326400263388749     
   49.476086721691232        66.310365618658054     
   49.446952010648552        66.293831458501430     
   49.416960982115413        66.276820370933194     
   49.386140708596450        66.259355348423099     
   49.354518034166851        66.241459527516326     
   49.322119305393819        66.223155944407054     
   49.288970122831046        66.204467305838776     
   49.255095119886541        66.185415779502137     
   49.220517758934633        66.166022799489923     
   49.185260153592360        66.146308891806754     
   49.149342908010397        66.126293515389278     
   49.112784979135249        66.105994921784060     
   49.075603552211192        66.085430028581158     
   49.037813937401140        66.064614310239932     
   48.999429473057852        66.043561700108640     
   48.960461451150223        66.022284505947340     
   48.920919046998208        66.000793339084666     
   48.880809261803179        65.979097051577554     
   48.840136874374195        65.957202684529193     
   48.798904394247856        65.935115421215443     
   48.757112023573427        65.912838549119414     
   48.714757624792831        65.890373428131340     
   48.671836691371020        65.867719464461615     
   48.628342307144827        65.844874080405219     
   48.584265123342199        65.821832696700312     
   48.539593323966002        65.798588708424305     
   48.494312595242349        65.775133468778506     
   48.448406084793945        65.751456265426839     
   48.401854364079483        65.727544300520549     
   48.354635376430224        65.703382664064236     
   48.306724394015632        65.678954311043057     
   48.258093937309575        65.654240023160227     
   48.208713738668465        65.629218385199820     
   48.158550644562602        65.603865737134967     
   48.107568527958826        65.578156126558852     
   48.055728203952270        65.552061263533091     
   48.002987159839570        65.525550372599923     
   47.949299991873943        65.498590421864066     
   47.894617477896034        65.471145627289374     
   47.838886920142876        65.443177623731330     
   47.782051862792947        65.414645310364648     
   47.724051880735736        65.385504718519840     
   47.664822389110832        65.355708903394714     
   47.604294403677919        65.325207794145555     
   47.542394253522922        65.293948027304168     
   47.479043338284100        65.261872782487103     
   47.414157770004422        65.228921571540297     
   47.347648044492168        65.195030027510498     
   47.279418659992039        65.160129668482469     
   47.209367658371420        65.124147601958995     
   47.137386184557236        65.087006250855680     
   47.063357990420634        65.048623032682357     
   46.987158800295404        65.008909955396305     
   46.908655775085712        64.967773267441743     
   46.827706781845222        64.925112995412277     
   46.744159660575974        64.880822457068064     
   46.657851440379666        64.834787765748544     
   46.568607434459153        64.786887225166282     
   46.476240303790362        64.736990730501859     
   46.380549041864668        64.684959093092473     
   46.281317877770576        64.630643324742792     
   46.178315126564009        64.573883873489308     
   46.071291953653017        64.514509809211006     
   45.959981140011834        64.452337995553819     
   45.844095843833585        64.387172290247335     
   45.723328136293240        64.318802458807625     
   45.597348117895237        64.247003707357052     
   45.465802618736255        64.171535697164572     
   45.328314409489067        64.092141995857830     
   45.184481649064139        64.008549653430777     
   45.033877800209794        63.920469068647726     
   44.876051314274186        63.827593722908730     
   44.710530231944361        63.729602954908081     
   44.536819936028245        63.626160550888905     
   44.354409711140605        63.516918782549219     
   44.162777121306405        63.401521150061505     
   43.961394653647375        63.279606578738047     
   43.749737980141575        63.150814679809002     
   43.527295730418047        63.014792016093132     
   43.293580418701445        62.871199157872582     
   43.048139907326167        62.719718148838972     
   42.790568665962162        62.560059899502434     
   42.520517715632842        62.391970811075076     
   42.237702133014473        62.215237909072506     
   41.941905339878041        62.029691938589522     
   41.632979195528101        61.835207823207291     
   41.310839928203045        61.631702439287118     
   40.975461507106075        61.419130717311880     
   40.626858237714636        61.197474821715566     
   40.265082449751866        60.966742848727797     
   39.890203237885181        60.726955405580462     
   39.502298194730599        60.478140385664354     
   39.101433537942256        60.220320280229892     
   38.687667057654245        59.953514050412060     
   38.261035376602834        59.677728956381969     
   37.821552096854326        59.392959350711877     
   37.369207099131692        59.099186228956732     
   36.903968082495432        58.796378250044107     
   36.425784148879636        58.484494094778007     
   35.934591077654225        58.163485944088357     
   35.430318102088634        57.833303949858603     
   34.912896010790682        57.493901571814369     
   34.382266458323890        57.145241693229373     
   33.838392419285327        56.787303447175077     
   33.281269647285797        56.420089647074050     
   32.710939175555126        56.043634785336849     
   32.127500561033735        55.658013396164577     
   31.531125765236347        55.263348644412090     
   30.922073285532132        54.859820854693275     
   30.300702195019664        54.447675692309019     
   29.667485468453688        54.027231581111934     
   29.023022031925017        53.598885938897816     
   28.368046911939029        53.163119838683983     
   27.703438768387368        52.720500669701039     
   27.030224246997790        52.271682507806752     
   26.349578699701784        51.817404028978359     
   25.662822866431750        51.358483889874556     
   24.971415385677229        50.895813692180148     
   24.276941036664159        50.430348707205674     
   23.581094791251292        49.963096633914880     
   22.885661754858354        49.495104614036357     
   22.192490086411553        49.027442800430237     
   21.503478086065648        48.561198179021659     
   20.820521997296549        48.097443839021516     
   20.145499587221003        47.637232455379525     
   19.480233504504724        47.181577176328290     
   18.826459090136439        46.731435706513878     
   18.185794093038908        46.287695607460961     
   17.559711742525447        45.851161445576139     
   16.949518465270891        45.422544336658142     
   16.356337210963215        45.002454346663193     
   15.781096991035897        44.591395997204671     
   15.224528739348058        44.189766933549620     
   14.687167231510893        43.797859624295157     
   14.169358359916977        43.415865721453869     
   13.671270857343343        43.043882641361371     
   13.192911428541452        42.681921844637451     
   12.734142157637148        42.329918230669705     
   12.294699169560063        41.987740140523265     
   11.874211646236686        41.655199495986636     
   11.472220443412375        41.332061702489405     
   11.088195717881439        41.018055003004648     
   10.721553197867843        40.712879098328557     
   10.371668836147689        40.416212912331225     
   10.037891705501222        40.127721405795171     
   9.7195551499941786        39.847061476260450     
   9.4159862230699005        39.573886934577821     
   9.1265135541053510        39.307852663719757     
   8.8504737386001402        39.048617985015781     
   8.5872164569224960        38.795849355009253     
   8.3361084256023741        38.549222443424803     
   8.0965363995058244        38.308423709197278     
   7.8679093300480254        38.073151532335359     
   7.6496585063592768        37.843115699879711     
   7.4412439273615156        37.618043132120064     
   7.2421461827480460        37.397669933584979     
   7.0518724111193416        37.181747024857515     
   6.8699545281940182        36.970038563140356     
   6.6959487285487089        36.762321665093850     
   6.5294348370372850        36.558386054201350     
   6.3700155303370298        36.358033643092917     
   6.2173154583102814        36.161078057143911     
   6.0709803046750377        35.967344122892399     
   5.9306758298236044        35.776667358576773     
   5.7960869087970819        35.588893465691520     
   5.6669165147973155        35.403877761904546     
   5.5428847862709940        35.221484698138894     
   5.4237280644942363        35.041587330269998     
   5.3091979835851628        34.864066831379837     
   5.1990605891121424        34.688812018916806     
   5.0930954851149934        34.515718889740278     
   4.9910950343049487        34.344690190992011     
   4.8928635822930824        34.175634998375372     
   4.7982167342388928        34.008468326948254     
   4.7069806660011908        33.843110756343123     
   4.6189914747215450        33.679488078539833     
   4.5340945647741524        33.517530963501216     
   4.4521440745738410        33.357174646818706     
   4.3730023356818526        33.198358637941624     
   4.2965393489552914        33.041026403050303     
   4.2226323546517364        32.885125222049581     
   4.1511653275651854        32.730605783244314     
   4.0820285999868666        32.577422061772808     
   4.0151184590097282        32.425531075976153     
   3.9503367848129494        32.274892688783822     
   3.8875907060686092        32.125469415235955     
   3.8267922815805875        31.977226247973128     
   3.7678582038370361        31.830130493363821     
   3.7107095144103783        31.684151608384958     
   3.6552713473828069        31.539261061036441     
   3.6014726835630153        31.395432196570003     
   3.5492461275922222        31.252640109521604     
   3.4985276990577439        31.110861558501700     
   3.4492565951796315        30.970074717147043     
   3.4013750635966957        30.830259273464296     
   3.3548281884729012        30.691396197194457     
   3.3095637374896003        30.553467685567149     
   3.2655320078528884        30.416457071026805     
   3.2226856836681987        30.280348746454131     
   3.1809797004457931        30.145128086922796     
   3.1403711227209201        30.010781382692112     
   3.1008190229636599        29.877295770191292     
   3.0622843714906005        29.744659170414348     
   3.0247299351044461        29.612860237249794     
   2.9881201774515112        29.481888297028945     
   2.9524211683560968        29.351733300115715     
   2.9176004979316397        29.222385773255684     
   2.8836271973826464        29.093836779490907     
   2.8504716613892889        28.966077871135543     
   2.8181055779044288        28.839101052930420     
   2.7865018593878981        28.712898748720608     
   2.7556345840841878        28.587463766315693     
   2.7254789323641404        28.462789264290322     
   2.6960111338487334        28.338868728558918     
   2.6672084127431805        28.215695938508578     
   2.6390489390592986        28.093264944492486     
   2.6115117816569664        27.971570042763876     
   2.5845768646474108        27.850605756299078     
   2.5582249273527653        27.730366818989090     
   2.5324374771117113        27.610848130726090     
   2.5071967641232273        27.492044778614158     
   2.4824857384208951        27.373951994868229     
   2.4582880184732847        27.256565148140091     
   2.4345878586539724        27.139879720287791     
   2.4113701273364860        27.023891328498568     
   2.3886202661989566        26.908595663977664     
   2.3663242720968718        26.793988511093065     
   2.3444686699443307        26.680065730295436     
   2.3230404872162294        26.566823239802218     
   2.3020272385809988        26.454257047136583     
   2.2814168933525991        26.342363177780744     
   2.2611978625390075        26.231137715184722     
   2.2413589784506112        26.120576776580979     
   2.2218894755649692        26.010676511629086     
   2.2027789741613479        25.901433099023368     
   2.1840174619281321        25.792842733338663     
   2.1655952800973917        25.684901627620750     
   2.1475031082495804        25.577606011037172     
   2.1297319483303125        25.470952114166771     
   2.1122731181765855        25.364936198660754     
   2.0951182225788982        25.259554480198776     
   2.0782591622788038        25.154803224501386     
   2.0616881081206535        25.050678680491664     
   2.0453974935519992        24.947177093748341     
   2.0293800039411263        24.844294703954375     
   2.0136285674929555        24.742027749665070     
   1.9981363446673024        24.640372463890518     
   1.9828967195084906        24.539325070112881     
