   47.326223267405354        64.314484028738818     
   47.326204151943422        64.314474471636913     
   47.326164309111135        64.314454543425740     
   47.326089308399716        64.314417011315186     
   47.325959328251820        64.314351926030795     
   47.325748888970473        64.314246476667819     
   47.325426926960937        64.314085009811109     
   47.324957188078606        64.313849201702837     
   47.324298842192910        64.313518328910135     
   47.323407224410317        64.313069585074928     
   47.322234612341731        64.312478394127638     
   47.320730996833518        64.311718700398302     
   47.318844747218094        64.310763184629664     
   47.316523255904031        64.309583467179692     
   47.313713469174665        64.308150255020749     
   47.310362403658011        64.306433505420074     
   47.306417614677535        64.304402596853279     
   47.301827677418089        64.302026554903350     
   47.296542659867562        64.299274322646042     
   47.290514612352489        64.296115095919546     
   47.283698043781797        64.292518700370380     
   47.276050408741263        64.288456019323348     
   47.267532526268852        64.283899417972947     
   47.258108977107284        64.278823180007990     
   47.247748401858452        64.273203901778459     
   47.236423729332962        64.267020849482620     
   47.224112293880282        64.260256246372720     
   47.210795848319776        64.252895486129617     
   47.196460468182444        64.244927261305449     
   47.181096339874458        64.236343601257033     
   47.164697459702786        64.227139827988466     
   47.147261225924247        64.217314421615370     
   47.128787959413089        64.206868812914223     
   47.109280354191725        64.195807106150184     
   47.088742864825832        64.184135737679227     
   47.067181060661916        64.171863087964283     
   47.044600946398482        64.158999054012426     
   47.021008265079196        64.145554586021774     
   46.996407780718073        64.131541202940326     
   46.970802654678742        64.116970524659152     
   46.944193657010828        64.101853736845086     
   46.916578574552560        64.086201120287711     
   46.887951555433673        64.070021554888356     
   46.858302507755752        64.053322045503762     
   46.827616533828831        64.036107264367104     
   46.795873396837706        64.018379109916822     
   46.763047030738257        64.000136289024354     
   46.729105091191272        63.981373923689183     
   46.694008546195299        63.962083181195730     
   46.657711308584261        63.942250930229278     
   46.620159907572251        63.921859422329305     
   46.581293200132926        63.900885998741579     
   46.541042126049582        63.879302827229161     
   46.499329481590827        63.857076651955261     
   46.456069759176614        63.834168585061100     
   46.411169000998598        63.810533912799833     
   46.364524697265843        63.786121929875186     
   46.316025713806269        63.760875795521287     
   46.265552274025907        63.734732427474121     
   46.212975945154291        63.707622397255484     
   46.158159709010491        63.679469886042355     
   46.100958039319487        63.650192644822887     
   46.041217046770726        63.619701998606899     
   45.978774672815860        63.587902885916762     
   45.913460927997782        63.554693923888969     
   45.845098207046647        63.519967530129684     
   45.773501672716201        63.483610085591096     
   45.698479685864314        63.445502129857111     
   45.619834356710797        63.405518638567351     
   45.537362135839537        63.363529326972092     
   45.450854510810991        63.319399027970867     
   45.360098757914685        63.272988107277200     
   45.264878787848048        63.224152951195173     
   45.164975598198112        63.172746260399691     
   45.060169910034112        63.118618501799141     
   44.950240655566461        63.061617216315433     
   44.834967527064599        63.001588454091710     
   44.714131491086604        62.938377172471540     
   44.587515632196109        62.871827805206678     
   44.454905883172707        62.801784797621828     
   44.316091596685759        62.728093050966557     
   44.170865955269747        62.650598294080361     
   44.019026739055334        62.569147645690734     
   43.860373895330405        62.483588419252996     
   43.694713000185274        62.393770167320696     
   43.521852267775024        62.299543161282763     
   43.341602487695603        62.200758469622450     
   43.153776156378669        62.097267577668759     
   42.958186419719389        61.988921890894034     
   42.754645986576143        61.875572191492815     
   42.542966871681216        61.757068576646610     
   42.322955400092972        61.633257643914185     
   42.094416115169935        61.503984779323488     
   41.857147417702905        61.369091694250322     
   41.610941133342521        61.228416203890951     
   41.355581487155099        61.081791660577522     
   41.090844159725151        60.929046437618155     
   40.816495537831024        60.770003522283744     
   40.532292101542176        60.604480203691573     
   40.237980009573057        60.432287881323177     
   39.933294915107403        60.253232025043388     
   39.617962008166963        60.067112288062702     
   39.291696352310510        59.873722815670241     
   38.954203548892671        59.672852772339716     
   38.605180785924595        59.464287126281462     
   38.244318368075866        59.247807749690807     
   37.871301739295113        59.023194848229089     
   37.485814239010303        58.790228846609821     
   37.087540584641886        58.548692760224085     
   36.676171267355805        58.298375119638600     
   36.251408066026585        58.039073599879558     
   35.812970754946704        57.770599370409350     
   35.360605243359487        57.492782309569471     
   34.894093242971728        57.205477123442428     
   34.413263553603606        56.908570404222083     
   33.918004955182063        56.601988601321437     
   33.408280644920062        56.285706855017942     
   32.884143767274821        55.959758371632027     
   32.345753646223187        55.624244109890576     
   31.793391895358916        55.279342226046275     
   31.227477448894824        54.925316692552101     
   30.648579385315085        54.562524368189571     
   30.057426304033410        54.191419759963189     
   29.454911177843840        53.812556810965830     
   28.842090771075441        53.426587159729465     
   28.220179021547757        53.034254551844533     
   27.590534315044220        52.636385453731464     
   26.954641071146380        52.233876207685711     
   26.314086443737803        51.827677388002847     
   25.670533379393930        51.418776266652429     
   25.025691484289901        51.008178419797943     
   24.381287302141743        50.596889574715853     
   23.739034706222970        50.185898038637575     
   23.100608343479578        49.776159803148047     
   22.467615290126108        49.368582728873285     
   21.841587908778280        48.964024775146903     
   21.223944641184666        48.563271602546436     
   20.615991091216518        48.167040101761629     
   20.018905984055564        47.775971955438514     
   19.433734403398073        47.390631557937390     
   18.861384269212287        47.011505607196945     
   18.302625757221097        46.639004130652005     
   17.758093324328872        46.273462716473205     
   17.228290013506115        45.915145752650290     
   16.713593645936054        45.564250475411832     
   16.214264561048143        45.220911642141381     
   15.730454495309329        44.885206655532670     
   15.262216247734260        44.557160964588711     
   14.809513791297178        44.236753597931077     
   14.372232522632068        43.923922688151137     
   13.950189388817261        43.618570874182637     
   13.543142673181467        43.320570482538429     
   13.150801278040259        43.029768417601254     
   12.772833379711155        42.745990705826152     
   12.408874378465342        42.469046658947882     
   12.058534101684343        42.198732641963197     
   11.721403244879738        41.934835437741903     
   11.397059065691781        41.677135221942500     
   11.085070354352778        41.425408157371656     
   10.785001723921804        41.179428634607518     
   10.496417285666629        40.938971187997609     
   10.218883718846257        40.703812100790060     
   9.9519728567037209        40.473730750991898     
   9.6952637813811808        40.248510708175367     
   9.4483445280326244        40.027940612762357     
   9.2108134258671335        39.811814870933915     
   8.9822788315476014        39.599933015186430     
   8.7623651979397899        39.392104912487554     
   8.5507054588948748        39.188143661191781     
   8.3469469144807036        38.987870754495724     
   8.1507500345695245        38.791114932904932     
   7.9617884721139554        38.597712171015097     
   7.7797489957615502        38.407505630208277     
   7.6043313528871428        38.220345578623309     
   7.4352480193304054        38.036089250256943     
   7.2722239222077665        37.854600684940031     
   7.1149961141559652        37.675750546240508     
   6.9633134077513610        37.499415926786547     
   6.8169359898139756        37.325480123109145     
   6.6756350149635200        37.153832415125940     
   6.5391921916227460        36.984367837591655     
   6.4073993740921606        36.816986959649874     
   6.2800581165424694        36.651595607962967     
   6.1569793169158133        36.488104739982425     
   6.0379827304545151        36.326430087969769     
   5.9228966283385382        36.166492026712980     
   5.8115573881227629        36.008215330599441     
   5.7038091138814639        35.851528960396955     
   5.5995032760821388        35.696365872117475     
   5.4984983507911673        35.542662806034059     
   5.4006594805950652        35.390360100023692     
   5.3058581557752289        35.239401517444527     
   5.2139718968023692        35.089734064663745     
   5.1248839529829535        34.941307823904268     
   5.0384830192459926        34.794075788007390     
   4.9546629647825782        34.647993719226704     
   4.8733225772881017        34.503019997808487     
   4.7943653044515004        34.359115475278614     
   4.7176990320061076        34.216243351872549     
   4.6432358575410682        34.074369049389112     
   4.5708918715715310        33.933460081897991     
   4.5005869643534950        33.793485951418312     
   4.4322446325305460        33.654418031443939     
   4.3657918011634456        33.516229471476798     
   4.3011586406096098        33.378895083891372     
   4.2382784217482019        33.242391266385290     
   4.1770873482867037        33.106695906938583     
   4.1175244138297780        32.971788286205623     
   4.0595312660362461        32.837649026719831     
   4.0030520772713656        32.704259991062287     
   3.9480334172426317        32.571604222944750     
   3.8944241356507927        32.439665871944484     
   3.8421752498886237        32.308430130341065     
   3.7912398420881699        32.177883170021751     
   3.7415729642865161        32.048012087232529     
   3.6931315307336354        31.918804851345456     
   3.6458742404838951        31.790250242328426     
   3.5997614863357632        31.662337805106606     
   3.5547552771085980        31.535057806113926     
   3.5108191592360911        31.408401173392228     
   3.4679181459330488        31.282359477468198     
   3.4260186509472317        31.156924875003796     
   3.3850884180494392        31.032090072547266     
   3.3450964637864735        30.907848293978908     
   3.3060130181318175        30.784193243158324     
   3.2678094689700403        30.661119075677302     
   3.2304583089414369        30.538620355802539     
   3.1939330799380659        30.416692024607361     
   3.1582083516584900        30.295329449826657     
   3.1232596364500140        30.174528265547494     
   3.0890633739379938        30.054284434331819     
   3.0555968836963769        29.934594215402253     
   3.0228383268192585        29.815454123853851     
   2.9907666680188334        29.696860929209763     
   2.9593616421652058        29.578811619905913     
   2.9286037212494200        29.461303395313269     
   2.8984740802545397        29.344333634945411     
   2.8689545720164853        29.227899897398380     
   2.8400276945346588        29.111999902394430     
   2.8116765648632631        28.996631507666027     
   2.7838848940952907        28.881792701350776     
   2.7566369622064792        28.767481587894437     
   2.7299176000397716        28.653696404919096     
   2.7037121450048804        28.540435396829910     
   2.6780064529903251        28.427696976644029     
   2.6527868557775718        28.315479601217834     
   2.6280401473012089        28.203781790434999     
   2.6037535651789829        28.092602120400912     
   2.5799147730551590        27.981939213077741     
   2.5565118438319692        27.871791729946338     
   2.5335332434576192        27.762158364559571     
   2.5109678157833946        27.653037836371197     
   2.4888047678722760        27.544428884935218     
   2.4670336558844790        27.436330262962652     
   2.4456443719498648        27.328740733696296     
   2.4246271311228331        27.221659064979324     
   2.4039724591178255        27.115084023352338     
   2.3836711822069065        27.009014378156266     
   2.3637144127767713        26.903448883351647     
   2.3440935413163633        26.798386285686156     
   2.3248002253371012        26.693825318311074     
   2.3058263795067653        26.589764697222869     
   2.2871641667573686        26.486203122639289     
   2.2688059886042109        26.383139271351869     
   2.2507444766845346        26.280571798119162     
   2.2329724849962878        26.178499334841419     
   2.2154830819877485        26.076920488692817     
   2.1982695426471186        25.975833840175625     
   2.1813253407610023        25.875237939112012     
   2.1646441423363916        25.775131305983884     
   2.1482197992163132        25.675512432495555     
   2.1320463427727767        25.576379782007351     
   2.1161179778446138        25.477731789264705     
   2.1004290757483171        25.379566854975344     
   2.0849741694480359        25.281883348930727     
   2.0697479480082901        25.184679611636522     
   2.0547452510812856        25.087953951452640     
   2.0399610638113330        24.991704644788520     
   2.0253905124010143        24.895929937956122     
   2.0110288608355185        24.800628054951879     
