   330.83792827168043        568.35350354919342     
   330.83792827168043        568.35350354919342     
   330.83792827168043        568.35350354919342     
   330.83792827168043        568.35350354919342     
   330.83792827167883        568.35350354919342     
   330.83792827146920        568.35350354919353     
   330.83792826446393        568.35350354919967     
   330.83792816722706        568.35350354928164     
   330.83792742166969        568.35350354988509     
   330.83792365998994        568.35350355269406     
   330.83790967075095        568.35350356156118     
   330.83786827698106        568.35350358014773     
   330.83776549056580        568.35350359812412     
   330.83754297933888        568.35350355372759     
   330.83711115700601        568.35350326291928     
   330.83634392466178        568.35350229050255     
   330.83507595635712        568.35349979256705     
   330.83310238773834        568.35349425774575     
   330.83018083894979        568.35348313770146     
   330.82603512998941        568.35346230697451     
   330.82035993998545        568.35342524206476     
   330.81282575327708        568.35336193765784     
   330.80308362460835        568.35325759519435     
   330.79076894209464        568.35309114753500     
   330.77550467341621        568.35283397845785     
   330.75690315771510        568.35244894005211     
   330.73456720461655        568.35189010027659     
   330.70808990081241        568.35110330089412     
   330.67705364051426        568.35002777884745     
   330.64102809562405        568.34859877147892     
   330.59956730267237        568.34675107371550     
   330.55220577964030        568.34442331580442     
   330.49845368274134        568.34156266788796     
   330.43779112554535        568.33812967704318     
   330.36966151430596        568.33410284758475     
   330.29346436098626        568.32948268176699     
   330.20854729907791        568.32429481553902     
   330.11419798814063        568.31859207981938     
   330.00963588908922        568.31245525487407     
   329.89400435360028        568.30599242387018     
   329.76636332906776        568.29933688495407     
   329.62568315101089        568.29264362405718     
   329.47083968871306        568.28608449292733     
   329.30061123463167        568.27984208215798     
   329.11367766107418        568.27410269793188     
   328.90862192398191        568.26904846085017     
   328.68393428342205        568.26484893843758     
   328.43801950546600        568.26165244560343     
   328.16920693769549        568.25957751125520     
   327.87576353263125        568.25870472287204     
   327.55590938941867        568.25906930983308     
   327.20783456479603        568.26065505569147     
   326.82972148188821        568.26338859407269     
   326.41975971184786        568.26713727116748     
   325.97616754374985        568.27170695141001     
   325.49720815909393        568.27684266253050     
   324.98120311670044        568.28223074556729     
   324.42654181086561        568.28750262335791     
   323.83168726096449        568.29223961808111     
   323.19516955633509        568.29597942281373     
   322.51558925181496        568.29822079823452     
   321.79160037577208        568.29843039287266     
   321.02190121115785        568.29604722423767     
   320.20520453347848        568.29048825396296     
   319.34023370294113        568.28114977624227     
   318.42569335183913        568.26741018486234     
   317.46025020274914        568.24863032802193     
   316.44251210949568        568.22415287692343     
   315.37100742733747        568.19330060712241     
   314.24416495590174        568.15537376914119     
   313.06029391008383        568.10964672179136     
   311.81756431282031        568.05536377699445     
   310.51398695974837        567.99173463628028     
   309.14739286927511        567.91792932575675     
   307.71541149219729        567.83307267974476     
   306.21544758171245        567.73623854188679     
   304.64465630992777        567.62644370299245     
   302.99991464657217        567.50264139448836     
   301.27779079729481        567.36371443501446     
   299.47450875360153        567.20846826309048     
   297.58590818162821        567.03562345213322     
   295.60739861460769        566.84380807880245     
   293.53390705058308        566.63154976663702     
   291.35981620763278        566.39726738368688     
   289.07889353555220        566.13926259025561     
   286.68420894321667        565.85571161818143     
   284.16804719285471        565.54465793782390     
   281.52175403616047        565.20399937663944     
   278.73566289253597        564.83148801900984     
   275.79890097812819        564.42471971852706     
   272.69922277378396        563.98113174524576     
   269.42281605576562        563.49800358691346     
   265.95410506681111        562.97246507446403     
   262.27558936818855        562.40151786659510     
   258.36780132534545        561.78208051915897     
   254.20956511640537        561.11107664709550     
   249.77889369609170        560.38559820118519     
   245.05509195892952        559.60319026405080     
   240.02271953952462        558.76229403318962     
   234.67742150270172        557.86279763787491     
   229.03143856184136        556.90643741716133     
   223.11432193493604        555.89668998031163     
   216.96732910940227        554.83825340104045     
   210.63750560975438        553.73681662975446     
   204.17701888824740        552.59935979902684     
   197.64490535006809        551.43434127970352     
   191.10605284336521        550.25124953403167     
   184.62655143550563        549.05965755849388     
   178.26769107582069        547.86821750945262     
   172.08114361376491        546.68396950268425     
   166.10615499686736        545.51201374327786     
   160.36924518463678        544.35559007306756     
   154.88539177804682        543.21634761009591     
   149.66009570211230        542.09470554710970     
   144.69167618960961        540.99020729552183     
   139.97340068593084        539.90182063626946     
   135.49524502281054        538.82816479785174     
   131.24532773739497        537.76769487896490     
   127.21080289510599        536.71878487697438     
   123.37862521300353        535.67982230080509     
   119.73597735830950        534.64924685225583     
   116.27054637946368        533.62557640336036     
   112.97067914759663        532.60742098849289     
   109.82545682839631        531.59348932129740     
   106.82471708262776        530.58259065291054     
   103.95904371994581        529.57363376604792     
   101.21973721698751        528.56562407585250     
   98.598774526139053        527.55765949578483     
   96.088763854186425        526.54892544486768     
   93.682897805999275        525.53868927287738     
   91.374896834095566        524.52628874081586     
   89.159006627038110        523.51114913429217     
   87.029889523451800        522.49274117051732     
   84.982630874675237        521.47059979166363     
   83.012691064675479        520.44431251652077     
   81.115871271472045        519.41351382990160     
   79.288282891488862        518.37788035412848     
   77.526319560127689        517.33712639684620     
   75.826631841450705        516.29099994146395     
   74.186104375254075        515.23927906243421     
   72.601835195741643        514.18176878908241     
   71.071117175212450        513.11829830196291     
   69.591421256191552        512.04871852037581     
   68.160381303404833        510.97289998996524     
   66.775780716697028        509.89073105600113     
   65.435540372681558        508.80211669142318     
   64.137706277023341        507.70697547823613     
   62.880441639468806        506.60524091788710     
   61.662016510528723        505.49685873691067     
   60.480799984196707        504.38178640860576     
   59.335252769512444        503.25999239616834     
   58.223920511139681        502.13145544630896     
   57.145427674241290        500.99616400310742     
   56.098471976388481        499.85411565868890     
   55.081819318440793        498.70531670342899     
   54.094299136137316        497.54978168294821     
   53.134800165012926        496.38753300089860     
   52.202266534964920        495.21860055725853     
   51.295694213492887        494.04302145554686     
   50.414127733172563        492.86083967431745     
   49.556657016884543        491.67210569327000     
   48.722414876706026        490.47687642021333     
   47.910574238033007        489.27521477875479     
   47.120345630415471        488.06718940351846     
   46.350975393208309        486.85287465903065     
   45.601743047798877        485.63235001559036     
   44.871960072684374        484.40570029372122     
   44.160967570367632        483.17301504098640     
   43.468134954268457        481.93438855744051     
   42.792858175014175        480.68991950911646     
   42.134558656758934        479.43971097043561     
   41.492681528469909        478.18386991741664     
   40.866694768168408        476.92250731433700     
   40.256087754900427        475.65573767840931     
   39.660370336562664        474.38367904045606     
   39.079071845995713        473.10645276121005     
   38.511739923570154        471.82418315346467     
   37.957939846034272        470.53699750411658     
   37.417253669833684        469.24502589521779     
   36.889279264236812        467.94840081833161     
   36.373629621355228        466.64725705879408     
   35.869932404964473        465.34173182461069     
   35.377828896592419        464.03196409654720     
   34.896973580649004        462.71809470598947     
   34.427033631109957        461.40026628663651     
   33.967688136858428        460.07862281625393     
   33.518627683767370        458.75330957809058     
   33.079553962478386        457.42447318884689     
   32.650179080887014        456.09226110245316     
   32.230225241130412        454.75682167243519     
   31.819424343872111        453.41830399214723     
   31.417517485592331        452.07685763002598     
   31.024254604949373        450.73263257359059     
   30.639394195804588        449.38577911880770     
   30.262702848310049        448.03644761697939     
   29.893954997897520        446.68478837582092     
   29.532932572615195        445.33095155318608     
   29.179424716677076        443.97508705921240     
   28.833227502101160        442.61734438197533     
   28.494143598468007        441.25787225580905     
   28.161982210040602        439.89681938330943     
   27.836558569191840        438.53433313127499     
   27.517693830197420        437.17056012595162     
   27.205214891290307        435.80564613791529     
   26.898954067993415        434.43973572249172     
   26.598748979045713        433.07297232568209     
   26.304442310265419        431.70549811351577     
   26.015881630653702        430.33745387623770     
   25.732919222211699        428.96897897425316     
   25.455411900144430        427.60021122947057     
   25.183220853273696        426.23128686360900     
   24.916211489607619        424.86234043136960     
   24.654253275442525        423.49350471630879     
   24.397219611612989        422.12491072016098     
   24.144987667128639        420.75668756915957     
   23.897438274043779        419.38896247208316     
   23.654455776816356        418.02186061007234     
   23.415927925132010        416.65550515698442     
   23.181745747850531        415.29001719156923     
   22.951803466454166        413.92551575376621     
   22.725998348524453        412.56211766925225     
   22.504230626150289        411.19993756345161     
   22.286403397974198        409.83908789213206     
   22.072422520150393        408.47967882438792     
   21.862196523418199        407.12181825721547     
   21.655636540034799        405.76561187735757     
   21.452656188856480        404.41116301029194     
   21.253171508839355        403.05857265294105     
   21.057100881086146        401.70793950054235     
   20.864364959440547        400.35935995033134     
   20.674886548163329        399.01292784649229     
   20.488590639080673        397.66873503166528     
   20.305404238810464        396.32687080703977     
   20.125256338134140        394.98742207814229     
   19.948077837550368        393.65047340867591     
   19.773801572846626        392.31610734012713     
   19.602362126087002        390.98440379283659     
   19.433695853253042        389.65544051050131     
   19.267740805746474        388.32929294622033     
   19.104436641979888        387.00603402922860     
   18.943724671986306        385.68573479912305     
   18.785547690496681        384.36846360125048     
   18.629850107865291        383.05428752603029     
   18.476577665058976        381.74327047805843     
   18.325677523050970        380.43547432735141     
   18.177098312036193        379.13095946672030     
   18.030789872705952        377.82978336695442     
   17.886703390983385        376.53200184813704     
   17.744791244869198        375.23766823711514     
   17.605007158564110        373.94683480183841     
   17.467305941693681        372.65955111181768     
   17.331643490198044        371.37586443839803     
   17.197976906968918        370.09582074234009     
   17.066264313454759        368.81946369983734     
   16.936464935996764        367.54683547761982     
   16.808538965293128        366.27797607396877     
   16.682447670999586        365.01292447919269     
   16.558153103076389        363.75171622838093     
   16.435618373689838        362.49438642031072     
   16.314807520952545        361.24096848409437     
   16.195685407197697        359.99149377645688     
   16.078217768301574        358.74599215103638     
   15.962371170232032        357.50449185236585     
   15.848112990472796        356.26701958286412     
   15.735411393853660        355.03360052561362     
   15.624235311980788        353.80425838833236     
   15.514554420287523        352.57901542222322     
   15.406339117889820        351.35789245884496     
   15.299560506740756        350.14090893499957     
   15.194190377826363        348.92808296976938     
   15.090201192437680        347.71943140019050     
   14.987566061302818        346.51496980150421     
   14.886258724858225        345.31471246919278     
   14.786253531966809        344.11867243509857     
   14.687525434920705        342.92686159982378     
   14.590049972132318        341.73929075704729     
   14.493803260442517        340.55596965734753     
   14.398761951276690        339.37690684582816     
   14.304903241555216        338.20210987448337     
   14.212204852851414        337.03158528421511     
   14.120645017771157        335.86533863541371     
   14.030202467848047        334.70337455262018     
   13.940856421647014        333.54569676915725     
   13.852586565555475        332.39230805607190     
   13.765373043129223        331.24321030184751     
   13.679196454730857        330.09840463602092     
   13.594037835896701        328.95789135855034     
   13.509878648255247        327.82166999173432     
   13.426700768664583        326.68973930646251     
   13.344486479338698        325.56209734811256     
   13.263218459836734        324.43874148599559     
   13.182879774905123        323.31966842305457     
   13.103453863042860        322.20487418570360     
   13.024924525246151        321.09435412965951     
   12.947275925578145        319.98810307437634     
   12.870492573452120        318.88611521983370     
   12.794559320437621        317.78838424745902     
   12.719461349649395        316.69490331158210     
   12.645184166409713        315.60566501756432     
   12.571713592519277        314.52066150577815     
