   47.326235308428870        64.314490046515729     
   47.326235308428870        64.314490046515729     
   47.326235308428870        64.314490046515729     
   47.326235308428870        64.314490046515729     
   47.326235308428643        64.314490046515616     
   47.326235308398651        64.314490046500637     
   47.326235307396558        64.314490046000017     
   47.326235293486860        64.314490039051037     
   47.326235186835170        64.314489985768347     
   47.326234648728366        64.314489716915858     
   47.326232647573242        64.314488716972519     
   47.326226726210948        64.314485757620844     
   47.326212022657877        64.314478407131375     
   47.326180192548563        64.314462488915723     
   47.326118420789662        64.314431582346714     
   47.326008669938552        64.314376637992112     
   47.325827293917811        64.314285774060593     
   47.325544998876175        64.314144240508227     
   47.325127145397992        64.313934548456160     
   47.324534301561542        64.313636714530560     
   47.323722953634601        64.313228568459607     
   47.322646279244587        64.312686071378408     
   47.321254931493449        64.311983619378807     
   47.319497726074935        64.311094275145763     
   47.317322315412447        64.309989987712456     
   47.314675732592647        64.308641741957487     
   47.311504932029564        64.307019727289642     
   47.307757259641328        64.305093496268881     
   47.303380942204249        64.302832178813773     
   47.298325566280077        64.300204738202368     
   47.292542579080283        64.297180293134758     
   47.285985785583904        64.293728488811425     
   47.278611856027588        64.289819917875391     
   47.270380804507184        64.285426562959501     
   47.261256433663611        64.280522246168090     
   47.251206717421944        64.275083058325791     
   47.240204120144604        64.269087756885583     
   47.228225821965268        64.262518104773605     
   47.215253859250033        64.255359146683773     
   47.201275166208767        64.247599407301337     
   47.186281522324322        64.239231010417939     
   47.170269406012508        64.230249715216601     
   47.153239774312397        64.220654879175612     
   47.135197758968246        64.210449342810520     
   47.116152315091924        64.199639257014994     
   47.096115806934051        64.188233847765318     
   47.075103562786403        64.176245137002525     
   47.053133404629513        64.163687629762478     
   47.030225154206285        64.150577965038465     
   47.006400139263043        64.136934554670688     
   46.981680705304491        64.122777214470929     
   46.956089721913514        64.108126779849997     
   46.929650117002261        64.093004734285117     
   46.902384424216258        64.077432840877123     
   46.874314349509767        64.061432783538706     
   46.845460370209793        64.045025827936001     
   46.815841351007954        64.028232493804595     
   46.785474189848365        64.011072248254479     
   46.754373490229412        63.993563218398215     
   46.722551256553608        63.975721922624324     
   46.690016614827840        63.957563021871259     
   46.656775554322969        63.939099089293912     
   46.622830690177395        63.920340397662699     
   46.588181042075540        63.901294722407208     
   46.552821835854033        63.881967165883196     
   46.516744298127925        63.862359977140116     
   46.479935452468347        63.842472392193635     
   46.442378082647544        63.822300545254649     
   46.404050359933748        63.801837238595255     
   46.364925801081029        63.781071868153816     
   46.324973080515868        63.759990280037883     
   46.284155858358197        63.738574648268333     
   46.242432589447588        63.716803331781364     
   46.199756355139712        63.694650759831426     
   46.156074660156904        63.672087289731579     
   46.111329222231227        63.649079067142914     
   46.065455747693647        63.625587877346675     
   46.018383696316455        63.601570993029945     
   45.970036009088723        63.576980996494427     
   45.920328835048906        63.551765603792880     
   45.869171237265419        63.525867480239988     
   45.816464883696504        63.499224039964012     
   45.762103696802100        63.471767215994269     
   45.705973538915011        63.443423261779145     
   45.647951855146808        63.414112512590762     
   45.587907353215485        63.383749174525022     
   45.525699673459137        63.352241094555474     
   45.461179134232573        63.319489582197740     
   45.394186516981932        63.285389244542579     
   45.324552948632963        63.249827871465619     
   45.252099909543468        63.212686399300544     
   45.176639443782868        63.173838987401076     
   45.097974551306407        63.133153199153554     
   45.015899878487680        63.090490360965497     
   44.930202753995239        63.045706131243627     
   44.840664563313553        62.998651269979000     
   44.747062598124792        62.949172710851343     
   44.649172304820738        62.897114875621895     
   44.546769993472878        62.842321296454131     
   44.439635834581303        62.784636420095296     
   44.327557193152224        62.723907667930710     
   44.210332000371324        62.659987544475385     
   44.087771979068926        62.592735700191831     
   43.959705475055571        62.522020805686196     
   43.825979667594531        62.447722086102566     
   43.686461873978715        62.369730338490562     
   43.541039876532203        62.287948381644654     
   43.389621157315645        62.202290850002498     
   43.232131132744904        62.112683378966757     
   43.068510616153517        62.019061279368721     
   42.898712628153859        61.921367802065220     
   42.722698920683086        61.819552175565448     
   42.540436508197658        61.713567600406769     
   42.351894368886484        61.603369303302706     
   42.157041320784515        61.488913263511854     
   41.955840552353202        61.370152887343885     
   41.748251999704166        61.247040392397729     
   41.534228215960233        61.119524256277394     
   41.313714027550510        60.987548939687962     
   41.086645945604936        60.851054460545612     
   40.852951886974026        60.709976158156721     
   40.612551137562797        60.564244609613802     
   40.365354489581215        60.413785659429955     
   40.111264504657257        60.258520535756205     
   39.850175875564510        60.098366034215751     
   39.581975846055585        59.933234747391197     
   39.306544648554421        59.763035319681585     
   39.023756008861206        59.587672747387899     
   38.733477642176553        59.407048690510400     
   38.435571806723601        59.221061825723069     
   38.129895887650783        59.029608230398118     
   37.816303005084571        58.832581795974882     
   37.494642718795227        58.629874706776711     
   37.164761786829288        58.421377967720751     
   36.826505040281447        58.206982012126474     
   36.479716351923699        57.986577382067573     
   36.124239758455580        57.760055517893804     
   35.759920786161636        57.527309671297935     
   35.386607915390471        57.288235929969645     
   35.004154302983885        57.042734403414499     
   34.612419752450293        56.790710567843526     
   34.211272974425178        56.532076795198343     
   33.800594230578717        56.266754145122846     
   33.380277930499361        55.994673994001445     
   32.950236364594090        55.715780608580104     
   32.510403035629608        55.430033194969752     
   32.060736758239194        55.137408520721202     
   31.601226062614490        54.837903656935175     
   31.131893918228190        54.531538858265058     
   30.652802794318116        54.218360585509345     
   30.164059924924732        53.898444565209793     
   29.665819977503642        53.571897080890459     
   29.158301608469198        53.238865055240538     
   28.641776153195465        52.899528141761778     
   28.116583790866187        52.554108310723890     
   27.583135461810958        52.202870183363416     
   27.041916821512245        51.846122571680617     
   26.493491443887351        51.484219464503674     
   25.938502943840234        51.117560283467363     
   25.377675919813914        50.746589402367682     
   24.811815446150526        50.371794813238431     
   24.241805032943741        49.993705953142893     
   23.668602812414150        49.612890613026757     
   23.093235879714985        49.229950949441026     
   22.516792686051808        48.845518581540226     
   21.940413432249052        48.460248798278194     
   21.365278550868027        48.074813944153291     
   20.792595374996754        47.689896032439137     
   20.223583279640838        47.306178762307688     
   19.659457669962162        46.924339081154670     
   19.101413279499489        46.545038561483267     
   18.550607372508008        46.168914815418653     
   18.008143464553822        45.796573288589649     
   17.475056190816943        45.428579697438657     
   16.952297907487225        45.065453403736733     
   16.440727509376138        44.707661957399765     
   15.941101842076627        44.355616980934109     
   15.454069892091724        44.009671489287953     
   14.980169804449845        43.670118656877968     
   14.519828650339889        43.337191996641437     
   14.073364669091715        43.011066796714445     
   13.640991688406778        42.691862667663237     
   13.222825329571704        42.379647001132753     
   12.818890554865551        42.074439093116467     
   12.429130162954674        41.776214753613282     
   12.053413830580226        41.484911168269385     
   11.691547375707735        41.200431867747390     
   11.343281907235006        40.922651611287733     
   11.008322680250824        40.651421110208702     
   10.686337404234813        40.386571425692161     
   10.376964091742044        40.127918205021594     
   10.079817906316539        39.875265211093321     
   9.7944975695424521        39.628407779068581     
   9.5205908996736053        39.387135730848115     
   9.2576777638342360        39.151234379233159     
   9.0053418958487956        38.920493018761839     
   8.7631625595401115        38.694697072975316     
   8.5307255752659383        38.473636240107041     
   8.3076236883422858        38.257104105334413     
   8.0934584305590729        38.044899094263592     
   7.8878416604317234        37.836825284897529     
   7.6903967219706031        37.632693007788333     
   7.5007592871527864        37.432319282151497     
   7.3185779477705397        37.235528116374461     
   7.1435145816119530        37.042150689684092     
   6.9752445475477876        36.852025453253511     
   6.8134566995399428        36.664998118745608     
   6.6578533001553897        36.480921604843061     
   6.5081498512463662        36.299655949766901     
   6.3640747910451765        36.121068127592672     
   6.2253691847414085        35.945031885967943     
   6.0917863587052468        35.771427552713455     
   5.9630914365544188        35.600141754420790     
   5.8390609642374782        35.431067239925873     
   5.7194824267239142        35.264102602376944     
   5.6041538089693006        35.099152047108213     
   5.4928831364527007        34.936125140841533     
   5.3854880108288370        34.774936555754834     
   5.2817951700113452        34.615505831426489     
   5.1816400477962814        34.457757136817747     
   5.0848663516078085        34.301619040803075     
   4.9913256402431276        34.147024279282114     
   4.9008769317908651        33.993909543095000     
   4.8133863203185543        33.842215270898464     
   4.7287266051752983        33.691885442618137     
   4.6467769429046406        33.542867392280037     
   4.5674225102769359        33.395111622713955     
   4.4905541861980369        33.248571629874242     
   4.4160682458432285        33.103203736778887     
   4.3438660743490605        32.958966935240660     
   4.2738538936480674        32.815822737006407     
   4.2059424959129750        32.673735017587894     
   4.1400470039684505        32.532669893123519     
   4.0760866405566905        32.392595591052881     
   4.0139845075039640        32.253482326655813     
   3.9536673766086645        32.115302187036605     
   3.8950654923495525        31.978029019144181     
   3.8381123797388139        31.841638302523389     
   3.7827447041237274        31.706107155409821     
   3.7289020558254200        31.571414089247032     
   3.6765268206462487        31.437539010714062     
   3.6255640314158852        31.304463126793738     
   3.5759612318397025        31.172168868048466     
   3.5276683398700670        31.040639806370816     
   3.4806375264283194        30.909860588800310     
   3.4348230979157712        30.779816867782372     
   3.3901813873780529        30.650495243148484     
   3.3466706516360269        30.521883204954168     
   3.3042509709600640        30.393969069979001     
   3.2628841551521313        30.266741926011271     
   3.2225336727085780        30.140191635825616     
   3.1831645255849748        30.014308637453944     
   3.1447432273427509        29.889084104486187     
   3.1072376916558833        29.764509765679840     
   3.0706171763545380        29.640577910281447     
   3.0348522152392796        29.517281348463964     
   2.9999145560832781        29.394613366285995     
   2.9657771021776020        29.272567700498069     
   2.9324138572558462        29.151138504527967     
   2.8997998693427731        29.030320313892961     
   2.8679111879440375        28.910108028926167     
   2.8367248126243068        28.790496881467913     
   2.8062186488914072        28.671482409706648     
   2.7763714652028932        28.553060431198755     
   2.7471628582635255        28.435227038183257     
   2.7185732080450622        28.317978552585956     
   2.6905836457988479        28.201311520902895     
   2.6631760201458312        28.085222691006486     
   2.6363328651165499        27.969709001182075     
   2.6100373653635001        27.854767548012081     
   2.5842733340132584        27.740395593561857     
   2.5590251802314223        27.626590534484745     
   2.5342778845446281        27.513349893754928     
   2.5100169739446261        27.400671308197303     
   2.4862284982041656        27.288552515223415     
   2.4628990092173355        27.176991349096852     
   2.4400155330412407        27.065985707537305     
   2.4175655593260079        26.955533574973348     
   2.3955370156929154        26.845632992909927     
   2.3739182507228902        26.736282053241617     
   2.3526980173981631        26.627478898471395     
   2.3318654550757905        26.519221704708670     
   2.3114100747689181        26.411508682295562     
   2.2913217412109970        26.304338056082429     
   2.2715906671562069        26.197708098103668     
   2.2522073872952020        26.091617069276698     
   2.2331627532872567        25.986063248005191     
   2.2144479194141224        25.881044919176531     
   2.1960543305165108        25.776560369074538     
   2.1779737104586614        25.672607878959845     
   2.1601980498162439        25.569185716909395     
   2.1427196023277064        25.466292168795686     
   2.1255308658653460        25.363925487633669     
   2.1086245775329009        25.262083915565590     
   2.0919937045623715        25.160765680947225     
   2.0756314326757184        25.059968983290386     
   2.0595311656248869        24.959692025101862     
   2.0436865092778169        24.859932976921076     
   2.0280912631718979        24.760689968123359     
   2.0127394235564102        24.661961136093964     
