   47.325538384413612        64.314140921704578     
   47.325117556530415        64.313929730025933     
   47.324520926576987        64.313629978846464     
   47.323704888310324        64.313219440852649     
   47.322622517693134        64.312674007729413     
   47.321224335792714        64.311967979675799     
   47.319458962922432        64.311074278028343     
   47.317273741210172        64.309964638378332     
   47.314615215351466        64.308609733771121     
   47.311429566138791        64.306979296754960     
   47.307662956688723        64.305042234447129     
   47.303261851004599        64.302766782369503     
   47.298173278865121        64.300120687725766     
   47.292345073064062        64.297071442453003     
   47.285726050784525        64.293586546379444     
   47.278266150824024        64.289633798137302     
   47.269916489902002        64.285181584257955     
   47.260629333843809        64.280199148951837     
   47.250357963129410        64.274656818523141     
   47.239056431550772        64.268526165430202     
   47.226679216952242        64.261780095375315     
   47.213180739706601        64.254392837138880     
   47.198514796623051        64.246339844787983     
   47.182633888996797        64.237597597531447     
   47.165488476941114        64.228143308622720     
   47.147026172981121        64.217954547034623     
   47.127190896341091        64.207008783672308     
   47.105922022284524        64.195282881717503     
   47.083153513043769        64.182752526540071     
   47.058813095411082        64.169391632442895     
   47.032821468287210        64.155171725692313     
   47.005091576494451        64.140061325794434     
   46.975527954301711        64.124025332712321     
   46.944026164795595        64.107024441435797     
   46.910472330235514        64.089014586154676     
   46.874742774947570        64.069946430700341     
   46.836703766578289        64.049764908823050     
   46.796211399819178        64.028408830403492     
   46.753111580787689        64.005810553207652     
   46.707240128449207        63.981895719330794     
   46.658423014126818        63.956583081542412     
   46.606476698846613        63.929784394985738     
   46.551208594454430        63.901404397126569     
   46.492417620030743        63.871340861355741     
   46.429894860127831        63.839484731734089     
   46.363424046817798        63.805720213300063     
   46.292783262762036        63.769925438136852     
   46.217744482423456        63.731972220645495     
   46.138075227722396        63.691726771008859     
   46.053539190063248        63.649049989574102     
   45.963896999061802        63.603797855146588     
   45.868906902888767        63.555821797205169     
   45.768325294719411        63.504969014256417     
   45.661907110068441        63.451082757821169     
   45.549405987852602        63.394002497733631     
   45.430574214058225        63.333564001273174     
   45.305162399307569        63.269599271157674     
   45.172919325845179        63.201936565596512     
   45.033589144517244        63.130399089063175     
   44.886913260305974        63.054805973930932     
   44.732626768976061        62.974970557823653     
   44.570457268508264        62.890699784463479     
   44.400123866229777        62.801793694810215     
   44.221331542541286        62.708042487204509     
   44.033773198411275        62.609227499593935     
   43.837124410114122        62.505118400349431     
   43.631041119700051        62.395471855951570     
   43.415156596197178        62.280029789185548     
   43.189078156882239        62.158517493321959     
   42.952383677920650        62.030641585330713     
   42.704617832713410        61.896087823416110     
   42.445288063930519        61.754518755151068     
   42.173860218716484        61.605571190738857     
   41.889753867182961        61.448853504269792     
   41.592337144428669        61.283942698191943     
   41.280921218913178        61.110381306078040     
   40.954754190805218        60.927674022672981     
   40.613014559840394        60.735284179893732     
   40.254804181056315        60.532630037371334     
   39.879140719740491        60.319080923456831     
   39.484950008463315        60.093953493598960     
   39.071058609190196        59.856508302381862     
   38.636187367589820        59.605947181008460     
   38.178947235829064        59.341412182408583     
   37.697839942087029        59.061987557961032     
   37.191267275007753        58.766706911334651     
   36.657556100453817        58.454569470155569     
   36.095007847323778        58.124570288716640     
   35.501989824270453        57.775753971860190     
   34.877066722666036        57.407289985226647     
   34.219223410276385        57.018599162223417     
   33.528113721326946        56.609492429460211     
   32.804326749503332        56.180318539716048     
   32.049569630619459        55.732065161692809     
   31.266699305633946        55.266377725635294     
   30.459619100484755        54.785505655087221     
   29.633123550097352        54.292220195457510     
   28.792747326767962        53.789730105036114     
   27.944579845813077        53.281570356465885     
   27.095013781057819        52.771448783001119     
   26.250369608283581        52.263019959607711     
   25.416545527676949        51.759678602198804     
   24.598707237313736        51.264380047377891     
   23.801095460878731        50.779532616649924     
   23.026955935409585        50.306962699423728     
   22.278572897063356        49.847939755336839     
   21.557372107144118        49.403240456385646     
   20.864059603244506        48.973231941944299     
   20.198769219787437        48.557958654441038     
   19.561198448675210        48.157221085721893     
   18.950739328484417        47.770651864471660     
   18.366558549168580        47.397760017224670     
   17.807687180160872        47.037982796719426     
   17.273075052379596        46.690715934896446     
   16.761633369164752        46.355337414300138     
   16.272265239236269        46.031224370297124     
   15.803887008188964        45.717764785358639     
   15.355442727450750        45.414365313917159     
   14.925913749391025        45.120456346566343     
   14.514324447592712        44.835494929920202     
   14.119745495941817        44.558966294410432     
   13.741295225223976        44.290384318436409     
   13.378139672580353        44.029291269393909     
   13.029491710045532        43.775257044700034     
   12.694609556939367        43.527878087729228     
   12.372794895237700        43.286776104495729     
   12.063390747467187        43.051596671763157     
   11.765779306210302        42.822007873261029     
   11.479379378661195        42.597698608802510     
   11.203644531784127        42.378377594219963     
   10.938060642478534        42.163771776354054     
   10.682142608302767        41.953624041400744     
   10.435437467346322        41.747696508948344     
   10.197514665203830        41.545762597087460     
   9.9679696077213418        41.347610606501107     
   9.7464207184490270        41.153041662664755     
   9.5325078573247843        40.961868801868839     
   9.3258909040524518        40.773916174322331     
   9.1262484336364018        40.589018303137465     
   8.9332764917506626        40.407019402622836     
   8.7466874574512712        40.227772748276699     
   8.5662089924854108        40.051140097898340     
   8.3915830658081401        39.876991155622527     
   8.2225650492690683        39.705203076304116     
   8.0589228811732543        39.535660008947531     
   7.9004362889855484        39.368252671857121     
   7.7468960706221672        39.202877960824615     
   7.5981034214734571        39.039438581767172     
   7.4538693198348716        38.877842715952781     
   7.3140139452432438        38.718003702651544     
   7.1783661358946871        38.559839740194001     
   7.0467628877917647        38.403273610785398     
   6.9190489053452886        38.248232440140811     
   6.7950761590084641        38.094647448790681     
   6.6747034504159641        37.942453707178224     
   6.5577960821440904        37.791589962733184     
   6.4442254692580745        37.641998415894854     
   6.3338688031342896        37.493624530068296     
   6.2266087857768451        37.346416896646438     
   6.1223332777184822        37.200327015717740     
   6.0209350833969841        37.055309195438880     
   5.9223116389503900        36.911320351120864     
   5.8263648364495264        36.768319932239073     
   5.7330007249916513        36.626269718482490     
   5.6421293765180742        36.485133774987723     
   5.5536646122780615        36.344878261954285     
   5.4675238770440044        36.205471387696313     
   5.3836280185066316        36.066883258180297     
   5.3019011342358731        35.929085793599022     
   5.2222704357819092        35.792052657072311     
   5.1446660663116281        35.655759128030738     
   5.0690209750830775        35.520182034395106     
   4.9952707908410439        35.385299677790293     
   4.9233536950313441        35.251091756561465     
   4.8532102899791436        35.117539273645228     
   4.7847835030856656        34.984624491978643     
   4.7180184745825926        34.852330856228747     
   4.6528624530714984        34.720642926449592     
   4.5892647067642320        34.589546325531238     
   4.5271764309025349        34.459027680791003     
   4.4665506505697694        34.329074544291444     
   4.4073421763570986        34.199675421270840     
   4.3495074775016693        34.070819607767341     
   4.2930046436051876        33.942497220759712     
   4.2377932986647533        33.814699126836885     
   4.1838345447520178        33.687416900480201     
   4.1310908917150568        33.560642785512840     
   4.0795262000912347        33.434369654731043     
   4.0291056290788410        33.308590977105794     
   3.9797955726877192        33.183300772878283     
   3.9315636165586860        33.058493587247668     
   3.8843784828716541        32.934164449459949     
   3.8382099904683433        32.810308854667916     
   3.7930290045681527        32.686922722098885     
   3.7488073953058629        32.564002370010435     
   3.7055179961775435        32.441544488229859     
   3.6631345689811865        32.319546115532660     
   3.6216317622694385        32.198004610047654     
   3.5809850855389871        32.076917639518243     
   3.5411708622416445        31.956283138901611     
   3.5021662034519276        31.836099295734577     
   3.4639489833179016        31.716364544031734     
   3.4264978010360156        31.597077528919208     
   3.3897919564489296        31.478237093900098     
   3.3538114236529046        31.359842264072938     
   3.3185368244173734        31.241892232619868     
   3.2839494049363069        31.124386341844726     
   3.2500310113890460        31.007324070568263     
   3.2167640672502875        30.890705016534902     
   3.1841315495283884        30.774528880486809     
   3.1521169754475418        30.658795471205384     
   3.1207043747596068        30.543504673630480     
   3.0898782791042287        30.428656456197448     
   3.0596236959417054        30.314250846326445     
   3.0299260894712750        30.200287908744393     
   3.0007713769797020        30.086767776336615     
   2.9721459018335992        29.973690609224590     
   2.9440364214686849        29.861056596305179     
   2.9164300926771016        29.748865947676045     
   2.8893144546621978        29.637118878599651     
   2.8626774229923106        29.525815626013820     
   2.8365072700566571        29.414956422526455     
   2.8107926146551745        29.304541496863155     
   2.7855224069068729        29.194571048082725     
   2.7606859292134631        29.085045322264392     
   2.7362727669060893        28.975964488008721     
   2.7122728097760591        28.867328712643321     
   2.6886762375222211        28.759138129889710     
   2.6654735132654670        28.651392854475262     
   2.6426553712864318        28.544092964877841     
   2.6202128089682857        28.437238504926377     
   2.5981370759051052        28.330829475741062     
   2.5764196737022962        28.224865854514636     
   2.5550523360099269        28.119347562434431     
   2.5340270299010439        28.014274488375221     
   2.5133359437642957        27.909646465972262     
   2.4929714739957425        27.805463266374161     
   2.4729262428069849        27.701724666519397     
   2.4531930618496025        27.598430354852837     
   2.4337649486567359        27.495580019505059     
   2.4146350881481760        27.393173185791927     
   2.3957968708367616        27.291209444289379     
   2.3772438572720764        27.189688296836689     
   2.3589697803477847        27.088609196543448     
   2.3409685398067097        26.987971547109911     
   2.3232341971094015        26.887774703036982     
   2.3057609702757307        26.788017968967907     
   2.2885432294493842        26.688700601608861     
   2.2715754920335289        26.589821809111172     
   2.2548524182966925        26.491380751860394     
   2.2383688072088677        26.393376543668015     
   2.2221195919698964        26.295808251078554     
   2.2060998368395106        26.198674898504777     
   2.1903047308683665        26.101975456909521     
   2.1747295877119335        26.005708861704210     
   2.1593698396774075        25.909874002291129     
   2.1442210341436119        25.814469723705042     
   2.1292788319289571        25.719494833129573     
   2.1145390022107677        25.624948096638668     
   2.0999974201646818        25.530828240779726     
   2.0856500637495898        25.437133953553019     
   2.0714930107629610        25.343863885368247     
   2.0575224366748031        25.251016654281663     
   2.0437346116332367        25.158590846792954     
   2.0301258955048156        25.066585003652023     
   2.0166927392785552        24.974997645101531     
   2.0034316787675341        24.883827250609407     
   1.9903393353359624        24.793072276802157     
   1.9774124117123302        24.702731149294024     
   1.9646476902021888        24.612802266097791     
   1.9520420305208181        24.523283998968136     
   1.9395923674899180        24.434174692788943     
   1.9272957093281389        24.345472670046657     
   1.9151491352929073        24.257176229967698     
   1.9031497948257230        24.169283654963447     
   1.8912949031182049        24.081793195717111     
   1.8795817419436103        23.994703089762300     
   1.8680076572096731        23.908011558006027     
   1.8565700560798670        23.821716797752018     
   1.8452664066518107        23.735816993450104     
