   44574733874.8956688706377404267817370      
   44574726083.8737444329066468476489970      
   44574717401.2818047865258203396712739      
   44574707743.8823732110386325997720384      
   44574697017.6916678130141502906523789      
   44574685117.6520187768890959292396457      
   44574671925.7599974628172155516196376      
   44574657310.9520489753320761633311643      
   44574641127.5924040018037869526230694      
   44574623215.4510806328306836040155623      
   44574603397.7512290854980527593748484      
   44574581481.7546143894748857972880783      
   44574557257.1108367040618423399646667      
   44574530495.3185019656104304148966797      
   44574500948.9178617968487122833457197      
   44574468350.7159338425482119011406333      
   44574432412.9017907992314176874583195      
   44574392826.0774151041731558509879791      
   44574349258.6035058944132445909949309      
   44574301355.2115532228675960957318008      
   44574248736.3091044284171689622123185      
   44574190996.8036150473680249743828743      
   44574127704.6748289825925043019401546      
   44574058400.2000888431583055998913438      
   44573982594.3676604129009558277537372      
   44573899767.4861076682614311647195526      
   44573809367.7982735471040393468115487      
   44573710810.0155846727993338754418973      
   44573603473.5006008856317039072317844      
   44573486700.5882514018404957393687834      
   44573359794.6876740853409590797050401      
   44573222018.2967916626383292369509480      
   44573072590.7730428085080369877097255      
   44572910686.0949965312808577425223085      
   44572735430.4114500428002478855902000      
   44572545899.2415638900697268732941358      
   44572341114.8288803045638744035021905      
   44572120042.9946220702591609990274975      
   44571881589.7419895467555160707061246      
   44571624598.0111016788966662868179979      
   44571347843.7241311775082763316904994      
   44571050031.7541777257781166667312144      
   44570729791.7444965376587790128939410      
   44570385673.3406794270140091117581456      
   44570016141.3631576042341268740937516      
   44569619570.5056229663106141846980758      
   44569194239.7010258399814545903441829      
   44568738326.2022131112127389813690281      
   44568249899.1333190096502772067651881      
   44567726912.8372014022393949286295551      
   44567167199.6093431530997095180785269      
   44566568460.2077142799840722519403534      
   44565928263.2994654136617292358704697      
   44565244025.7071787168951532127961075      
   44564513016.1477547750819595448205334      
   44563732323.8562202212732105686405058      
   44562898876.9417900029047501426466584      
   44562009413.7662344395133137522187725      
   44561060476.2586562901153141450505883      
   44560048397.9012083378239669224150424      
   44558969291.9257816934608320364165362      
   44557819038.0938094960174479535178309      
   44556593269.4821238769657557308550754      
   44555287358.4880925041849018259276097      
   44553896402.3429443364771667684606162      
   44552415207.9171115695592460679092129      
   44550838276.6745001937826954434066910      
   44549159788.7495088352452076393036278      
   44547373587.4962010756778168422311929      
   44545473163.7058737032336826291729331      
   44543451640.8893070227326358061471508      
   44541301762.7473301377396868895514683      
   44539015882.5791291080688326639421981      
   44536585959.3638410709415651829568532      
   44534003579.3278874199856168609617221      
   44531259911.5759741345925711526700184      
   44528345848.6034700628805549390228387      
   44525252045.7460518760934200612499376      
   44521969122.8048428650229190473135962      
   44518488000.1625049915095953528075119      
   44514800417.9212543979887104550529414      
   44510899026.6551055648785741941434197      
   44506770630.5484042995657792132343818      
   44502369429.8172393827248542284547884      
   44497649043.4467612999043734294777772      
   44492597116.8057732352147362411004386      
   44487192468.7328022272224392976430529      
   44481404625.0914771450310635952596991      
   44475201027.3215420143528142563215125      
   44468551956.1048797947187818512782793      
   44461433280.6886285969365607417501353      
   44453826818.1371691612747470743670335      
   44445719026.8380241588013071589868553      
   44437099034.7093263149825114486393924      
   44427957061.9138854215387003813130529      
   44418283155.2342889114601086817799737      
   44408066543.8713640174187238017461118      
   44397295313.4167730023926320211340953      
   44385956237.6955191247047645547555475      
   44374034924.1004480437441603934297153      
   44361515786.1214842829146752745523599      
   44348382168.4524014528264161957927915      
   44334616453.9633598056104679696951562      
   44320200098.7818623914950576392218584      
   44305113832.6004486656100535589322045      
   44289337622.3445848290864847404210177      
   44272850766.7521272243623984142921545      
   44255631955.6657949536234955756110013      
   44237659316.1552730250263307105982149      
   44218910455.4970654955751839080976699      
   44199362499.2840569454848411545749002      
   44178992126.3108568766398390293088282      
   44157775600.9387239604771203211965502      
   44135688802.1671162729940576677985718      
   44112707250.9253691266629156664391873      
   44088806103.5829173749522027114865723      
   44063960294.8856951060125099560814723      
   44038144390.1299799126730704309039245      
   44011332710.9636131972663245361321639      
   43983499328.5855780362412569192212157      
   43954618080.9392456880129954536524214      
   43924662587.2200111339748583373110463      
   43893606262.7150404340135721696182421      
   43861422330.4028573115117233674070126      
   43828083832.9084404838387734063579756      
   43793563642.7236341783279695840610269      
   43757834470.7686604011857892104772363      
   43720868874.6351039273804515364219597      
   43682639265.0405280779843989024064655      
   43643117915.1356419790121034527052701      
   43602276960.2422082919860850388909760      
   43560088407.1633485910068282808822966      
   43516524135.0061078356986165992293150      
   43471555899.8123765446940149517991151      
   43425155337.5453684582160020447239890      
   43377293962.0488509237975654548478496      
   43327943173.1155025412171949363364150      
   43277074251.6515705178006953554013316      
   43224658362.5539593250213587737273828      
   43170666557.6749779727265847078313905      
   43115069767.9415428533754772176158315      
   43057838813.7518911288187809385404826      
   42998944393.6171188867841964994613480      
   42938357092.3461718363352666131194321      
   42876047374.4101036423855930878495450      
   42811985583.5264013487334454080653633      
   42746141944.9080971489584247288815494      
   42678486560.7493272125799612806835513      
   42608989407.3519591971675830301048969      
   42537620339.4109878474659337729455122      
   42464349083.3718553917128815977894156      
   42389145236.5856142798317991662274769      
   42311978266.3045483211509772901655990      
   42232817512.1758361499333886965189168      
   42151632176.0397357316242186824957176      
   42068391329.3311506987984425488475698      
   41983063905.1263470964089586133502672      
   41895618699.5354572193011768325385379      
   41806024366.4902560799784458381337051      
   41714249453.7678251237115446857555797      
   41620262268.0811390650793688785621517      
   41524031073.0539416264492815767678804      
   41425523952.4499648692831612663871729      
   41324708842.5069093782881818709631993      
   41221553533.3010534835393728992674743      
   41116025663.9134685662899403551287411      
   41008092723.0591022385943835454375704      
   40897722047.5540844324934096924795381      
   40784880821.4528472355290946940126814      
   40669536073.8683601632444738193876963      
   40551654677.5594640023554479662528118      
   40431203349.8557226978575234079682634      
   40308148649.3144140396277988470675777      
   40182456976.1907696704881473109864096      
   40054094570.6933415457556378598420619      
   39923027513.4926178845139269766691605      
   39789221718.9356751349732878933854371      
   39652642944.0452458571484191152392169      
   39513256779.0514565423251761108273291      
   39371028648.1646424923148949846613874      
   39225923813.3607243441088717178706575      
   39077907369.4040433375998223689246266      
   38926944242.4002555568567512282324265      
   38772999192.8062030174603312513078057      
   38616036809.4382427631835954422258828      
   38456021515.5966227387397820138553773      
   38292917564.4161080042740489767502925      
   38126689032.7807165256043739985291442      
   37957299832.3397265292624876399680994      
   37784713700.4769077820780179509450571      
   37608894202.0958072862563274033792566      
   37429804729.0608287529354775188633121      
   37247408493.6351990967922608893820112      
   37061668554.3774525527197156638954088      
   36872547765.8035746148852348419300646      
   36680008826.0513156515382528897504950      
   36484014252.9921560395721607250518311      
   36284526387.9567354845938832723353427      
   36081507387.5829628813040033653269655      
   35874919245.6388441271631277612549686      
   35664723770.8460450206234168280881820      
   35450882589.9355102396851624963440471      
   35233357163.8242400198931027533914123      
   35012108761.3578501381496583180948015      
   34787098476.4926663928498993439493194      
   34558287223.9236121038841512626455645      
   34325635737.6090197879939709535286312      
   34089104571.0633851619764604076016701      
   33848654097.0480114377130573586913049      
   33604244507.1557329496005982028673389      
   33355835811.3977246080825904380806579      
   33103387838.0026813018540865797609643      
   32846860233.0697211522585464846007114      
   32586212460.0184593976108879716031731      
   32321403799.8810473194948364758092474      
   32052393350.7262769289548872937443431      
   31779140028.2280226965656758148728445      
   31501602565.8641342311319093520824561      
   31219739504.2767453413735664393323061      
   30933509210.5102084686882666222016198      
   30642869863.6343188829260310537128350      
   30347779458.4768349203444366701404908      
   30048195805.1267660875526032226276777      
   29744076528.8002326653874639827322734      
   29435379067.6758015069669899731652939      
   29122060677.7172492130290391554945055      
   28804078426.8768714157503556681197945      
   28481389202.2144344064503253524189178      
   28153949698.6052295258061451237357904      
   27821716429.0699207484808068659522240      
   27484645718.8178410255788520044692483      
   27142693706.8182500947314435840130456      
   26795816344.7655601243760561009434833      
   26443969397.5305340884069578223797552      
   26087108444.6794947552327088425654123      
   25725188879.7738241744928788152732455      
   25358165907.8203886707820390469542405      
   24985994544.0029664837294812344085056      
   24608629624.7803630487961447616139152      
   24226025787.3369399914960290522270612      
   23838137489.4986004711951721352618253      
   23444918999.4199604984371259168589756      
   23046324395.8046227433484543454321379      
   22642307571.2343929330064940940217727      
   22232822229.7031994657820062707396653      
   21817821886.9381909831471207407258570      
   21397259870.7467059239244726513538849      
   20971089322.9371898518094795156788526      
   20539263191.8508233092775466698545281      
   20101734242.7466293196714758545310737      
   19658455050.0409097829071729544766414      
   19209377998.8422210691431123525445457      
   18754455286.6228432207474703269446789      
   18293638921.3020182052564520221369103      
   17826880724.4058277353052446680198539      
   17354132327.3759828950131372794654662      
   16875345173.0837354591165928792967286      
   16390470515.3384778115054231394962449      
   15899459419.1200121121690381082170444      
   15402262760.7243319751768412419603487      
   14898831223.4716650231414791053960254      
   14389115308.9452884626987471525997686      
   13873065324.1897144292531156637012633      
   13350631391.6034712224227941840280697      
   12821763442.3624357530017606604803023      
   12286411218.5801044876447005704880314      
   11744524273.3523036777079252525982103      
   11196051964.2799253191173873786058425      
   10640943468.8578216432260957574430189      
   10079147777.9930295601403644406448092      
   9510613688.10573884881394430594119381      
   8935289802.92356655352380274698214696      
   8353124539.78277108761095345897242342      
   7764066130.42926069764700737838499709      
   7168062616.47503255732637122159691439      
   6565061850.19606676431444121738575316      
   5955011494.95771260593017737235424362      
   5337859023.07758040753647839225880533      
   4713551717.52335632822192237206179173      
   4082036671.80284588033093495342006060      
