  -9.79249677160037404300964573968562218      
   430.851528655053620328455535996089555      
   1023.73041606637049220328069575134483      
   1796.94301404780682850160073680930194      
   2777.53876356035178007875915168080428      
   3990.45559729068262155113864894028312      
   5457.53523440326531402319288188168916      
   7196.78878224899975935723364251443146      
   9222.18217552660992190618204985919234      
   11543.8932760227052584971141393465820      
   14169.1937249696511272622511346418063      
   17103.6961691120184365010424163414203      
   20353.1737901658991481188310751220912      
   23925.8364983615945065468834961436933      
   27834.5732872630266016677166581732702      
   32099.6576490293834009231308815575584      
   36751.2273468752837644690691263138294      
   41831.7650847849050203319016028562749      
   47398.1469680562285860630412382844441      
   53523.8057784116912559185265160311423      
   60300.2818147883267836951013546901758      
   67838.5645515451367846812225985485379      
   76270.1000293775363602381642670404080      
   85747.7517723550431657099586459129932      
   96446.1413393812005884342505550295162      
   108562.238232818320900598747432783439      
   122315.437205903829408836050303180421      
   137947.807432224006182473159048395678      
   155724.157883404678969000271232489305      
   175932.090249126233014057956892683821      
   198882.136175734776797550659260672735      
   224907.969580996222102589730890591223      
   254366.562664843669077147370748597437      
   287638.696257340552813545871918781120      
   325129.350446211871399998845450277611      
   367268.480559436036847918804286220217      
   414511.846317930638799116488980667595      
   467342.057084969458173242246689649923      
   526269.908238105576066208916605748220      
   591835.689902231128275094648242184485      
   664611.466962371200353001253028395738      
   745202.422768353110614657728393052542      
   834249.210803512758909048543531991261      
   932431.051884352757685794384764204021      
   1040467.97440676333493729694841507302      
   1159124.76230051909834290489370837970      
   1289213.40017720375451602190354824398      
   1431597.91389035007353240077227465093      
   1587198.14084789620559215950125021165      
   1756993.91619281406913821875796837520      
   1942031.10793735069195301865532732297      
   2143426.60840347918170408192654876454      
   2362373.44609598516351139399056802871      
   2600148.43999198384290215888678591072      
   2858118.82013412848692473150837631955      
   3137748.87697061666950492844742137175      
   3440607.80488314884624067876372617075      
   3768381.17464099246981473602351470641      
   4122875.54158805298622944750316759056      
   4506030.06541280009602998256199323410      
   4919930.48633385624324785188610696699      
   5366814.02964320736442475610869396028      
   5849084.38210310965144511511142417585      
   6369326.34586179936325933313138613252      
   6930314.53297416794670222595617863943      
   7535030.15529338906313177277897004707      
   8186675.33262307469947964444937162218      
   8888689.20376401430836036182167145028      
   9644761.35374264311186450420744840587      
   10458852.1040494922812712703031676357      
   11335208.1307948074463916220472542926      
   12278384.2816302971346953357291979291      
   13293257.8248267132566223815758451722      
   14385054.6427115179281549368366970793      
   15559369.7459503967212445261282140644      
   16822187.6359856433237930506329542076      
   18179895.6771500085736348750999828306      
   19639260.8074914854797234824793006698      
   21207375.9133286462379632178112384177      
   22891744.9193483443820145856487668303      
   24700472.5912802849918981227746936801      
   26642407.5250294964676965652938054066      
   28727107.8237522689739153981907240995      
   30964725.9562932664486180131068793029      
   33365949.0432990716245713945254844949      
   35941873.4289961746691606995150864682      
   38703916.7563012531723335307228965121      
   41663801.9390523048596826447506540601      
   44833472.2610013806978563062009595573      
   48225238.6708056435845713186283031105      
   51852124.9661665349023610604220567854      
   55728289.9417087416238498441507376053      
   59869426.7988425614075722826594385531      
   64293239.7038560301724491418834486908      
   69019922.1247748004938932260165283774      
   74072090.0279837026596325876705490244      
   79474572.4645202842226662032748855955      
   85254326.0141142702858743129873227147      
   91439675.4307082579002061698579202724      
   98059357.1883178649677022269950801770      
   105141872.851302253075809303904954634      
   112714653.654028182386909494779074530      
   120803100.041443889531797009465091574      
   129430013.843666003369440184419300548      
   138615386.059206513963748411057087809      
   148376162.869598584795772443409241964      
   158726425.993348128134639559552305464      
   169677939.944622336853410174974363669      
   181240740.612313239732962827137513715      
   193423897.849122745962192172366541529      
   206236324.964698687167461821272205045      
   219687461.071176897387287287975857368      
   233787718.313238148195057294834409046      
   248548745.214853274986975122124906398      
   263983445.553322999395982885707604564      
   280105795.704091088071685230990199512      
   296930741.238854061518188240291205955      
   314474110.260052080035414561006533805      
   332752331.154995294509275249045206583      
   351782228.470849449200302081151758496      
   371580910.312567683661001435974930801      
   392165809.755189257991862651405953299      
   413554759.575765715039740430415171607      
   435766028.617283026630367848092288519      
   458818312.256037669145046167206741228      
   482730685.728574383437149616305029739      
   507522586.732002080885476370871629950      
   533213785.432626262818158173723021820      
   559824354.510581732466764351945397014      
   587374661.845667625636176517054340078      
   615885360.957880025265178132338702495      
   645377373.347881662827650226678222289      
   675871888.181656879311323483744820723      
   707390350.023413325965241931017462760      
   739954459.197525031779167101464276206      
   773586159.830384390527103140222090434      
   808307638.244536094086788657551289574      
   844141321.715364034858819781982276431      
   881109867.160296077156774914442172794      
   919236160.531385990134846553089767542      
   958543318.117298371699261864888775412      
   999054677.802532680626867152086791437      
   1040793803.82605263205393345596977416      
   1083784473.38028412891770165800870346      
   1128050685.07305306738238673416491734      
   1173616650.98457581285580755629365118      
   1220506791.60819308568486711566066531      
   1268745744.12984228455473779502251250      
   1318358356.12444494457194695267005703      
   1369369675.85009623701629729333598149      
   1421804962.77507771746132219863356014      
   1475689685.76479924633298950891049648      
   1531049513.10242466960703212455610157      
   1587910305.78814946019400800028201834      
   1646298157.24741977979101179164290032      
   1706239333.11760571135118693009897386      
   1767760293.37640545628550375023303206      
   1830887739.42716424459865660462302513      
   1895648529.49341259612930975932995138      
   1962069721.86209672673583589794920055      
   2030178602.92455906590525690203962255      
   2100002624.14041267894550450865625884      
   2171569439.64766732251802128099891534      
   2244906905.91045479878516566789687291      
   2320043066.89972056308030895527165695      
   2397006163.45089233184614713650368803      
   2475824623.38759996195200462199831070      
   2556527074.93380205286163187632770193      
   2639142335.57374098318597613375702003      
   2723699411.56011370872634309674271817      
   2810227504.17403946212632633358419883      
   2898756004.25152792855430025340250048      
   2989314493.32571922417715109991680655      
   3081932745.39912191814129571121734185      
   3176640720.19095127114235682395489560      
   3273468572.02629352937436358401312903      
   3372446637.31957055612968960419383614      
   3473605448.35816138595771947077288636      
   3576975725.47336345193956082035675683      
   3682588374.90814958651922493224565816      
   3790474494.81759056598348383124586530      
   3900665369.15590863976587595906157801      
   4013192471.50037561146645673192918549      
   4128087464.54840926922377734316150638      
   4245382196.23330695017252224777439444      
   4365108704.20739714190877926380295161      
   4487299214.56421721459756811010296846      
   4611986138.35263275194277304977935682      
   4739202076.53041427011541960473800000      
   4868979817.22110477067793856937123477      
   5001352334.49508391555421348163457136      
   5136352791.05094729208101753060815777      
   5274014536.80342967115329158619355454      
   5414371108.99937922968348278180772403      
   5557456230.62006240979872091413210232      
   5703303814.14254820533787389459768503      
   5851947960.33909088123737283580161141      
   6003422951.41764528264213248675949032      
   6157763262.71703960606392528394295138      
   6315003555.36314697670248508279098361      
   6475178673.40947532677860159218511270      
   6638323654.24923003057041224710637478      
   6804473717.55656258654379891373155561      
   6973664271.57575581807479593007446883      
   7145930914.46190155166639364182696669      
   7321309426.11542045775003152570961185      
   7499835780.15490566009991185544782939      
   7681546131.77193278308924146356773934      
   7866476824.91540234107897869776754589      
   8054664394.10432984624825885225396979      
   8246145555.60072599447166855202680183      
   8440957217.28064971196335644878732234      
   8639136472.01667081105527344902677001      
   8840720601.39288286433267707760748236      
   9045747073.53810176856241515556962644      
   9254253544.72266897212967225009377771      
   9466277859.13738894303138552489165895      
   9681858044.58506264227377048531350274      
   9901032322.82837496557131017743938900      
   10123839097.6535754664098534834242280      
   10350316963.5545972952715649194648614      
   10580504702.2724349579003731623728683      
   10814441281.2215143750985116251976727      
   11052165857.2676232217859694555186481      
   11293717775.2594617515034547942227964      
   11539136565.6263052179991026910001497      
   11788461949.1744439574632402700847515      
   12041733834.0690432287866537053991543      
   12298992313.2460935631360622745827069      
   12560277670.6076001195810064340812976      
   12825630379.6752422128170955873357739      
   13095091093.5116528702107510074154731      
   13368700664.2414578058373661853313826      
   13646500127.8191740971437870701943303      
   13928530699.9611574578870152358834762      
   14214833799.1645684767866901992380925      
   14505451025.0841947071635648430179883      
   14800424156.8167939256250689492146930      
   15099795177.8531549069983424034205232      
   15403606250.9542418892039743172830880      
   15711899722.3442671803916976406732469      
   16024718136.4087623046394246387533923      
   16342104220.9568475750845868217625540      
   16664100889.3164280540927052156689999      
   16990751247.3959481730224926027815717      
   17322098588.2157651617786202734942284      
   17658186391.2914120107552966254789474      
   17999058326.8529286757950569116434071      
   18344758252.8839873787303472732767690      
   18695330216.1572821797531586706476021      
   19050818449.6384364969918535160758901      
   19411267376.6540801886317760695390786      
   19776721609.2563758994273105606858038      
   20147225944.2362452249772076046072137      
   20522825370.3617667962079200793014255      
   20903565063.9941712478233590550179884      
   21289490389.4825491538055739190827394      
   21680646899.4430409258805805632785701      
   22077080334.2439945235628968233468576      
   22478836624.7815582512509393036405330      
   22885961886.7352915885512038126129660      
   23298502424.9924301619933150984337908      
   23716504738.3709785861562225115784089      
   24140015505.9260962484150618732157335      
   24569081598.5459306464378788089659332      
   25003750079.3694729017181737528691980      
   25444068193.4833025107800628635776992      
   25890083377.0181656234674368238139400      
   26341843256.3974429550327460552369917      
   26799395643.2704793199318749885872956      
   27262788538.4772876820980201057261183      
   27732070130.9253750586386439880595213      
   28207288798.7032993608806776593573936      
   28688493106.6939198322097770887160717      
   29175731809.5574619699919093498116858      
   29669053849.6036587857084574410826066      
   30168508357.7134355757339077645851906      
   30674144651.5055843614129537534547761      
   31186012237.6634282621006947432016897      
   31704160811.3936693461425150287479782      
