2.6030123120132791997031399725276462e6
63708.58600652567225552874551420408
4661.1777603859763361343356861787847
636.177665457039906176215787540688
133.31282630832298918381470050150061
38.59551679612552821313103803634624
14.434422340051520843988601710263868
6.643837279725164087339277344231365
3.622558915881374373708795092492286
2.2671907463656657664191037285374852
1.5857951031386924084938726731940003
1.2114487011735639323928280258505606
0.9906256954947819158975993837345814
0.8521939230749182173420938371831702
0.7604198557176949480212860520214345
0.69801821252645843631692525692042982
0.65804185039334454186928893764089821
0.64044894522669403688149042464340622
0.64644167533881493016253838676037201
0.67142633102965605145649831452101292
0.6945111865034070176728609331365532
0.6569243395390931722364829769896553
0.42941626686082792396916680176550418
-0.23230138420434187617492208734137554
-1.7089793649980854173431391642200146
-4.4383761799353697149378955423750142
-8.803976812922289781783156322186453
-14.2586092229116891458635817359684
-19.310566482528830192443554488670135
-20.655917085785294125513997834513258
-15.20055856328291628092164684672369
-2.96936174999380704455638868783937
12.67935478447204071618394335116995
25.61197571690288972934736703966997
32.476874943447028780657750623056253
32.791324065931903900608125132859565
28.63428335515386647246750582176409
22.71430871735458278856500958095221
16.87397381237207649803510978002298
12.00063757100775227609382414103295
8.300897381786601405136853669269775
5.636562949737162109218105360339624
3.799929563866683840581322185706641
2.5566354058025911502741004116631253
1.7223873289663377190576809626799479
1.1623376921288235909418778765772854
0.7895642963657249458345682096912921
0.54163408044772920863131599808978892
0.37343547716878735441765989477266345
0.2596677827324274298680422740388575
0.182179099127191387004397734245843
0.1288372911712522987613754038419086
0.09183425470567847159122672704222392
0.0660331035819696531121409607441787
0.04781524118877413827414796046840269
0.034876153901580935816552156704958
0.02565958268222177674533934074972682
0.018985749677280906401691590194134103
0.014152913959961743629227644630734132
0.010646807263148997559903472969506437
0.008069321758839028045954137487561768
0.006176355910897336103386003973124081
0.004786263972135882729884563084236766
0.0037735325328547276767250224488221786
0.0030490892195418168550522001497821802
0.00254545834889006693140562643856233
0.0022015624713332460095519012994919199
0.0019461371107464662579415227457224419
0.0016729997884479611512756713708588395
0.0012488369198102546929722447482149745
0.00062679240124132229862604361832660836
-0.00001801550621422758497843798120981602
-0.0003449493812706613143888214852099254
-0.0002161806498220131124558128024338482
0.00012443182092634926059540302162919266
0.00037220290737140953702497794246243149
0.0004429268717045960011796073903896228
0.0004040735788080240707874732784609955
0.0003328652932089893224590599417020337
0.0002738193189942976993647583879498937
0.0002224532527995484447966814515704635
0.0001938458362309266048876518239080591
0.0001844201193646106885393653870658718
0.0001871393994600879228279762840543411
0.0001850025550935692987446788959692918
0.0001834235493063973362758015285040383
0.0001893136115792000502024801690349036
0.0001927782094167262340367884868691999
0.0001998533875391114735127831582129451
0.0002020739956412303371569096824833624
0.0002035255139157073167819043673415623
0.0002043900200527132624508805326346203
0.0002059677508915845132449019344529556
0.0002057912065598980961129070562466296
0.0002040812949163638415536923862974274
0.0002045225154995366316274366846307114
0.0002046664084260966084469036521768977
0.0002023982594954997179405046754456707
0.0001999135446651792308780020916826663
0.000199023934737201650132362641276668
0.0001985246210409185390815225450309211
0.00019564198927643681997770159379909722
0.00019307480485736191589469655220148634
0.00019145895343339484087796453376406896
0.00019052720576712913330686714936587458
0.00018819377360242090639492370517019504
0.00018590513736999634142926617632965889
0.00018402096365566453712119153572915303
0.00018235340531311441945908178036479449
0.00018006406680405268946406739746387501
0.00017903674095442422011382885857064918
0.00017651573323504928804499358763606352
0.00017484671406133160251736571371499977
0.00017275740163629144930454818299067175
0.00017202502249393385023695184266960332
0.00017000467588493709571051982008976424
0.00016847086632476250712694098125348263
0.00016684979661782049326727312663283548
0.00016527574698468738080261506601318779
0.00016394110293211033336964070513499542
0.00016215588776338824154543546627381456
0.00016126874689297050996749148610762328
0.00015932588391838977900120101356895416
0.00015859800110983568951598845961766285
0.00015655228309722023937155813853701234