   47.326235308428870        64.314490046515729     
   47.326235308428870        64.314490046515729     
   47.326235308428870        64.314490046515729     
   47.326235308428870        64.314490046515729     
   47.326235308428643        64.314490046515616     
   47.326235308398651        64.314490046500637     
   47.326235307396558        64.314490046000017     
   47.326235293486860        64.314490039051037     
   47.326235186835170        64.314489985768347     
   47.326234648728366        64.314489716915858     
   47.326232647573242        64.314488716972519     
   47.326226726210948        64.314485757620844     
   47.326212022657877        64.314478407131375     
   47.326180192548563        64.314462488915723     
   47.326118420789662        64.314431582346714     
   47.326008669938552        64.314376637992112     
   47.325827293917811        64.314285774060593     
   47.325544998876197        64.314144240508242     
   47.325127145398163        64.313934548456317     
   47.324534301562281        64.313636714531228     
   47.323722953637855        64.313228568462478     
   47.322646279256716        64.312686071388754     
   47.321254931534241        64.311983619412146     
   47.319497726198840        64.311094275241842     
   47.317322315757465        64.309989987963931     
   47.314675733484066        64.308641742562557     
   47.311504934188527        64.307019728643255     
   47.307757264584204        64.305093499112559     
   47.303380952975481        64.302832184474909     
   47.298325588745236        64.300204748971083     
   47.292542624125709        64.297180312855957     
   47.285985872730691        64.293728523817450     
   47.278612019176443        64.289819978455839     
   47.270381100785457        64.285426665664630     
   47.261256956651096        64.280522417376687     
   47.251207616367985        64.275083339672676     
   47.240205627164791        64.269088213344403     
   47.228228289575668        64.262518836409498     
   47.215257811000804        64.255360305344297     
   47.201281363509004        64.247601219750734     
   47.186291050904799        64.239233809684578     
   47.170283785741830        64.230253982157279     
   47.153261096291494        64.220661296472230     
   47.135228854000893        64.210458863812718     
   47.116196957699984        64.199653191987480     
   47.096178959116088        64.188253970217460     
   47.075191661586388        64.176273812803657     
   47.053254697857263        64.163727972005276     
   47.030390087599564        64.150634017071809     
   47.006621799527316        64.137011504482444     
   46.981975321962899        64.122881642780968     
   46.956477231647163        64.108266944769767     
   46.930154793342091        64.093190894953423     
   46.903035575645255        64.077677622641772     
   46.875147088485306        64.061751586893422     
   46.846516456430145        64.045437284058366     
   46.817170110301895        64.028758968233632     
   46.787133512436000        64.011740395582819     
   46.756430910186367        63.994404590091904     
   46.725085115526127        63.976773630274501     
   46.693117312853126        63.958868458394150     
   46.660546891060747        63.940708710697905     
   46.627391299587437        63.922312567782619     
   46.593665925491763        63.903696624472651     
   46.559383996602044        63.884875782816955     
   46.524556485313830        63.865863146291595     
   46.489192053161084        63.846669952421465     
   46.453296993841363        63.827305503336135     
   46.416875186026118        63.807777111490232     
   46.379928071315959        63.788090061875678     
   46.342454622600549        63.768247579673350     
   46.304451339568168        63.748250808267493     
   46.265912231404144        63.728098791626813     
   46.226828814246495        63.707788466453643     
   46.187190108099529        63.687314656279000     
   46.146982638758381        63.666670072231483     
   46.106190432826800        63.645845311772135     
   46.064795016228750        63.624828862876626     
   46.022775416399298        63.603607108599149     
   45.980108140425450        63.582164320279212     
   45.936767186180262        63.560482676810899     
   45.892724007024491        63.538542249873487     
   45.847947505862777        63.516321011815805     
   45.802403988268360        63.493794814345222     
   45.756057147942713        63.470937395944681     
   45.708868004625010        63.447720352176241     
   45.660794872009063        63.424113130043381     
   45.611793266181515        63.400082979770161     
   45.561815642571673        63.375594825906788     
   45.510812115614108        63.350611652647942     
   45.458729199968204        63.325093839099075     
   45.405510420114659        63.298999477964877     
   45.351096030415825        63.272284232250442     
   45.295422872699334        63.244901256752208     
   45.238424194362473        63.216801090157283     
   45.180029486000265        63.187931565751569     
   45.120164280363497        63.158237694912209     
   45.058749933458984        63.127661531506675     
   44.995703379773950        63.096142031861177     
   44.930936860369933        63.063614883970907     
   44.864357641191944        63.030012338483807     
   44.795867671075754        62.995262994218677     
   44.725363253376401        62.959291595215582     
   44.652734647766977        62.922018780889417     
   44.577865624551436        62.883360801738881     
   44.500633051930613        62.843229257473958     
   44.420906363263072        62.801530758680094     
   44.338547040493467        62.758166592370273     
   44.253408022245992        62.713032340482279     
   44.165333081098737        62.666017475868934     
   44.074156155649895        62.617004926772779     
   43.979700636956757        62.565870609874821     
   43.881778614734444        62.512482934679149     
   43.780190091608645        62.456702281095090     
   43.674722120090131        62.398380441319603     
   43.565148009954129        62.337360068126422     
   43.451226430171566        62.273474087182237     
   43.332700558024634        62.206545117991723     
   43.209297263127176        62.136384914198317     
   43.080726324221835        62.062793824238454     
   42.946679789077841        61.985560332952332     
   42.806831419973108        61.904460661711006     
   42.660836421426971        61.819258528468254     
   42.508331353958397        61.729705048921197     
   42.348934489874985        61.635538891400394     
   42.182245518717465        61.536486052948064     
   42.007850820457918        61.432263083917739     
   41.825319721877484        61.322574760093019     
   41.634210797713145        61.207117981981710     
   41.434074432496807        61.085583397787978     
   41.224457096465656        60.957658116178330     
   41.004906383392438        60.823028934014431     
   40.774976742119208        60.681386036680749     
   40.534235723269475        60.532427062156046     
   40.282270428239279        60.375861339854197     
   40.018693865542474        60.211414109563023     
   39.743150760652028        60.038830436210439     
   39.455322376376955        59.857878537033244     
   39.154930003735053        59.668352287305567     
   38.841736737620664        59.470072662499284     
   38.515547537119737        59.262888112631359     
   38.176207096927705        59.046673443300286     
   37.823598050931096        58.821329102008505     
   37.457630370659139        58.586774622386926     
   37.078245681380018        58.342951665591407     
   36.685404661727262        58.089816233443891     
   36.279086127993935        57.827338310186960     
   35.859274173045080        57.555493833773980     
   35.425966284209501        57.274270110661327     
   34.979165195549662        56.983660766116053     
   34.518880199726787        56.683666768661659     
   34.045128837947708        56.374297658497198     
   33.557940182806028        56.055573781289958     
   33.057359788893379        55.727529537516631     
   32.543456095128413        55.390217506019923     
   32.016328207284346        55.043713354087203     
   31.476114852497091        54.688121373283963     
   30.923004359740602        54.323580508667931     
   30.357245339134366        53.950270626868118     
   29.779157883665039        53.568418873269671     
   29.189144881369227        53.178305819146615     
   28.587703062922611        52.780271131248682     
   27.975433386802845        52.374718507257697     
   27.353050270373473        51.962119581036205     
   26.721389196646243        51.543016543475531     
   26.081412212277073        51.118023273147990     
   25.434210868658141        50.687824799563934     
   24.781006139734561        50.253174969791665     
   24.123144960716076        49.814892279886017     
   23.462092924763692        49.373853770689628     
   22.799422946864372        48.930987038934653     
   22.136799603835179        48.487260335849420     
   21.475959145669179        48.043670843724563     
   20.818685392411048        47.601231275310830     
   20.166778223716140        47.160952581145466     
   19.522038628276519        46.723838250463103     
   18.886212496686127        46.290852257705964     
   18.260975028096556        45.862913750233190     
   17.647895769170994        45.440879090483726     
   17.048410994474843        45.025528352333957     
   16.463800621494645        44.617554207916022     
   15.895170698688180        44.217553673557859     
   15.343442087702691        43.826023024975981     
   14.809345499423307        43.443355940442579     
   14.293422609779785        43.069844735432120     
   13.796032516230815        42.705684285302802     
   13.317362700600642        42.350978233166160     
   12.857443362789349        42.005746876362714     
   12.416164017084389        41.669936158579439     
   11.993291564192116        41.343427461984660     
   11.588488383163998        41.026047187656182     
   11.201330422719288        40.717576472705588     
   10.831324183662980        40.417760193399381     
   10.477922448534885        40.126315310043744     
   10.140538442715071        39.842938360485753     
   9.8185583362814626        39.567312063389451     
   9.5113520401830360        39.299111012444079     
   9.2182823799343847        39.038006504748083     
   8.9387127315043706        38.783670554481709     
   8.6720132600026414        38.535779166513890     
   8.4175658916933926        38.294014933165244     
   8.1747681958120033        38.058069055601251     
   7.9430363537254376        37.827642899480914     
   7.7218072694212774        37.602449073199189     
   7.5105400507563900        37.382212193926016     
   7.3087169184741452        37.166669344096299     
   7.1158436419864639        36.955570277440849     
   6.9314483972435426        36.748676198386107     
   6.7550867011459816        36.545764804497985     
   6.5863330321811775        36.346622087596053     
   6.4247856990394814        36.151047437304399     
   6.2700647186372063        35.958851864018868     
   6.1218110042284346        35.769857555328812     
   5.9796855003288218        35.583897407246603     
   5.8433682124142816        35.400814470072419     
   5.7125573774917413        35.220461542457073     
   5.5869684788211025        35.042700611151979     
   5.4663333541549850        34.867402375713745     
   5.3503993009558943        34.694445768136447     
   5.2389282009383331        34.523717473636800     
   5.1316956868767756        34.355111482854490     
   5.0284903448741707        34.188528662804664     
   4.9291129367376838        34.023876330746113     
   4.8333756766248301        33.861067864846561     
   4.7411015356661865        33.700022326909284     
   4.6521235890960311        33.540664106776042     
   4.5662843953508707        33.382922586234621     
   4.4834354175333635        33.226731821537150     
   4.4034364680711660        33.072030242994188     
   4.3261552010951245        32.918760377746146     
   4.2514666251973123        32.766868581978095     
   4.1792526406893362        32.616304778480334     
   4.1094016317992992        32.467022250917218     
   4.0418080605199327        32.318977407612692     
   3.9763720935009519        32.172129580672831     
   3.9129992528384459        32.026440829277632     
   3.8516000933385026        31.881875764958430     
   3.7920898861301309        31.738401353667101     
   3.7343883727224640        31.595986865366982     
   3.6784194363513190        31.454603555479704     
   3.6241108981219279        31.314224649153658     
   3.5713942714236633        31.174825174694472     
   3.5202045430041564        31.036381843387481     
   3.4704799711193934        30.898872938606431     
   3.4221618908087219        30.762278198319979     
   3.3751945414983564        30.626578731725832     
   3.3295248951292038        30.491756911388652     
   3.2851024989665247        30.357796283312283     
   3.2418793365967509        30.224681505733933     
   3.1998096829847968        30.092398249424530     
   3.1588499772044409        29.960933128832103     
   3.1189587138996910        29.830273676507886     
   3.0800962964411087        29.700408150261975     
   3.0422249801415640        29.571325658983557     
   3.0053087330390884        29.443015973664966     
   2.9693131640237915        29.315469523710806     
   2.9342054255652776        29.188677339411434     
   2.8999541337733605        29.062631000656463     
   2.8665292945612975        28.937322611094267     
   2.8339022256885817        28.812744738825959     
   2.8020454923486380        28.688890391884332     
   2.7709328384393102        28.565752969669461     
   2.7405391333178644        28.443326252202301     
   2.7108403078694470        28.321604348847789     
   2.6818133051255915        28.200581681034052     
   2.6534360278770386        28.080252950893385     
   2.6256872912175027        27.960613118200204     
   2.5985467779695317        27.841657376935867     
   2.5719949965970503        27.723381133707491     
   2.5460132404899518        27.605779987527793     
   2.5205835505357279        27.488849711265672     
   2.4956886795623854        27.372586235282785     
   2.4713120582135097        27.256985628274375     
   2.4474377636417946        27.142044086406180     
   2.4240504872630622        27.027757910279220     
   2.4011355131453831        26.914123519205607     
   2.3786786810277540        26.801137399849775     
   2.3566663672204222        26.688796122434912     
   2.3350854589103531        26.577096322639491     
   2.3139233311190632        26.466034691017999     
   2.2931678254023420        26.355607969738131     
   2.2728072292215957        26.245812943351101     
   2.2528302546182886        26.136646424110918     
   2.2332260226130161        26.028105257396355     
   2.2139840431982503        25.920186306864437     
   2.1950941994868320        25.812886451682402     
   2.1765467320340441        25.706202583317062     
   2.1583322236538098        25.600131601685160     
   2.1404415839887485        25.494670403635133     
   2.1228660387343763        25.389815897412994     
   2.1055971129967674        25.285564978912898     
   2.0886266226722845        25.181914548910488     
   2.0719466553942310        25.078861473446409     
   2.0555495701599331        24.976402634656193     
   2.0394279778531632        24.874534885845282     
   2.0235747393862469        24.773255101040469     
   2.0079829455552805        24.672560105629657     
   1.9926459133620955        24.572446713221364     
   1.9775571756664252        24.472911712390459     
   1.9627104810913794        24.373951915911967     
