   44574782309.9353150802759631894605173      
   44574782272.9318019199375453712283898      
   44574782207.9351768363561602274535991      
   44574782100.6448670571058641357129277      
   44574781932.6364984757280502948065116      
   44574781681.1631221204991673506077012      
   44574781319.3583355539757681956954294      
   44574780816.4635542082483939539497144      
   44574780138.3987664367351420917209123      
   44574779248.4630376039730340816872114      
   44574778108.0744614785863763086271532      
   44574776677.4653759705076573593429729      
   44574774916.2364955855222934593494979      
   44574772783.6973357872806402843832079      
   44574770238.9123830625227276294831739      
   44574767240.6070808490301369365258782      
   44574763746.5853642146939327526771693      
   44574759713.2706501945497880163944367      
   44574755094.6962672455133353036440992      
   44574749841.7311007386975020061732330      
   44574743900.9286453496221887760553568      
   44574737213.9518383502817297275955990      
   44574729716.4161229724337528515513007      
   44574721337.2160003195367663524165787      
   44574711997.7892987862186768390077540      
   44574701611.5308657562193386169121249      
   44574690083.8725105101258983733156703      
   44574677311.2864574157446156556484819      
   44574663181.8709118792792240671724373      
   44574647574.5560338895940254207962111      
   44574630359.7418380133427299715630945      
   44574611398.4097736114301297564739612      
   44574590543.3500290998858534398975263      
   44574567638.4569711483628942636848132      
   44574542518.9153288289884991711008169      
   44574515011.2993407184858621578400029      
   44574484933.3982001615224185707345687      
   44574452094.6701133099975766819321819      
   44574416295.5824393760281890221647339      
   44574377327.5461994748364831358454705      
   44574334973.1361695820719936759498174      
   44574289005.4212868064432336714748341      
   44574239187.7172230885713009944378520      
   44574185273.4307797734127057250169584      
   44574127005.4856103410474573831860436      
   44574064115.9337158923586649601306737      
   44573996325.4836283974921604424614535      
   44573923342.9717923541541180710382648      
   44573844864.7998107122916493127140804      
   44573760574.3012348161363407252572362      
   44573670141.2300684014904035595444323      
   44573573221.0224690614049987294336637      
   44573469454.1565170191665874854621908      
   44573358465.3480524079246266303392015      
   44573239862.9165304832823730677377802      
   44573113237.8325425115538590864242635      
   44572978162.9721629910922943481538991      
   44572834192.2573148807412216698000565      
   44572680859.5276938428826781992684243      
   44572517677.7172051728821298894004283      
   44572344137.6821331525704530717521125      
   44572159707.0900531981116322125610552      
   44571963829.1303507055153577208438262      
   44571755921.2415849753767037625893874      
   44571535373.7950237572618424036616846      
   44571301548.4482133181522909082397195      
   44571053776.6050783719242962181818612      
   44570791357.7268172024581144244439745      
   44570513557.4840140280604795038706337      
   44570219605.7793705300607311560941969      
   44569908694.6869594351281144047526593      
   44569579976.2454407459645291044999158      
   44569232560.0947970529974806186298358      
   44568865509.0660539116400739033296622      
   44568477844.1040439500807841224716577      
   44568068530.1233881423720274128946208      
   44567636480.5882279228616325234577479      
   44567180552.4755317352884329080576239      
   44566699542.9516754530671272917433633      
   44566192185.9496299543614518462774574      
   44565657148.3961334964258029681823851      
   44565093026.4053453964661932317574598      
   44564498341.2311401760687008328740659      
   44563871534.9417836003309943105425345      
   44563210968.2953845850438883035429626      
   44562514907.2391898630727562068680383      
   44561781530.6611564696036131959712726      
   44561008917.1064942702460428522146421      
   44560195041.3291412145450400542639826      
   44559337768.6979032561087724670686748      
   44558434849.2379514735685525183128892      
   44557483911.3994756851692386634503855      
   44556482455.6846586144491203949322280      
   44555427847.7677015868056372391950622      
   44554317311.3541399176692955936416143      
   44553147920.8465507099160723192167915      
   44551916593.3505530047623656887033604      
   44550620080.6203982185097233173471622      
   44549254960.2825092875959960693108857      
   44547817626.9218140685520445553771952      
   44546304282.4036002509016815037550538      
   44544710925.9510451063866663890063017      
   44543033343.4845726070386187626114267      
   44541267096.4900517429347450353781141      
   44539407510.2502350458795839165867209      
   44537449661.3175130694821463270945690      
   44535388364.3941271969683409228267116      
   44533218158.3327977151362687301559022      
   44530933291.2715223496766518803447325      
   44528527704.8372550060291772633306497      
   44525995017.5084925729062756082441844      
   44523328506.6197892227458915732697462      
   44520521089.3959887950985298107279696      
   44517565302.5890699402675841092903173      
   44514453280.7312737272257841014297297      
   44511176732.7590127757218283580054408      
   44507726917.3357267900238260029673948      
   44504094612.1964917077031012501369331      
   44500270100.3726660311068865916213410      
   44496243116.9422522981692797753100663      
   44492002830.8090907616344712795052494      
   44487537805.3100577733256236663278587      
   44482835959.8249891882927138644990386      
   44477884528.4752422690162054743058864      
   44472670015.8059362928656785054581790      
   44467178149.0553294588595861557523483      
   44461393827.0930957749064633876089832      
   44455301082.4947511357692503853511846      
   44448882960.0123256785995889213342255      
   44442121545.9723797540882698471994338      
   44434997844.7564981946084358491562806      
   44427491724.9815999498828812108982884      
   44419581849.6340708191956656623208037      
   44411245602.5016144848830071042453977      
   44402459019.0897179835293474745786754      
   44393196714.6255092840935364929010542      
   44383431817.9694848682505022282993098      
   44373135911.9099427921141127729043873      
   44362278983.4088171210658608716692476      
   44350829386.9939399902485663795131991      
   44338753826.3421104414836179217284120      
   44326017357.1719588241452190852170025      
   44312583416.1896024874273938042131920      
   44298413878.3784702605983390161535821      
   44283469145.5786818618593112417462979      
   44267708266.3011193787377286355218603      
   44251089086.3125627161841147732171157      
   44233568426.2269839001788143359503866      
   44215102281.6213634912475986666844347      
   44195646038.9672837496065087363991522      
   44175154685.2861676665923309530568339      
   44153583090.9556617080356423406617033      
   44130886172.6681572665018691350033328      
   44107019050.1705159921058434637331446      
   44081937310.1358332649508298543726363      
   44055597248.0068836820586067093785337      
   44027955816.9669925368581055850561556      
   43998970862.3544913010051217683725021      
   43968601187.6394022728721140644846459      
   43936806615.3658112625424178438614896      
   43903548028.5995043190234405520731613      
   43868787389.0169718864896863447386933      
   43832487733.6994150170941609655380897      
   43794613151.8426792409626989324991739      
   43755128744.5425341608756465446860157      
   43714000566.8189158158977753429738037      
   43671195555.6807393472282319034490725      
   43626681446.2378993641697537212870761      
   43580426680.7340615286477779760971539      
   43532400342.6563359270387932282076255      
   43482571917.1222335766667464721275818      
   43430911408.1011161835773861841779929      
   43377389091.9512846799949879522258064      
   43321975464.9177134415302931836541406      
   43264641161.6659897720172905128750455      
   43205356880.9674858215515657757114396      
   43144093322.2206284788558299157379633      
   43080821131.3169625890896329297186779      
   43015510856.2003119664942346870853267      
   42948132910.2067910398089528941333391      
   42878657543.7595255427972570611095184      
   42807054824.2248492098108018279779556      
   42733294617.5321971628604563268489623      
   42657346578.5767328803153656212451949      
   42579180142.8676321875420476101550224      
   42498764521.1558981175311627547452281      
   42416068699.4871076057921461945262730      
   42331061436.0628092126622930368717339      
   42243711263.0234062259680355442325449      
   42153986487.5912786041750537096305022      
   42061855194.6842894836894692363019457      
   41967285249.4732590579800539659530600      
   41870244298.4860282886798272923774215      
   41770699775.5159515873763141022612725      
   41668618901.1575899319528969391894876      
   41563968686.3114776685517986594124847      
   41456715935.2613624055718807056051122      
   41346827249.5923425439502883442366231      
   41234269026.4252623341688139434679804      
   41119007466.3781529900929622642653361      
   41001008570.0234823094046645040248776      
   40880238141.6448676046880490908715085      
   40756661793.2488751430646454424678637      
   40630244942.5923906534204644947659270      
   40500952814.7475933911379866255690349      
   40368750483.9304688101233995433981887      
   40233602717.8700817045188607977951687      
   40095474215.5157771155118898895183536      
   39954329447.3038326736471332237929312      
   39810132700.3532426004412446894231269      
   39662848065.3298451084088692673446257      
   39512439457.5511451952330585572188917      
   39358870604.4783344627539298348026415      
   39202105049.4347284262428029607914655      
   39042106151.3784959248031420670222231      
   38878837082.9654259103533446107912806      
   38712260833.3663679401524435031149103      
   38542340222.5152736514963093543412804      
   38369037853.3204656250252458795439543      
   38192316168.7614796677142705904761529      
   38012137443.4149063479611240158497871      
   37828463745.5160792789758450325024864      
   37641256967.9866184259039153645488930      
   37450478819.1074965450702833918661526      
   37256090825.2251579755734366764826497      
   37058054329.8161784997994538849957880      
   36856330493.6688940667592440724724236      
   36650880294.5857493561754256812466011      
   36441664526.6669664434121347581774744      
   36228643801.5933460117165968621441007      
   36011778546.6116412026641964768701395      
   35791029006.8981888663472179724708598      
   35566355243.3206310312756369039664370      
   35337717133.7309358609326679590873707      
   35105074368.8932041968788868732711325      
   34868386460.4837769813951130894227519      
   34627612732.9926684297149307230382416      
   34382712326.8062600546357010338659321      
   34133644198.2146003986785131034665917      
   33880367120.7069841742821113511140774      
   33622839675.8447323352206277352911798      
   33361020267.7577160097285687535595407      
   33094867112.7713597185904679595920223      
   32824338241.0129173351956570329596793      
   32549391499.5770026332474395349304322      
   32269984547.0823038966772537231638174      
   31986074856.3295532439988606501453149      
   31697619714.3994315759106276525547211      
   31404576223.7092353209426318698513795      
   31106901301.0243505991473984172438736      
   30804551670.1811082604155100662673330      
   30497483874.8203801471305706520815188      
   30185654267.2184754804591658954943534      
   29869019017.6967429578440161743597407      
   29547534104.9683902848433421521442664      
   29221155321.7640934143290315278820355      
   28889838273.0967115850103787812176594      
   28553538375.7666780965382167189593871      
   28212210858.2565030889611868288194818      
   27865810767.4536942136777223586344317      
   27514292948.0741068801380216716747930      
   27157612069.3045855431887286121961594      
   26795722607.7120315841134772504402922      
   26428578851.0807888511060003430187497      
   26056134898.9809247013151848844998402      
   25678344662.0939222456994660381704252      
   25295161862.2047363493960377396818076      
   24906540032.3733654485382718310798859      
   24512432514.9199412576344096110304326      
   24112792466.9421211959017232950901020      
   23707572852.7510069666594261294811971      
   23296726448.3546647829358254499590537      
   22880205840.3476398312393661565248894      
   22457963425.7990377591973390599755727      
   22029951412.3657300440226385262567283      
   21596121817.9008938544217379569719003      
   21156426470.4523045502035291401395578      
   20710817007.0572074298856107638871841      
   20259244877.4914291598204599447025138      
   19801661340.3878112471529835775786743      
