   44574733332.5325195901770894742253631      
   44574725375.5016209968203787966951190      
   44574716495.9846749832539657897177406      
   44574706611.2877898049229278003543024      
   44574695630.2915118373754865632489298      
   44574683454.1330369456298876188921297      
   44574669974.6079754482550911702256662      
   44574655075.0392837823511149777149305      
   44574638629.5524092945493703715547460      
   44574620503.9294857445504490332240327      
   44574600554.6118206255505482656707642      
   44574578629.5396290453082504881070427      
   44574554568.0963410911804202167778087      
   44574528200.8691137328604469837695770      
   44574499349.8019464351580212003812895      
   44574467828.1520403394452686253195455      
   44574433440.6945047566417546891753602      
   44574395983.1213394903580760661217541      
   44574355242.1032174576471705139363244      
   44574310995.2337046221827433758162541      
   44574263010.4673824041280259042659383      
   44574211045.8010786119787361896547305      
   44574154849.2175262491774016912628480      
   44574094157.8876170261250463233513358      
   44574028697.8668346453787778635607360      
   44573958183.6647045398907811431240983      
   44573882317.5258841309305025536245236      
   44573800789.0325781031984344020825761      
   44573713274.3276570367182885412167768      
   44573619435.6631012720755201762925435      
   44573518920.6078862203381238050213322      
   44573411361.3343340609172592296265124      
   44573296373.9705893835690377212688467      
   44573173557.6559765052500540496601552      
   44573042493.9106645468782753724463088      
   44572902745.6419528553413462881229466      
   44572753856.1452197351146325214257236      
   44572595348.3546783689370203682939545      
   44572426723.5848741579487250268972058      
   44572247460.4725833665175030523352242      
   44572057013.8491282173600746892323282      
   44571854813.3952276278145336816102870      
   44571640262.3460156185801947417518361      
   44571412735.9367259768838636279019485      
   44571171579.9981352833496747810753161      
   44570916109.1714902287640497506675046      
   44570645605.1612978329134581986030381      
   44570359314.8644022860817342844161622      
   44570056448.3700582087119014098402197      
   44569736176.7408015410218698001324437      
   44569397629.7401573002199480444475063      
   44569039893.4855505339920683956459631      
   44568662005.8326196354326304371042019      
   44568262961.3188574860241703717198930      
   44567841696.8729008590022440710770812      
   44567397096.3208898787677176006883123      
   44566927985.2825483965225168452522198      
   44566433127.7169243151595786786620939      
   44565911222.4227268590640624000900632      
   44565360899.1475281725029683381604858      
   44564780714.7351470528517009058717055      
   44564169148.8623254148009020805084755      
   44563524601.8561908829332777638253413      
   44562845381.8998515861979110049925458      
   44562129712.0421796374474189717157221      
   44561375717.5436859255135010135423912      
   44560581422.4515417529222533973067998      
   44559744744.0767893038107469586704449      
   44558863487.2045055842316186618269751      
   44557935338.0158307315159728899895309      
   44556957857.7322939625002234510662794      
   44555928476.0565318768554092625746201      
   44554844484.0444274038842969772265908      
   44553703026.9987137807795685639784727      
   44552501096.6728784071855496578125472      
   44551235523.2766511396371386580530748      
   44549902967.1093415851741101660324748      
   44548499909.5883601144075277230094049      
   44547022644.0722627454409537545375893      
   44545467265.9587590184237036386179454      
   44543829662.3755778301428944060710349      
   44542105501.3520879208656562293323510      
   44540290220.2788499745683221077586350      
   44538379013.7749879637644280222958244      
   44536366820.8820744243608283662106738      
   44534248311.3782673020214394600812003      
   44532017871.4504657981682378514870126      
   44529669588.2785075252791751217447240      
   44527197233.8228621924992104892823566      
   44524594247.4436177348080991139719308      
   44521853717.4763892955408733002590562      
   44518968361.4235152142046747023909227      
   44515930504.9853733323649838545789181      
   44512732059.3493914653067443933516174      
   44509364497.2660808961384353055524921      
   44505818823.4259783078156385557667080      
   44502085561.4008508939384345917509129      
   44498154701.6172831598020528862247119      
   44494015684.1342835048921612072569212      
   44489657360.4607780922656652232622091      
   44485067956.4854523288649044293263031      
   44480235032.5293403521085104194179028      
   44475145440.5314892051883978247294771      
   44469785277.8319759485236622031619241      
   44464139837.8087239515906337885166297      
   44458193572.2156566129735730698137431      
   44451929976.1659769519030000558282165      
   44445331612.4592467198835656199936066      
   44438379993.8011692324352509142223070      
   44431055529.2521276606332326699060146      
   44423337455.4558661862742193455055596      
   44415203763.5313713657925310412332149      
   44406631129.8842773703623813283125571      
   44397594843.1224266016136971294499481      
   44388068736.0819882938119838585016943      
   44378025122.4183785917401641125523673      
   44367434741.7329194338371307287025380      
   44356266716.5643350277518274046947751      
   44344488524.5844820004710872623062680      
   44332065991.3201389497585868655149318      
   44318963306.2537069424742903602603392      
   44305143066.5902752575104218065518129      
   44290566350.9307986252273783916943784      
   44275192824.6151276972923917820483928      
   44258980876.0573354314562816879249752      
   44241887782.2594534145253493089390633      
   44223869899.0370184309481293328390877      
   44204882870.4535742279642394447517549      
   44184881829.1172430914263492753885954      
   44163821719.1664634169235119010234951      
   44141657355.1564420255298214732299727      
   44118343751.3513365026942814241920890      
   44093836254.0811549507298797567034091      
   44068090839.9779196251297664307148284      
   44041064099.5686540898221472518764974      
   44012713461.9495891486980717942959674      
   43982997271.0162203398342797278436246      
   43951874866.2427018621815766171782534      
   43919306630.4217700892807341713717243      
   43885254019.4464406249188664270312517      
   43849679568.2871539236760945172325431      
   43812546877.5500491068910863676059899      
   43773820580.8890087252281470142559363      
   43733466294.4868270704691488885602117      
   43691450552.1127630353121987219346797      
   43647740726.7032020797356629305200760      
   43602304940.6861176412876336988149325      
   43555111972.0223594677845024367228457      
   43506131183.8028719289062543052321139      
   43455332296.0876405346041770063457720      
   43402685487.0014630370675294765336630      
   43348161160.7132336461903862770068923      
   43291729896.6694890236476349570913967      
   43233362372.2415565921410865633030074      
   43173029293.9411182670489178433298537      
   43110701338.7311969690117946852465257      
   43046349105.3508506140606016839317428      
   42979943074.2928036528720584385874789      
   42911453575.1015020572345666011525255      
   42840850763.7498068521818171561756065      
   42768104601.6079993433237817791098455      
   42693184843.6062633518176540736499526      
   42616061028.9851160588762302933908949      
   42536702473.7127822360159656123197848      
   42455078269.9675346879656233976915827      
   42371157281.9873669897853086303723442      
   42284908147.9383479107704659176759464      
   42196299279.8784706868470785094402261      
   42105298866.7430538748112410455598787      
   42011874876.4862703734436273642997373      
   41915995056.7884171246048164226586258      
   41817626941.5564752699803922932510742      
   41716737851.0464273264296039402922590      
   41613294893.1948250449314299564537413      
   41507264969.3502485396655853637278185      
   41398614775.2915087235121503282833173      
   41287310804.0600570188516100334709202      
   41173319348.1628379257335942810889039      
   41056606500.3508318517489241556263985      
   40937138158.5118005525806773428600696      
   40814880023.3776896600604378837825226      
   40689797603.0253415177547699255576043      
   40561856213.2921393770931609030406506      
   40431021018.8964547822218720795556291      
   40297256872.1144683824052385591331682      
   40160528561.4170757901978408838470236      
   40020800645.4021298029452567984822960      
   39878037499.0393681000008704663707036      
   39732203299.7019067648451902658170218      
   39583262049.4476345073375413270853547      
   39431177562.1217135619884092388008623      
   39275913466.9996022879480271839055782      
   39117433209.9181879350096982948692811      
   38955700050.5341595834890671988693923      
   38790677062.7498251138517309489489149      
   38622327142.8284534624131032600103583      
   38450613008.9460364739817294771815382      
   38275497160.4727444658528824449063958      
   38096941966.8100556517647479217482537      
   37914909581.7925828481525454757245006      
   37729361984.1201496934482674613865843      
   37540260968.9416851798637913338180703      
   37347568147.1901498469168508798763526      
   37151244948.4641962570151815472484330      
   36951252618.6011634532143292133308983      
   36747552221.6470200803776981518768305      
   36540104637.2464381390623467654100024      
   36328870563.3770002493706728275227488      
   36113810512.3565032568286125233430141      
   35894884815.5854513710978906632184156      
   35672053619.9265238533198195674108448      
   35445276888.7060277356140630153179202      
   35214514401.0122707412978552730245049      
   34979725752.2547016735969859065032035      
   34740870353.9431313902899760854596486      
   34497907433.3133475533063341572270352      
   34250796032.6041499466744817954059984      
   33999495009.4696811201133572009811455      
   33743963039.9743007264616167820499040      
   33484158606.5624247542806876490480390      
   33220040015.3819462080184799564978372      
   32951565383.9522282659468428297215306      
   32678692643.9839208160041202388678145      
   32401379543.6904363040858353468869678      
   32119583642.2573206449302245426161679      
   31833262313.8352278469182852852998336      
   31542372747.4090340717362435987656459      
   31246871947.7416375508667605469697172      
   30946716725.7996227334089785849590023      
   30641863712.8820705017891814206614714      
   30332269350.7777473030524138462418104      
   30017889892.0580781215216428124503838      
   29698681408.1470766968769673664909353      
   29374599777.8951084723455121754042544      
   29045600694.2487776223887036912670143      
   28711639662.4443911755659552755819582      
   28372671998.2995007533429454498509800      
   28028652832.4368421931771404037239627      
   27679537110.5647126985534177521093238      
   27325279577.4423572250548988639059924      
   26965834802.0735708207807901534669126      
   26601157160.7129894737206602855939598      
   26231200840.9201649029509348538071370      
   25855919842.0530490780344505689867528      
   25475267974.1377906086652482844706692      
   25089198858.8067247762132237293087524      
   24697665928.4175723771739816297040006      
   24300622424.4934857672448141694920189      
   23898021403.9466772503818325275743675      
   23489815730.2067445088141816501355025      
   23075958078.5685259808291730569673358      
   22656400934.8381470220501896069647966      
   22231096595.4338089644710325912699400      
   21799997167.0487851336211802929401340      
   21363054566.6665530566559313108570990      
   20920220520.6999791453527969984851088      
   20471446566.6813455088870009422696424      
   20016684052.7143965430750032955866696      
   19555884136.4935402319275409168795367      
   19088997785.6158284633735736253348990      
   18615975777.1754922689474417521373688      
   18136768699.0953724201548802702872402      
   17651326949.6952226629576433217729414      
   17159600736.3892073615342935671030406      
   16661540076.4678643984220928269869217      
   16157094796.6308710417340615613192262      
   15646214534.4468756223950724676730243      
   15128848736.6643832524273317961316533      
   14604946657.8742385278290522508688958      
   14074457367.5089334037503137989270701      
   13537329740.4789852062441893347812389      
   12993512462.1440000789704991153591815      
   12442954029.5568292996042913749021290      
   11885602748.0510641879522449985556513      
   11321406727.7102587539992134204007902      
   10750313896.1980625137973520873799329      
   10172271990.2721624759479304321178867      
   9587228556.30521866576382740326776211      
   8995130948.86481295769437720083494043      
   8395926332.13870691537814629547998970      
