   44574768579.7145741935969375742316304      
   44574765302.7405032227284330181019383      
   44574761505.2600055526658942736852460      
   44574757142.5280431516594318616005365      
   44574752166.8293851614560746677467133      
   44574746526.7379614272970203416923604      
   44574740166.0534351387753995197914110      
   44574733023.1011757160913153819139869      
   44574725029.7336453814588026993697307      
   44574716110.6411630967782044600664155      
   44574706182.7869672422901719088123706      
   44574695154.7484241388979260571268610      
   44574682927.2803786520625979406337084      
   44574669391.8274815483424569820004208      
   44574654431.3498038883563024446283602      
   44574637919.5991889724855612261530150      
   44574619722.0036993555817964144904145      
   44574599694.6505811907716692792502132      
   44574577685.1083799759335734724685473      
   44574553532.4151474127750408380061841      
   44574527066.8034269192750913798738424      
   44574498109.8559687741189039188476203      
   44574466474.4799197566731455075025243      
   44574431965.0902191300536454774284101      
   44574394377.0087574989297355400823766      
   44574353496.5337215484790035880295611      
   44574309100.8740759620478913485776134      
   44574260957.5811331298157935754288641      
   44574208824.2488946022404309501527140      
   44574152448.4231529043669867911649900      
   44574091566.8322894263185609839947294      
   44574025905.0612022274386161150987674      
   44573955177.1324015655951681507028416      
   44573879084.7803691868344694815279881      
   44573797317.0489007769743876582872363      
   44573709549.5212926094236692447877228      
   44573615443.8612940490723210896661929      
   44573514647.0227320797167582838152469      
   44573406790.5283951249879505219276728      
   44573291489.8311917608197145800004902      
   44573168343.3608296015789263562548582      
   44573036931.8887586499270808777341590      
   44572896817.5404899618300803408879244      
   44572747542.7950113995605560068209591      
   44572588629.7160727340964404589706838      
   44572419578.7132845740566831466882970      
   44572239867.4676906796763007548594417      
   44572048949.8063508434979664485170665      
   44571846254.3536051514567305375447932      
   44571631183.2193949102721530141840234      
   44571403110.4638129891302055424398022      
   44571161380.6755289793224908391130523      
   44570905307.1847710491992829462003330      
   44570634170.2858448884048670890207678      
   44570347215.4194328033062706486630782      
   44570043651.1166413504747707024772128      
   44569722646.7901637738600527377764064      
   44569383330.4556282444753433901810843      
   44569024784.4955573617945298662790510      
   44568646050.4757298842325748578934336      
   44568246115.1912588326981191031793097      
   44567823915.2646605949654617169729293      
   44567378332.1977578537646451987345135      
   44566908189.1488262950730222547153214      
   44566412247.4714984183793778723480201      
   44565889203.2091858346450756444980340      
   44565337683.1937305360314725092549214      
   44564756241.1866255620618298863943291      
   44564143353.6080307654268994771818901      
   44563497417.3548258617249611234662293      
   44562816736.9526874208298352522395445      
   44562099531.6233925463414820599624048      
   44561343922.5792921132972936407625717      
   44560547929.5969963061273791700820622      
   44559709465.4822102309409630408137469      
   44558826330.2768351495525787438346618      
   44557896205.1582751907078676935599807      
   44556916646.0816873653723316368403130      
   44555885077.1979242971907038744703671      
   44554798783.7340142587469073052683895      
   44553654904.8316546485042910961060421      
   44552450425.7814501082060789118493877      
   44551182169.9851327722003736966109324      
   44549846790.5791784066006334621160396      
   44548440761.4486816229808312851226880      
   44546960368.0195872062951464237906681      
   44545401697.3529481352226802328946804      
   44543760627.7983687174063283737690907      
   44542032818.1497012111910431194470553      
   44540213696.0770304891444928151666478      
   44538298445.9663525338554758108720539      
   44536281996.0810595435038406404755452      
   44534159004.8483132684338781353812766      
   44531923846.4926665512304730231975535      
   44529570595.5783950478752235286722156      
   44527093010.7616198031236742331160948      
   44524484517.3819437414281364105961868      
   44521738188.9218370635299456438691155      
   44518846727.2643693875898853285986273      
   44515802441.5228459103129818437359990      
   44512597225.3823413095911544716665053      
   44509222533.0535737518000130668047784      
   44505669349.5871561746094030935811416      
   44501928177.7235621154270985278096270      
   44497988985.8020341736220704279577414      
   44493841190.4150347861454456405347254      
   44489473618.1461504787579722738947269      
   44484874468.3676173073598053047907915      
   44480031273.1965026027593255850872254      
   44474930854.5069505837268462368722148      
   44469559277.6620004217103686381760696      
   44463901801.9235417344707717665925234      
   44457942842.7908281842444686477315764      
   44451665856.4532398101881025314519341      
   44445053364.4882326575691252273068820      
   44438086835.6500007526743467964918210      
   44430746632.2225261145229690869931991      
   44423011941.2228186891462456301548897      
   44414860701.1384648895966139580689122      
   44406269532.8326998081913865837422478      
   44397213666.4782755727571811344789635      
   44387666873.7634955946780398440318159      
   44377601404.7427026210904285864680570      
   44366987933.4056112047038983497378288      
   44355795515.1838192198214094183290646      
   44343991559.9589768003117498610202648      
   44331541825.6000206233319206882987088      
   44318410435.1556295898221249040145173      
   44304559921.8670138625373135792030040      
   44289951304.0209418511181635349543441      
   44274544191.6578583629546454872942558      
   44258296924.1330377110306330397595547      
   44241166736.7378493996461119571555836      
   44223109951.8477505682086242005573789      
   44204082188.9947439368323977873659251      
   44184038566.0350508329632050601217818      
   44162934019.9349495220521857180235237      
   44140723368.6707079427023661257588606      
   44117361637.7440522703627475150654814      
   44092804191.8209851512462146598294283      
   44067007034.2332682689135590960943228      
   44039926786.0800829370871072681630606      
   44011520912.3888721254894885627640906      
   43981747796.4680662834570753470827731      
   43950566819.7713870332139257912426132      
   43917938408.7629963410059007242497409      
   43883824063.6217740816213241830921199      
   43848186363.4765577837493681873766661      
   43810988952.0852036646126609740821181      
   43772196504.5693542526100648060891751      
   43731774676.0768815875659337797217163      
   43689690036.5120923259007860461347114      
   43645909991.3746160863030566414257571      
   43600402691.9034240117153443064326243      
   43553136940.7743555190555044869790003      
   43504082121.5353937288597174596514509      
   43453207971.1851039344468534355331064      
   43400484680.1052566960848728898764828      
   43345882661.4085584591603800772253245      
   43289372499.9447218152434008756554715      
   43230924875.6157621555905519906942670      
   43170510494.7449506920810985882360940      
   43108100032.1480339921576402000546049      
   43043664082.2393060326636189571603803      
   42977173120.0030864683371814461997336      
   42908597468.2224750302034619594961423      
   42837907275.2919905163949696993831196      
   42765072494.3099099126080502250361310      
   42690062871.4931044219532334277584969      
   42612847937.0037045815513826004150830      
   42533396997.7818279888772403357056869      
   42451679136.4789276211225987102199602      
   42367663208.1962863056299456676269847      
   42281317841.7529200777273503237212876      
   42192611440.0499217838942156246574052      
   42101512182.8911300237507958383507676      
   42007988028.8391018891342868280103331      
   41912006717.0776094293914559324718204      
   41813535772.7663809853104793766219415      
   41712542507.0507815770313513797304236      
   41608994019.7365919514150740526727168      
   41502857203.5357612429082208471261024      
   41394098745.3500160494930997209346788      
   41282685130.8368734648737171852169841      
   41168582643.5423897782147661947653783      
   41051757368.6759903823005551047588979      
   40932175195.7916341803845459210848259      
   40809801817.5332659651228451974220572      
   40684602734.3215662442397960167420939      
   40556543254.0282664577922396650461816      
   40425588533.5109551588868922386306834      
   40291703417.2958899245159626628066657      
   40154852686.1515403615725253505906662      
   40015000890.9584080309045970144887379      
   39872112399.0770214733645460691547885      
   39726151380.2221650359481697954433253      
   39577081828.7867113281768695004226220      
   39424867551.0762291687321603881434303      
   39269472168.8192890491429787641993502      
   39110859120.2589916307751097007537066      
   38948991657.4191333143190217608442519      
   38783832846.7163394211523351432268818      
   38615345576.9121795158990608736229374      
   38443492558.6701904387358238968018786      
   38268236283.8106643112451458635980554      
   38089539114.2819443493982636300043911      
   37907363196.4053148335556981743508169      
   37721670501.3966253012432193948184042      
   37532422816.7667313510172072248783882      
   37339581746.0391786334886082973568562      
   37143108711.2720646927184653854591158      
   36942964950.8183182415613453503776489      
   36739111521.2184680421759698897908024      
   36531509294.5755583427887225527567305      
   36320118961.3548561424470047502687774      
   36104901026.3111532370891462296871723      
   35885815813.3911312271875228107194615      
   35662823461.8875335735176747470603309      
   35435883927.5793988341682028834896221      
   35204956981.9867108108548706700612679      
   34970002213.0089040411479837609989872      
   34730979024.5650067582407014521346622      
   34487846636.3387706805094135241674953      
   34240564082.9865721208419211618865130      
   33989090217.0229327957903128242775323      
   33733383699.5406566841869817543582778      
   33473403012.8241695908046898529545912      
   33209106452.9152893448836924438734447      
   32940452129.7268829718126974882308913      
   32667397967.3733486891601857023763990      
   32389901706.4269812588647361218106825      
   32107920898.3899614076375683815177932      
   31821412909.8133299782203334716777294      
   31530334922.1007506455711795879905477      
   31234643932.2933289853124708675580466      
   30934296743.7253445221113123132531050      
   30629249980.0188169826592076714825451      
   30319460075.2652115729739368534285778      
   30004883274.3509970227839593718091666      
   29685475641.0608861092915647522153611      
   29361193046.5357201996962485114330203      
   29031991176.0144999342871543634173376      
   28697825527.0009851675016258599463863      
   28358651407.6116572620505510436377127      
   28014423940.8098215210527976698730188      
   27665098064.5349894161269300638301993      
   27310628515.8259183193365589943279612      
   26950969855.9511021050029434569072613      
   26586076453.4116428889047015471207479      
   26215902488.0552922389998618895283254      
   25840401951.4773539148781837523166471      
   25459528645.9425033067661663330470779      
   25073236185.3488630297743735221029974      
   24681477994.2808672322063891581201536      
   24284207306.4793476571992689441039644      
   23881377171.1232825004708664350415545      
   23472940443.8525164563403818068397275      
   23058849792.1879618866340217055068913      
   22639057694.1572597716432303779561446      
   22213516438.4009786613185560498160927      
   21782178123.8246834446477199351809737      
   21344994659.6225713967885910938758477      
   20901917764.3594237518167185405703117      
   20452898967.8902388837402737685479610      
   19997889610.4680728816969087847414064      
   19536840841.9949496963975391097360525      
   19069703622.2583015559658556019135571      
   18596428720.5262361137244675791166746      
   18116966717.0184614228284366825389377      
   17631268002.1886362234044129290310573      
   17139282775.6478579151006024089747453      
   16640961046.8637266366234807959688921      
   16136252634.7722922711839721903672775      
   15625107169.1148862330158389977967535      
   15107474088.8306209689833870168425335      
   14583302640.6819183726395727691244262      
   14052541886.3234518600398504017292886      
   13515140692.8644119356722697426415150      
   12971047737.8126445079222080173756921      
   12420211510.5392562442713648123757286      
