   3.06287906449981352554936373999042134      
   2.55271345439763482889422126939254165      
   2.00032323242223949113317635917456114      
   1.47071509885889685950328069325197888      
   1.02828721526162694099673741395910403      
  0.728658844902403058446106439071388307      
  0.615697652359655863475158084431518197      
  0.712621391698088369259827592449190858      
   1.02436166862770356474662576792945967      
   1.53580082039302490754401399900500797      
   2.21631090442350194398349972882665469      
   3.02040786253964445849053321371972488      
   3.89815704057978130616946718942441432      
   4.79682747211099376780671743238505181      
   5.66749278774548171159421821293596951      
   6.46900561075492574193929727400786996      
   7.17113436783183486181625102419491066      
   7.75480541033797053413873241469390714      
   8.21126712967747929428079087950200745      
   8.54467970882442796412241567638648860      
   8.76515678462935034459573774827165959      
   8.89048274947855871778456396593714760      
   8.94021677448964397004712156273967185      
   8.93806622713808676841111641459206057      
   8.90564045646386783684441687134694629      
   8.86337291728828112004832442979592148      
   8.83160835531450933443998049809510217      
   8.82520003731537919462206793461325823      
   8.85689731674999043453234811950257779      
   8.93722524764760961779561957042975717      
   9.07381652786672419214827498437972164      
   9.26939084218771749217398814318479459      
   9.52654112160176855405955242816718192      
   9.84705416646199434062210816934356909      
   10.2279502778924339163095836436906539      
   10.6680368648097237933873627632780434      
   11.1642146442275365067425966600325745      
   11.7136250908642286696479752615194690      
   12.3123453382702477639271942960499835      
   12.9585943586906886108659183630746483      
   13.6501145629127005780495297706859676      
   14.3859249217607007493583591653698475      
   15.1645472912788484715723839906923291      
   15.9867688388741347389266917304200555      
   16.8527743660973102778165515979611702      
   17.7664171669143659564257888166675672      
   18.7312291415941669883078689084861510      
   19.7515257492591893515139221584834356      
   20.8256884721823309008784523523367219      
   21.9596140120191355003100990365160474      
   23.1671849592883083507252926293165399      
   24.4499103247369164316924294347879503      
   25.8201455577188127089160596010573128      
   27.2783356390045704762731551799455885      
   28.8377014592501427108576428870102878      
   30.4997852852002979017947624847309008      
   32.2772571009539276280869589736044605      
   34.1766716146212904260752939001056297      
   36.2033793281548783243146005475056409      
   38.3735461898831120266154137783866728      
   40.6916540809786107079263050939743726      
   43.1616871791739620758942970797699391      
   45.8004563219698044285835931105865421      
   48.6121608509623716579388654258980731      
   51.6054149361994690307538200045404027      
   54.7874947037371456118534410658599830      
   58.1674989775326172848600803545537924      
   61.7585110348075445827641722481713809      
   65.5594962182303335078667501497926991      
   69.5839687892274149145701383171071069      
   73.8450250348517272212607153894870191      
   78.3440341317299944633134673581657954      
   83.0945136924932822204929683364541623      
   88.1051139971349604220118251645045146      
   93.3892055988153005752443721752473789      
   98.9564881490716950259725425558687994      
   104.814106300895344652911307457101608      
   110.983991371289554822833509097159698      
   117.472744020822809315543826824405023      
   124.299511528875141836921998294932593      
   131.476542741976188785131426832902794      
   139.026855533257522156671519357571849      
   146.961017027679147498756129405099085      
   155.306667899256810605042857882757600      
   164.074983192476777526787353156579523      
   173.297214723980931614491517526177381      
   182.993984277371182318521868644747027      
   193.201578035781827486084855512640622      
   203.943958156313214971410587417338677      
   215.255300343734316706522201270817420      
   227.159392077965107952519289880048030      
   239.747280823785759044391947478963472      
   252.991971398245708170190071702372933      
   266.971209276859662156109079826643087      
   281.705031411509388086864290418697844      
   297.301623092885580770618481589388026      
   313.756243700866062573729308985379752      
   331.192985050496556782847873054799103      
   349.648278295173571995965830321206957      
   369.187503048827333661800117961179159      
   389.890988027382418219777062456929917      
   411.881272115519509423806330370904094      
   435.162305030566910115149404278621610      
   459.877364670486018681929344272921216      
   486.136370403640003166727106712129350      
   513.983231180511016653866704089482269      
   543.551899404651479495238415766177867      
   574.917026385292923677568248061970325      
   608.215638910583768717149543396003638      
   643.508496724003987497078575434590704      
   680.832174984585099485419748289245850      
   720.335316354308142537396113487246005      
   761.980069282403258713816485664680791      
   805.733042122858405959910507743510532      
   851.548951057098455179180503625344054      
   899.225289951821652173388025554786140      
   948.504042711394034874216721261199127      
   998.899940188299790013998332304320049      
   1049.88885098450409725386964064747557      
   1100.51664943599123382022942394749432      
   1149.91491245059910630790901057818307      
   1196.80859571441751780935206820306224      
   1239.59239644113888863588067135776548      
   1276.39191455290012391355194843382180      
   1305.47111307641829105372070210253413      
   1324.55675626604579599955371885076340      
   1331.57278260515178379546141726595706      
   1324.24751150373122035174725110359529      
   1300.56685785685128055703278676103523      
   1258.47777570689950118945158888393510      
   1196.63528816881515864693876792498304      
   1114.08877478494847375515365945653131      
   1010.49955977288984169620652821995502      
   886.409876008316321844624187435807741      
   743.438155693965592621788419133920363      
   584.111565412655736360874075641246661      
   411.961259360389723424934102264273955      
   231.516420293160037998068197652107772      
   48.1057000991453972414051613305908429      
  -132.717483478255694958866861727081517      
  -304.495053295427080374659382384697271      
  -461.556552806162067049728106050194755      
  -598.585128485654972623117646390019621      
  -711.115300876517062072899047818956477      
  -795.939789991866536455884805357497349      
  -851.151302385339107862027097724149655      
  -876.764827034711300972136560710709328      
  -873.798833234071941166517814875898267      
  -844.809022452154576181930504881880448      
  -793.662740030679517315272844183051028      
  -724.854662997895205304283212140004398      
  -643.153491375048907296032900082124380      
  -553.600767703856818074926700178766882      
  -460.822166512653775688934909746331391      
  -369.077613835014883252159117105852749      
  -281.421527134175284565330719881001872      
  -200.589231244988239388266718782838721      
  -128.099099025579861963459782461739050      
  -64.8383316115821614719583924682662126      
  -11.1056478186533095128017894020491793      
   33.4984530793006845306288613397528339      
   69.6851639682916812135703069555062108      
   98.3918982822380268110290546629392969      
   120.755730916287878793725621204178693      
   137.671737127678968370675303320514782      
   150.252782378320194352884381823569473      
   159.351178367368030682790313538776810      
   165.766158431108357662315718233130736      
   170.089702492644634967333509849782872      
   172.954949302922249415081909599157792      
   174.661194859417570887356572222037449      
   175.648952799509860336509134766686591      
   176.064012051978542320167803876309585      
   176.153949872670170697525354779228158      
   175.888244467666257961212116254612518      
   175.596616349035711205920332325493062      
   175.175414877712352433313779191268311      
   174.695454979410978796373985031876868      
   174.155287292092372998633746514278111      
   173.705037662299268820041751434738983      
   173.214279729815888789170510505772845      
   172.844364517784637098281530347831256      
   172.548182186538504599044711916548948      
   172.280300743559534200687470472668080      
   172.060919855964441017847953154679308      
   171.989650697023750201233839513792519      
   171.865687684988711100370138518830268      
   171.785043524862693813306998633599285      
   171.816433471124987621037142721576996      
   171.818930770386684357953070165217261      
   171.870389710402163149166131677545870      
   171.902203733271546311635436768516411      
   172.034405548528647814638229832434192      
   172.203137395562688923589856184477707      
   172.289351131185424264739209524762666      
   172.487398817877036660890456805953788      
   172.704028588949320184646205169178335      
   172.899115055418848045480331006432331      
   173.171485504647878688621305149577383      
   173.441983033186999837005377741897639      
   173.815066220653801896837726372221985      
   174.120165835595696753714434359580983      
   174.524267866706550698986687379814388      
   174.851441207735426860926602505332142      
   175.155392935047798276684631982000750      
   175.485745177036860410314100925447074      
   175.796474070865988642982359569127290      
   176.059073307412390620453934455291453      
   176.366060301946258323689698747575227      
   176.623322561490460645142480701384962      
   176.982141733081215526533541925237839      
   177.314909750065972847185356658082759      
   177.694701568148232938313174304846509      
   178.079779541214285131630731660720696      
   178.346017926704651923132227902448356      
   178.683030609617653105119569970149042      
   179.006428820527017669546502109765147      
   179.345376860424562877742237189952054      
   179.685480189804531338667483596833387      
   179.989456550941262855736291551236679      
   180.331069310679886127638295395279897      
   180.664475645118360715743901892363529      
   180.943980844519658311388838488283169      
   181.273147505806327868347769434609323      
   181.553701407986014130632495798033047      
   181.826594516220191325463752418584526      
   182.116637837153285283569244961350694      
   182.402488103203742114989057766131378      
   182.693559753193139235018722662100742      
   182.967077984402132737097416158515981      
   183.245166576054539204840212443242481      
   183.502025613304294811282012650878234      
   183.741944267659756543836029684138065      
   184.001555944590801796841909619526939      
   184.255458337671963555710769662336165      
   184.482212967793200685517460500160758      
   184.722898095512965237751440746013764      
   184.943575509478706774264065739592857      
   185.199469501114480020019794739408285      
   185.421866465836905643925964889597523      
   185.653433903609634308918178682258678      
   185.862215592686814027140183276560520      
   186.071819373892939270622120674553583      
   186.280084017326738844187090984003450      
   186.467534205492690006731442756525152      
   186.642935943710461734312744292243448      
   186.820880023930993311286535707582675      
   186.968168375431043409897311878925389      
   187.118641642770353151703241971527469      
   187.258442815460120515766890141222562      
   187.416146731271020733210980705361130      
   187.564083685951020809547229486676258      
   187.698566337210760746040238164548731      
   187.851209653486732646142216431794248      
   187.999710480526501199504117520523468      
   188.135877465527264158711562857024232      
   188.275143313124670618282615108580427      
   188.414693372413949584828347798885433      
   188.534620773285433827915556773090663      
   188.647067001377903778185471555316037      
   188.758174090943915285111886195271674      
   188.857764046355785596072296018680915      
   188.933219988121987979975491772488541      
   189.015555336384528807483312919296264      
   189.081411813397508848782885509884169      
   189.134579314470265480240784037103867      
   189.196243269597612975737763939532390      
   189.264444054501440039144662511019337      
   189.347240566378793063570355811565078      
   189.426237387509039222382911011368756      
   189.496509791280995280185460865511744      
   189.572884931995238111001482123901063      
   189.638468609034304016703478226361192      
   189.695999798987791502335059107294888      
   189.751005561405378742299074333612221      
   189.768409016975381606497917942124397      
   189.778283710078426196480098181527438      
   189.782119101390563328358983006510266      
   189.783951511119496561421440253303335      
   189.789403662254037257786482269701979      
