   8088153109145303.92965543576370451937      
   8088153109140363.88595814485495201409      
   8088153109131724.65206675094472900129      
   8088153109117625.61068426573904443979      
   8088153109095718.47917604487892180663      
   8088153109062821.31001768317773807215      
   8088153109014630.56731228986484721639      
   8088153108945455.17103760744353999242      
   8088153108848024.46499650593437743228      
   8088153108713378.38431474022354777161      
   8088153108530866.99232510033317941622      
   8088153108288174.03171393106283559599      
   8088153107971418.59248705560036660916      
   8088153107565231.19616740113003993274      
   8088153107052858.09797313547101491136      
   8088153106416227.63410041189307507405      
   8088153105636050.80075506740695507994      
   8088153104691812.26467959473124023136      
   8088153103561899.15918267266259625813      
   8088153102223535.91581836236252051314      
   8088153100652907.71092562847528279618      
   8088153098824971.46005800035271146066      
   8088153096713700.64771547505142415720      
   8088153094291885.07455476537782709801      
   8088153091531016.13885378892879025534      
   8088153088401542.12434770305655442821      
   8088153084872455.20690388781883477069      
   8088153080911487.95728214067035133621      
   8088153076484700.53643957613821437787      
   8088153071556432.32142512467229754879      
   8088153066089280.66851973863295154153      
   8088153060043677.51771521206726777830      
   8088153053378076.98072164152007761887      
   8088153046048136.48483651377163412485      
   8088153038006432.17400544745181008126      
   8088153029202357.19558835073947733983      
   8088153019581320.81274799707866435348      
   8088153009083952.98771944767574465680      
   8088152997646018.30972783664095474183      
   8088152985197100.36688011255728466588      
   8088152971658932.22238845794128895769      
   8088152956946105.18947067086535841242      
   8088152940964032.43913223872348127342      
   8088152923611058.34023981426287143708      
   8088152904783515.53024696884881011502      
   8088152884390121.64950780724897147749      
   8088152862377601.40621702136945459470      
   8088152838764973.28986050463597748741      
   8088152813658031.75063476309830304192      
   8088152787206524.56640129506149855271      
   8088152759511173.33166405584449651194      
   8088152730552075.03825203745903195136      
   8088152700191437.38530309425327571166      
   8088152668225831.61908445589325375707      
   8088152634438029.06275819408628406735      
   8088152598625826.85268084211136334089      
   8088152560610682.55880076870858663880      
   8088152520236513.98563378817013919033      
   8088152477364624.44428961887680042207      
   8088152431868545.54728001914613952361      
   8088152383630085.69646282017232827733      
   8088152332535977.27777863855897801538      
   8088152278475725.95177888900735595386      
   8088152221340307.72962050711997963361      
   8088152161020582.00636734510491094967      
   8088152097407170.03667082591159443773      
   8088152030389672.52567768742835466536      
   8088151959856251.29635989705864102493      
   8088151885693829.08560500408551402745      
   8088151807787412.63988105915014790396      
   8088151726020380.92782083222358674012      
   8088151640274228.20002458619460597097      
   8088151550428720.00951650512806095743      
   8088151456361691.91443433357040348249      
   8088151357949204.11268136007413414017      
   8088151255065272.63365251840874443900      
   8088151147582307.38122338426324541092      
   8088151035370878.49455561980240034681      
   8088150918299374.26954022413997113985      
   8088150796234860.13861377922148378477      
   8088150669042168.01786643343418247484      
   8088150536584480.17330055028086220961      
   8088150398723437.49923683721501718215      
   8088150255318399.40676589512649165628      
   8088150106227229.64663793377696314555      
   8088149951306415.19470342876027130034      
   8088149790409847.78925833522894564553      
   8088149623390200.72050225384473254656      
   8088149450098562.20095615285246101571      
   8088149270383633.21538214015541332948      
   8088149084092648.75106122559579037608      
   8088148891072188.64925707556298164168      
   8088148691164889.99452615103905996768      
   8088148484212942.07750723387353682103      
   8088148270057909.21629504289331904360      
   8088148048537023.31426446991249898377      
   8088147819487330.92859328836254209291      
   8088147582744676.19875910064206901359      
   8088147338141967.85270198612948381201      
   8088147085510753.49064123772728762598      
   8088146824681134.13751530851007397107      
   8088146555481110.46858611097749939059      
   8088146277736791.27197591489677832525      
   8088145991272852.38831939329266672561      
   8088145695912488.50444975164209123787      
   8088145391476093.71977819814800307868      
   8088145077783607.38897357520333898217      
   8088144754652323.39760284491172845790      
   8088144421897863.19129672072838900272      
   8088144079334470.22876184072088597780      
   8088143726774044.19903596828606635611      
   8088143364027077.85681378863084409203      
   8088142990902238.33639370744574508768      
   8088142607206295.28177884565820428796      
   8088142212744540.23490822759865539072      
   8088141807319867.24381742082525970344      
   8088141390733953.19772508946811550874      
   8088140962786366.92281952129788067524      
   8088140523275021.86710212444014451473      
   8088140071996119.46454110638720320491      
   8088139608743705.46611165569921892034      
   8088139133310418.84858083679115936960      
   8088138645486790.73717229766699466243      
   8088138145061579.75327979246203009833      
   8088137631822027.49714922338457673539      
