   330.83792827166894        568.35350354919342     
   330.83792827081726        568.35350354919410     
   330.83792825101199        568.35350354921115     
   330.83792803505952        568.35350354939101     
   330.83792663582693        568.35350355049786     
   330.83792038465918        568.35350355495325     
   330.83789914801963        568.35350356718664     
   330.83784049530908        568.35350358833125     
   330.83770245961909        568.35350359538700     
   330.83741607750733        568.35350349224007     
   330.83687899770933        568.35350302459483     
   330.83595104982430        568.35350163776593     
   330.83445248047741        568.35349830951031     
   330.83216456103736        568.35349128770736     
   330.82883239236645        568.35347772657360     
   330.82416920538941        568.35345313836194     
   330.81786148159688        568.35341058752817     
   330.80957424414322        568.35333957280784     
   330.79895619435950        568.35322463060800     
   330.78564403158987        568.35304369682035     
   330.76926638671313        568.35276643916677     
   330.74944685025190        568.35235274331762     
   330.72580661610419        568.35175162734640     
   330.69796652430608        568.35090074107006     
   330.66554886367561        568.34972669092497     
   330.62817876323066        568.34814618297878     
   330.58548532417848        568.34606807456771     
   330.53710228196098        568.34339618213767     
   330.48266837904538        568.34003275905934     
   330.42182692786940        568.33588238158404     
   330.35422493615204        568.33085608429803     
   330.27951130179525        568.32487547940536     
   330.19733447951319        568.31787663621503     
   330.10733910972579        568.30981358334873     
   330.00916212280509        568.30066121433833     
   329.90242813546962        568.29041749940927     
   329.78674424998195        568.27910492471381     
   329.66169451138620        568.26677110965306     
   329.52683402971144        568.25348859833207     
   329.38168301472138        568.23935381284616     
   329.22572086291376        568.22448528240614     
   329.05838036770700        568.20902110581551     
   328.87904233301151        568.19311583334900     
   328.68703056534110        568.17693679483909     
   328.48160744480833        568.16065996827660     
   328.26197021909047        568.14446552144864     
   328.02724794332954        568.12853308853892     
   327.77649932036604        568.11303688560679     
   327.50871122968562        568.09814083062372     
   327.22279838613309        568.08399356937753     
   326.91760368786260        568.07072373192682     
   326.59189952080004        568.05843530372329     
   326.24438999273121        568.04720329329575     
   325.87371394640161        568.03706968366021     
   325.47844880388067        568.02803978281167     
   325.05711515686971        568.02007901548563     
   324.60818025436532        568.01311033323577     
   324.13006966234099        568.00701112833076     
   323.62116472962180        568.00161269007845     
   323.07981390220993        567.99669816286178     
   322.50433739135531        567.99200204054864     
   321.89303263805732        567.98720991998289     
   321.24417916630165        567.98195875791055     
   320.55604240617259        567.97583748287229     
   319.82687634713960        567.96838795766325     
   319.05492454356431        567.95910626926513     
   318.23841955070839        567.94744397815555     
   317.37558027105098        567.93280958808828     
   316.46461030897058        567.91456976312213     
   315.50367783548234        567.89205077340137     
   314.49093172400666        567.86453878851978     
   313.42445659932389        567.83128071144779     
   312.30230562273442        567.79148405848468     
   311.12243316564422        567.74431630615572     
   309.88271425218585        567.68890377924458     
   308.58091251017709        567.62432989300930     
   307.21466148041367        567.54963268413235     
   305.78144229080596        567.46380185205567     
   304.27855929108267        567.36577501613567     
   302.70311431954485        567.25443379947410     
   301.05197855506492        567.12859886189051     
   299.32176156862465        566.98702478685482     
   297.50877804888358        566.82839441742988     
   295.60901138699779        566.65131305323587     
   293.61807310523920        566.45430197569078     
   291.53115829251527        566.23579228578308     
   289.34299578718088        565.99411842110567     
   287.04779256712544        565.72751193185263     
   284.63917181823774        565.43409579492743     
   282.11010410279118        565.11187949898874     
   279.45283056225804        564.75875525083097     
   276.65877997312248        564.37249633811041     
   273.71848153573063        563.95075816569056     
   270.62149076439505        563.49108611949077     
   267.35625703921477        562.99091824961624     
   263.91016087895468        562.44762018351548     
   260.26948391362401        561.85851265420558     
   256.41958592873357        561.22093251598187     
   252.34531957605373        560.53232536066048     
   248.03187370592707        559.79038786623892     
   243.46626032065976        558.99327482143087     
   238.63959673796424        558.13987407468494     
   233.55000230569647        557.23011540835330     
   228.20528142617113        556.26522319248875     
   222.62407619841679        555.24781098738731     
   216.83487316290442        554.18181657409809     
   210.87396448607419        553.07241089209060     
   204.78396091500235        551.92595841141019     
   198.61291619428738        550.74989877774271     
   192.41282061411238        549.55237703100943     
   186.23676311903040        548.34162505497352     
   180.13546439329352        547.12530886210129     
   174.15376318666972        545.90994195839210     
   168.32848441814266        544.70061044588647     
   162.68745537542324        543.50090925952941     
   157.24970676206541        542.31306917922961     
   152.02645039366638        541.13818456626325     
   147.02244707239925        539.97647207975069     
   142.23745902976123        538.82751441171354     
   137.66759268000717        537.69046618186962     
   133.30642014442859        536.56421092070082     
   129.14594597726455        535.44750059805926     
   125.17718464974726        534.33900904427207     
   121.39073225119840        533.23741332468410     
   117.77709045953863        532.14142608249063     
   114.32690168497062        531.04981984065546     
   111.03109853467717        529.96144191283997     
   107.88099685160628        528.87522234555240     
   104.86834775192706        527.79017718132502     
   101.98536140803148        526.70540850873738     
   99.224712252442956        525.62010222811386     
   96.579531644587945        524.53352427996583     
   94.043392544074848        523.44501585427258     
   91.610289210026750        522.35398799992981     
   89.274614085601527        521.25991594695995     
   87.031133325965257        520.16233339965277     
   84.874962034960035        519.06082697530428     
   82.801539895152430        517.95503092678257     
   80.806607670412504        516.84462226008316     
   78.886184905420777        515.72931624378475     
   77.036540280592021        514.60885629153586     
   75.254207217037120        513.48303514325517     
   73.535911727397306        512.35165400231642     
   71.878592370582467        511.21454499208556     
   70.279375845238562        510.07156277310327     
   68.735562538655799        508.92258215954041     
   67.244613631075609        507.76749633151616     
   65.804139264987668        506.60621528710533     
   64.411887680394130        505.43866447427558     
   63.065735310408925        504.26478362731302     
   61.763677672687059        503.08452574491201     
   60.503821075268554        501.89785619235789     
   59.284374952819867        500.70475192341809     
   58.103644903382957        499.50520078598407     
   56.960026215208011        498.29920090885742     
   55.851997998717025        497.08676013332109     
   54.778117709757190        495.86789553565183     
   53.737016153068474        494.64263295405169     
   52.727392837531873        493.41100655925550     
   51.748011767604162        492.17305848582066     
   50.797697382631718        490.92883842773938     
   49.875331006543817        489.67840334102124     
   48.979847431032958        488.42181706930086     
   48.110231748250051        487.15915008553952     
   47.265516399504314        485.89047908659182     
   46.444778633842255        484.61588688410313     
   45.647137719747697        483.33546190277195     
   44.871752812534524        482.04929807034296     
   44.117820637389883        480.75749447441819     
   43.384573649825320        479.46015525796906     
   42.671277650651987        478.15738897466093     
   41.977230660376172        476.84930891139362     
   41.301760687621588        475.53603235093402     
   40.644224460097661        474.21768062568577     
   40.004005748205493        472.89437866515357     
   39.380514266277054        471.56625501310657     
   38.773184096109915        470.23344141008715     
   38.181472698438760        468.89607271730068     
   37.604859527346967        467.55428648556733     
   37.042845228847007        466.20822304574051     
   36.494950353906304        464.85802498921083     
   35.960714580010901        463.50383716367088     
   35.439695800723896        462.14580647791149     
   34.931469160991966        460.78408155104103     
   34.435626324634143        459.41881259842683     
   33.951774769873019        458.05015135898032     
   33.479536959384774        456.67825074178376     
   33.018549707784530        455.30326467795749     
   32.568463553541868        453.92534801916412     
   32.128942134134441        452.54465631803805     
   31.699661603292626        451.16134564532359     
   31.280310048073940        449.77557241627306     
   30.870587038985800        448.38749328069338     
   30.470203048804365        446.99726474388302     
   30.078879181882517        445.60504383465536     
   29.696346404161201        444.21098668461548     
   29.322345373513809        442.81524923427111     
   28.956625932411796        441.41798690557323     
   28.598946778457822        440.01935449673493     
   28.249075024594937        438.61950594487467     
   27.906785925461175        437.21859433075014     
   27.571862513660964        435.81677171345831     
   27.244095287761663        434.41418900431131     
   26.923281898674340        433.01099583842660     
   26.609226898301166        431.60734053199781     
   26.301741426656402        430.20336993362031     
   26.000642941313583        428.79922927615206     
   25.705755030814181        427.39506224308019     
   25.416907111625431        425.99101072372406     
   25.133934265284456        424.58721488891905     
   24.856676944675968        423.18381295448540     
   24.584980817150875        421.78094119554646     
   24.318696558059351        420.37873386535767     
   24.057679659522492        418.97732315265210     
   23.801790240267206        417.57683909487065     
   23.550892889365734        416.17740954257636     
   23.304856467263171        414.77916007746671     
   23.063553996704439        413.38221405561308     
   22.826862473917945        411.98669248849211     
   22.594662739134328        410.59271405233994     
   22.366839314734960        409.20039496959328     
   22.143280275534742        407.80984899856628     
   21.923877171379225        406.42118761696776     
   21.708524840626996        405.03451973956612     
   21.497121289575702        403.64995168113455     
   21.289567683187663        402.26758759686584     
   21.085768059407087        400.88752868620116     
   20.885629397822253        399.50987397894625     
   20.689061422559217        398.13471986979863     
   20.495976531523773        396.76216024001639     
   20.306289705260323        395.39228646533780     
   20.119918392623244        394.02518728318046     
   19.936782480461613        392.66094908392131     
   19.756804188579462        391.29965577413066     
   19.579907937064302        389.94138861998221     
   19.406020356538438        388.58622654477904     
   19.235070114639107        387.23424559615421     
   19.066988055622272        385.88552054225545     
   18.901706847841989        384.54012260352033     
   18.739161090300367        383.19812095813802     
   18.579287207509108        381.85958233171078     
   18.422023434391903        380.52457132667558     
   18.267309699438499        379.19315007747053     
   18.115087582065957        377.86537839921857     
   17.965300315712426        376.54131402780143     
   17.817892646377288        375.22101230094211     
   17.672810844152192        373.90452642695698     
   17.530002658934439        372.59190756067187     
   17.389417202174752        371.28320445598814     
   17.251004957220594        369.97846371292951     
   17.114717838450218        368.67773057887297     
   16.980508942810232        367.38104761325604     
   16.848332708385843        366.08845616341000     
   16.718144567565670        364.79999377648534     
   16.589901379183551        363.51569821954416     
   16.463561008935152        362.23560439531269     
   16.339082445600003        360.95974552269354     
   16.216425745711842        359.68815302870451     
   16.095552001917461        358.42085659096693     
   15.976423310750576        357.15788416553579     
   15.859002743747768        355.89926203480303     
   15.743254318593408        354.64501484634962     
   15.629142972084743        353.39516565818718     
   15.516634530924380        352.14973596031660     
   15.405695686732338        350.90874572116684     
   15.296293974016034        349.67221345658436     
   15.188397734397277        348.44015617078202     
   15.081976114509297        347.21258956569261     
   14.976999019991563        345.98952788024314     
   14.873437108046206        344.77098406500551     
   14.771261757363698        343.55696974609788     
   14.670445062477848        342.34749536104056     
   14.570959795428625        341.14257007832032     
   14.472779395062561        339.94220187424253     
   14.375877949926526        338.74639759695776     
   14.280230177231291        337.55516297168691     
   14.185811406832956        336.36850264705510     
   14.092597571319585        335.18642031676404     
   14.000565169828283        334.00891850494384     
   13.909691262894585        332.83599876132928     
