   8088153109146365.34501575343338997549      
   8088153109142351.63445073146417263130      
   8088153109135195.17232211307862828082      
   8088153109123518.01815567904194627206      
   8088153109105811.33480762518518479218      
   8088153109080545.70083059788354832090      
   8088153109046268.47086492956936170859      
   8088153109001672.17878216991853619188      
   8088153108945629.07594371882682311378      
   8088153108877195.31104895532136031880      
   8088153108795592.67000629094788047464      
   8088153108700176.67754469743188846555      
   8088153108590398.62463987036845280282      
   8088153108465766.58347652979322923994      
   8088153108325808.70938567391725479601      
   8088153108170038.93383942398015192324      
   8088153107997925.25902619898321093458      
   8088153107808857.64202238699974619168      
   8088153107602114.58014400500886284442      
   8088153107376825.23447687886254384507      
   8088153107131924.98551497161697065776      
   8088153106866101.74810492047403746342      
   8088153106577731.54893353983524442643      
   8088153106264802.27693082219416553531      
   8088153105924823.15857637772504722118      
   8088153105554719.28609608805529039045      
   8088153105150709.58534175068454471786      
   8088153104708167.84563758055562988827      
   8088153104221467.43709839040769006037      
   8088153103683807.72570657327667001391      
   8088153103087012.46574088892735817074      
   8088153102421332.72054236079366279933      
   8088153101675178.73196633313058631024      
   8088153100834886.88212835403457596616      
   8088153099884426.23728170803568212482      
   8088153098805084.46172070597768916436      
   8088153097575132.34440724328553982015      
   8088153096169464.78611414076333358068      
   8088153094559201.16520848047270209231      
   8088153092711241.83512491440749848665      
   8088153090587800.56171407073130525875      
   8088153088145961.10130575779900463651      
   8088153085337168.26618192184603974449      
   8088153082106575.38690522975129715885      
   8088153078392615.17952571403072377972      
   8088153074126415.13258964780556575184      
   8088153069231150.02131672387004309582      
   8088153063621631.59277871860276537281      
   8088153057203781.34527760110175243109      
   8088153049874164.48289379274730076779      
   8088153041519777.92868981200191375817      
   8088153032017737.92639109434695838131      
   8088153021235259.22984724877214871269      
   8088153009029808.07747241397749587543      
   8088152995249260.13552272010582566437      
   8088152979732639.73066502617424352803      
   8088152962310842.05675433233021906759      
   8088152942808390.01192634657431910009      
   8088152921045919.10791435780303422834      
   8088152896844191.10727188585116349383      
   8088152870030290.34982273949273883472      
   8088152840445394.67200009240262885846      
   8088152807953497.65813390750722065934      
   8088152772445667.79968824493228974400      
   8088152733836147.65838371454484908001      
   8088152692047127.20915895442268131119      
   8088152646990707.34413834960248732356      
   8088152598558805.72293447705108308376      
   8088152546625449.93057970040663420559      
   8088152491056563.95133136493848013786      
   8088152431718628.96818068948480276621      
   8088152368483298.85945690305655062305      
   8088152301227510.68771752867458178782      
   8088152229832436.07213694413663760806      
   8088152154180839.18291659456651192597      
   8088152074156416.46631002050431947636      
   8088151989641166.08207622614000237207      
   8088151900515860.68990875462923410919      
   8088151806658808.11739754765671923074      
   8088151707946337.93517107501883818196      
   8088151604251906.73697317019003545906      
   8088151495446133.88015425627763959737      
   8088151381397530.90454180057202121339      
   8088151261971979.02543256544128603535      
   8088151137033241.90249006117221798433      
   8088151006442682.12931606979589104021      
   8088150870059209.86702013539553704578      
   8088150727739889.02073968008069487865      
   8088150579339457.93306784026590560126      
   8088150424710657.56968012742013149005      
   8088150263704232.86683492596964470921      
   8088150096168970.33724397987812804959      
   8088149921951697.72165212702949854857      
   8088149740897331.43609950436322284135      
   8088149552848938.42048360849835984734      
   8088149357647629.57141396489596551524      
   8088149155132630.52263013922127733724      
   8088148945141338.39215418106049479505      
   8088148727509343.20420240562205605427      
   8088148502070410.18543243835751441976      
   8088148268656473.07876446418483656463      
   8088148027097676.44526304514582414062      
   8088147777222298.75078390838230798891      
   8088147518856881.07170505860789337400      
   8088147251826090.38291808785849356170      
   8088146975952848.18618708279125896054      
   8088146691058187.86225959033397941468      
   8088146396961372.83002476828359149190      
   8088146093479882.51069354243108333168      
   8088145780429342.55730190872867085231      
   8088145457623640.48986523817144206425      
   8088145124874767.41334511061383900476      
   8088144781993014.76946215929012140057      
   8088144428786709.53742871206512891728      
   8088144065062571.22490454286445307665      
   8088143690625281.99309134036494206392      
   8088143305277902.66476996679717920320      
   8088142908821500.38075171080807647395      
   8088142501055503.27470309081564809380      
   8088142081777331.95248540546038328123      
   8088141650782758.24337791859462540398      
   8088141207865587.22270263947076566861      
   8088140752817916.80038642443112681998      
   8088140285429909.41898070962179841462      
   8088139805490009.82562524861519265545      
