   44574746969.3844244578669100021692299      
   44574740664.2234823578067647369597670      
   44574733581.5881932384879762880183852      
   44574725653.8333939636138705576069311      
   44574716806.2002297248347097515616859      
   44574706956.2655476319513343450541261      
   44574696013.1720927719698788571434152      
   44574683878.3473680073275267548569093      
   44574670443.8759352781085629449771799      
   44574655593.3735168489688222114739510      
   44574639201.2676850470758634797380055      
   44574621133.6262554986319264744153887      
   44574601247.1790053973028932925295556      
   44574579390.1665899917575370745319985      
   44574555402.2561680063349790330847929      
   44574529114.3268889475476614833367029      
   44574500348.6239039439147934529628192      
   44574468918.7007630405583356504156982      
   44574434629.6439048513180761789895298      
   44574397277.4720582338646157323492685      
   44574356649.1952554241503137178810905      
   44574312522.7689567573578876459766770      
   44574264666.5421996109540198910788000      
   44574212838.9234963242661604508334309      
   44574156788.3572940276856165487133697      
   44574096252.5273693714876866823159018      
   44574030958.0308259769273794306046541      
   44573960619.9937335261895425089386923      
   44573884941.3362195317220766950525713      
   44573803612.3954798306835496911662200      
   44573716310.1502945092277512552877237      
   44573622697.7839789471675030321275559      
   44573522423.9012500106853325874061010      
   44573415121.8317467433954161239640973      
   44573300408.9860306723101484260255191      
   44573177885.9318241474455554763911384      
   44573047135.7852309565241467699973397      
   44572907723.2046371972129843949155183      
   44572759193.4522762511968733216123913      
   44572601071.6352089265278527696782476      
   44572432861.4696776920965155507464542      
   44572254044.2528937416555116683600551      
   44572064077.7510286801359708041910482      
   44571862394.8828728450107243821800689      
   44571648402.4510055721239966038181779      
   44571421479.6576384563711493672750991      
   44571180976.6181522609260526951805233      
   44570926212.7328717587845409028492541      
   44570656474.9088616791612360034697184      
   44570371015.7608513788209593213419505      
   44570069051.6092027558814780964593884      
   44569749760.3438165535885253441085610      
   44569412279.1838191716844671527754302      
   44569055702.3712757142803620646636012      
   44568679076.6117914240645672958510276      
   44568281406.1153865794404997926791776      
   44567861638.2703499639952268476726787      
   44567418668.3096334179754913209544541      
   44566951334.2265782369835237595554045      
   44566458413.4034514996167793979720254      
   44565938619.1860267796717343911457137      
   44565390597.0784863808412488438602639      
   44564812920.9693582719831371885932858      
   44564204088.9896357698314400619973779      
   44563562519.2419199264103036020032990      
   44562886545.3443240138997167974350254      
   44562174411.7348064880902576872776454      
   44561424271.7541528020754885179374537      
   44560634170.8420023711928759174202527      
   44559802058.0067846418794433778376478      
   44558925769.3505429990696966642192200      
   44558003024.7471841003345644039209043      
   44557031421.6842271160917138274921623      
   44556008428.8045507561667147802514608      
   44554931379.0699953301455430320993141      
   44553797462.7539121125481299479309485      
   44552603719.9126085806420737474934213      
   44551347032.5992807124829592243083805      
   44550024116.7504572412957932040639766      
   44548631513.4338456587824622058734722      
   44547165579.9952422197672649930649808      
   44545622480.3734115654599233047501404      
   44543998175.2159081446796235824938844      
   44542288411.2389988561045435133913773      
   44540488710.1813801380196002618872091      
   44538594356.9093583981241330990115828      
   44536600387.1198327311511419131150929      
   44534501574.0580507923298230024347997      
   44532292414.5701542319072427749256249      
   44529967114.3224700428108596504007862      
   44527519571.9280132613121624301373737      
   44524943362.3078803701184664585902495      
   44522231718.7072440762015586200862670      
   44519377513.5831263120677562733119615      
   44516373238.2947536971915666822344484      
   44513210981.2143184249937872706639422      
   44509882404.3103468755219726489172994      
   44506378714.5469776233078651327005907      
   44502690651.6495875452630087910960715      
   44498808436.8889141413252204539557498      
   44494721756.8672142232467026195178496      
   44490419726.3156539248031160451184172      
   44485890852.0090437533710635201476237      
   44481122993.9056498506500727731604963      
   44476103323.3277147668366446705139699      
   44470818277.8003808262413251255890591      
   44465253512.8209286797376987028810273      
   44459393849.4742293698850295790398421      
   44453223235.1059323652787278091168490      
   44446724622.9740364920431036482261716      
   44439879996.1002663943018469483722225      
   44432670244.7841799337742195773790945      
   44425075110.6890637363727036577751866      
   44417073112.3324420116183459794783546      
   44408641473.8597020693139341329131072      
   44399756048.6877112762154541918980029      
   44390391247.0952879420971232669547504      
   44380519966.8544937457656165189560586      
   44370113530.8307608512597381612760104      
   44359141634.6986051358729119444791212      
   44347572308.3992381154504349476692930      
   44335371896.3373218589534510178659947      
   44322505060.0559195724290154978445505      
   44308934807.8497122587268380804852633      
   44294622554.5622799394675597841801732      
   44279528213.8679208144242719011416015      
   44263610323.5901012217850937473790538      
   44246826202.9563312168449200661306728      
   44229132138.1443837127252069749626122      
   44210483590.6790618085822809199082656      
   44190835421.8966651332391675268134935      
   44170142110.1589842648700084167195958      
   44148358054.1667373551428875030335310      
   44125437678.9632087136956657293337099      
   44101335714.7556683087729777155734689      
   44076007346.4533479034178839282645934      
   44049408513.5002187917725982242926284      
   44021495842.5464254481786912859276626      
   43992226880.8093073024088636480421257      
   43961560158.0133591513320164236789948      
   43929455243.6811614012064101641886182      
   43895872784.8798844331078839366472938      
   43860774521.8196636120367954985698896      
   43824123282.3417439863683727831136018      
   43785882959.0638956742238077985117450      
   43746018468.1725984543848631892193726      
   43704495692.4759354595252739066470912      
   43661281411.4048920629212134166523095      
   43616343218.2298096592371481888312455      
   43569649429.8072543353120207155046608      
   43521169024.3417209776496031250050793      
   43470871395.3189778881350918166724484      
   43418726477.6387747313799976639506024      
   43364704493.3370226589202959426244907      
   43308775900.2623623797475520512493494      
   43250911307.4785207427122696061914741      
   43191081399.4044534153877313875740067      
   43129256869.5715154475906068398578908      
   43065408364.1917629870857731077676456      
   42999506435.3565853716936987255714612      
   42931521502.4313297312512954896418467      
   42861423824.1195288854087451945328019      
   42789183472.1318436064503246259102479      
   42714770316.8281421470728609951487841      
   42638154013.8751939087591417270390785      
   42559303995.4586523915493672213877190      
   42478189467.2679977343832129514739075      
   42394779403.8046260537141611854247162      
   42309042548.6917305360803384309854870      
   42220947415.2514144259319611823119510      
   42130462287.4989906641584594656475605      
   42037555223.4615635199827320187932092      
   41942194056.3003743509735123294852278      
   41844346398.5866067002996689474073656      
   41743979646.0301240153158850776414044      
   41641060977.6375975449961162253283112      
   41535557359.0769386531626218239808914      
   41427435548.7883597013026352631693789      
   41316662094.4554718364539415685743672      
   41203203344.3937073052428511835396791      
   41087025441.5967110412767269408929899      
   40968094329.9587415515485054592264403      
   40846375755.6421711817023936495315235      
   40721835266.8384534973426678356887282      
   40594438219.2456278119013835051107506      
   40464149815.3490757656974493040308425      
   40330934938.7733037366787480744015403      
   40194758411.8113260234156183583210302      
   40055584824.2281271882136104890238895      
   39913378579.5783647332507146727208641      
   39768103882.8782547006147755023308546      
   39619724762.3504315764858452601288423      
   39468205056.1636642569820747340364181      
   39313508417.0690605567960351795382475      
   39155598312.4539389155976629611272186      
   38994438025.4761791948058725006749278      
   38829990650.3433879270034048754869654      
   38662219101.6385663537992165586314701      
   38491086116.7388534669383209811553333      
   38316554212.8242475043908340856121201      
   38138585776.3462741327937995172263934      
   37957142977.7498545013531229745277819      
   37772187811.9017578160104633788779832      
   37583682090.3334408490204229313719462      
   37391587439.0359259618203807659604677      
   37195865301.6311989580511708883646852      
   36996476938.6612474073893664843295560      
   36793383427.7396101445449058809881278      
   36586545661.6445262597474331039563849      
   36375924351.3996871960522584527798019      
   36161480023.7601498774254322904171556      
   35943173021.2683893621760955192900264      
   35720963502.5048080401026148774708497      
   35494811443.9838110262453548613079274      
   35264676635.2549562061842718110181741      
   35030518685.1336190930766751559616740      
   34792297014.9808304242939442495867686      
   34549970864.1202928185323159787980431      
   34303499285.7560753932977402751768928      
   34052841148.7689899885693935628568074      
   33797955139.5705857904712378603894306      
   33538799751.6006822179493542231865602      
   33275333301.5335480042398315956649785      
   33007513916.7893807230553950001508919      
   32735299541.4950200772542543973200511      
   32458647931.6476397622336339015514347      
   32177516657.4928708317223663485458370      
   31891863098.7665485852883577461708144      
   31601644463.8353008090000485278891202      
   31306817761.3176691396867997401098448      
   31007339817.8178957315352091814151570      
   30703167260.5155431657767984819226936      
   30394256555.7587649478042979477279256      
   30080563962.5484957707890384817904509      
   29762045558.4659730674459998828628871      
   29438657233.7081668816663715004976198      
   29110354690.4158553709415534296135058      
   28777093448.1381939235045461401254864      
   28438828824.4937775282866258328161818      
   28095515960.5520462079917373855191064      
   27747109809.2269885946079047025087887      
   27393565133.0570623847950913830162930      
   27034836506.2087919430241199280637932      
   26670878314.3589368817738053799015419      
   26301644754.5728825984396669247315578      
   25927089834.6630837597006880003076035      
   25547167374.3842467733573630928447603      
   25161831004.5632133096009560851814336      
   24771034166.6963657130971174059516393      
   24374730109.9701730541821678530805140      
   23972871902.9328495271594874356160291      
   23565412416.9065920441220596871424130      
   23152304336.2419609883337840148186194      
   22733500155.8313459871917918643683445      
   22308952181.0641939577326057263753827      
   21878612527.5108523515747113301123416      
   21442433120.9019618863061020266935855      
   21000365696.3031676319272321653783255      
   20552361801.0911469093782273953584554      
   20098372791.6340605345275522579887540      
   19638349834.4389810420422691381048277      
   19172243905.9680442650671450776165861      
   18700005791.9221356964229422959167903      
   18221586089.1082407598367510071161317      
   17736935204.4033823787564682201092488      
   17246003353.4683040915778215824219121      
   16748740562.6349986824210557452590326      
   16245096667.8419101028445903501537075      
   15735021314.5907927574053625089099880      
   15218463958.1771171026074840621258358      
   14695373860.3955149083229503631683725      
   14165700101.7229566353161624211891807      
   13629391564.4347465075664319419325311      
   13086396942.4448086928121664770407068      
   12536664740.2177962459278435277579593      
   11980143270.1897229670216507855131116      
   11416780654.0918130399660915766114629      
   10846524827.5457433513773404856301217      
   10269323534.6688278294684254633178056      
   9685124329.50852158441819151783207960      
