   47.326235308428870        64.314490046515729     
   47.326235308428870        64.314490046515729     
   47.326235308428870        64.314490046515729     
   47.326235308428870        64.314490046515729     
   47.326235308428643        64.314490046515616     
   47.326235308398651        64.314490046500637     
   47.326235307396558        64.314490046000017     
   47.326235293486860        64.314490039051037     
   47.326235186835170        64.314489985768347     
   47.326234648728366        64.314489716915858     
   47.326232647573242        64.314488716972519     
   47.326226726210948        64.314485757620844     
   47.326212022657877        64.314478407131375     
   47.326180192548563        64.314462488915723     
   47.326118420789662        64.314431582346714     
   47.326008669938552        64.314376637992112     
   47.325827293917811        64.314285774060593     
   47.325544998876190        64.314144240508242     
   47.325127145398135        64.313934548456288     
   47.324534301562281        64.313636714531228     
   47.323722953637798        64.313228568462435     
   47.322646279256695        64.312686071388740     
   47.321254931534149        64.311983619412061     
   47.319497726198463        64.311094275241530     
   47.317322315756059        64.309989987962766     
   47.314675733479341        64.308641742558734     
   47.311504934174032        64.307019728631715     
   47.307757264543120        64.305093499080343     
   47.303380952866966        64.302832184391136     
   47.298325588476303        64.300204748766689     
   47.292542623496551        64.297180312385166     
   47.285985871333793        64.293728522788356     
   47.278612016219128        64.289819976311207     
   47.270381094790686        64.285426661385657     
   47.261256944972189        64.280522409172988     
   47.251207594428429        64.275083324509055     
   47.240205587304438        64.269088186242058     
   47.228228219348964        64.262518789443590     
   47.215257690730894        64.255360226243539     
   47.201281162854649        64.247601089987228     
   47.186290724143788        64.239233601923701     
   47.170283265416515        64.230253656918251     
   47.153260284799799        64.220660797830121     
   47.135227612648876        64.210458113951333     
   47.116195092662572        64.199652084390181     
   47.096176203679903        64.188252361258677     
   47.075187653977636        64.176271511478859     
   47.053248953872796        64.163724727501105     
   47.030381967213543        64.150629503863684     
   47.006610466536074        64.137005304587305     
   46.981959695701178        64.122873224778317     
   46.956455929721415        64.108255639148439     
   46.930126064284465        64.093175865306804     
   46.902997220336061        64.077657832185807     
   46.875096369132187        64.061725759723771     
   46.846449991914326        64.045403860551176     
   46.817083756593284        64.028716053894058     
   46.787022226822529        64.011685702637777     
   46.756288598031169        63.994335371061368     
   46.724904458265812        63.976686602714871     
   46.692889575939645        63.958759719951075     
   46.660261710561073        63.940573643573771     
   46.627036446223201        63.922145731712639     
   46.593227044836901        63.903491637222132     
   46.558844324200990        63.884625187154271     
   46.523896535553355        63.865558262551502     
   46.488389280551459        63.846300715353379     
   46.452325426043544        63.826860282567075     
   46.415705026701929        63.807242514012565     
   46.378525272287845        63.787450715804923     
   46.340780424175826        63.767485898187488     
   46.302461777384650        63.747346732278672     
   46.263557609062723        63.727029509744291     
   46.224053140662612        63.706528112484264     
   46.183930498746008        63.685833981494625     
   46.143168678767772        63.664936091936546     
   46.101743498178536        63.643820922901945     
   46.059627566694829        63.622472441361360     
   46.016790139700198        63.600872019236469     
   45.973197398885247        63.578998572183124     
   45.928811947001336        63.556828309939789     
   45.883593020497358        63.534334834838418     
   45.837496362519502        63.511489075358561     
   45.790474139798221        63.488259240370134     
   45.742474860018099        63.464610774995435     
   45.693443267582275        63.440506299794087     
   45.643320248027294        63.415905558121118     
   45.592042687211780        63.390765331198210     
   45.539543354773322        63.365039375018910     
   45.485750742869449        63.338678318307316     
   45.430588916635870        63.311629580438598     
   45.373977304031413        63.283837238205507     
   45.315830530003183        63.255241927449845     
   45.256058178526274        63.225780697395145     
   45.194564556439232        63.195386860317299     
   45.131248429331158        63.163989831957416     
   45.066002745129687        63.131514952805205     
   44.998714316933352        63.097883290222903     
   44.929263499409494        63.063011432490491     
   44.857523800946012        63.026811238686179     
   44.783361529553744        62.989189612534638     
   44.706635335525625        62.950048207556939     
   44.627195798178548        62.909283158571839     
   44.544884894516862        62.866784731823635     
   44.459535522493937        62.822437016123558     
   44.370970949874575        62.776117559978942     
   44.279004240707316        62.727696988591283     
   44.183437651010102        62.677038605441894     
   44.084062011588323        62.623997977233138     
   43.980656091787552        62.568422504136677     
   43.872985942800618        62.510150979031771     
   43.760804268943822        62.449013148855684     
   43.643849794460898        62.384829278433060     
   43.521846640481456        62.317409722401393     
   43.394503837469010        62.246554554931208     
   43.261514844043020        62.172053223403942     
   43.122557204466915        62.093684275933462     
   42.977292381133580        62.011215196056646     
   42.825365770927050        61.924402350363380     
   42.666405900304383        61.832990446889504     
   42.500029154679829        61.736715344069680     
   42.325834744845942        61.635300982431097     
   42.143409907180455        61.528462501741885     
   41.952330804232361        61.415906793678893     
   41.752164871768066        61.297333950147980     
   41.542473666860154        61.172439050361866     
   41.322816245797341        61.040914303126826     
   41.092752989140870        60.902451503250155     
   40.851849820736504        60.756744767987250     
   40.599682643631326        60.603493453371868     
   40.335841853980540        60.442405159684256     
   40.059936677864755        60.273198672663341     
   39.771599166954630        60.095606725576907     
   39.470487515272801        59.909378382493529     
   39.156288602162796        59.714280960975572     
   38.828719563999151        59.510101371271418     
   38.487528344094351        59.296646829897803     
   38.132493267112288        59.073744966415681     
   37.763423206871444        58.841244307412190     
   37.380149228799716        58.599009359537455     
   36.982533374577777        58.346926533735832     
   36.570458712779200        58.084898218640411     
   36.143831978057527        57.812844718447927     
   35.702574128279508        57.530698661156038     
   35.246632146913967        57.238412738252613     
   34.775973714888167        56.935956589677318     
   34.290591648726348        56.623319850278719     
   33.790508473575223        56.300515226562560     
   33.275782616390224        55.967582531395692     
   32.746516177358849        55.624593619835395     
   32.202864153660094        55.271658112584724     
   31.645044863319157        54.908929713011531     
   31.073351298739350        54.536612896314260     
   30.488162929516601        54.154969617019759     
   29.889957501839209        53.764325725236354     
   29.279322172020510        53.365076621805414     
   28.656963393402101        52.957691785169061     
   28.023714878845016        52.542717755978941     
   27.380543031536487        52.120779248434943     
   26.728549361867387        51.692578178467976     
   26.068969484670546        51.258890494618051     
   25.403168491121050        50.820560855143839     
   24.732632534786941        50.378495259989570     
   24.058956664989573        49.933651860200975     
   23.383828956124191        49.487030171916551     
   22.709011094432945        49.039658932341240     
   22.036315652705650        48.592582824663772     
   21.367580487707425        48.146848327130606     
   20.704640761485638        47.703488933932022     
   20.049295730996722        47.263507638511058     
   19.403294580621079        46.827872390219440     
   18.768282790119020        46.397485846395703     
   18.145792094119621        45.973183538600480     
   17.537212485086457        45.555719882810564     
   16.943773053771427        45.145759329132154     
   16.366528117218419        44.743870188567222     
   15.806349016260949        44.350521283444529     
   15.263921597576909        43.966081433683819     
   14.739749032261965        43.590821604800219     
   14.234159299221115        43.224919368932305     
   13.747316500254160        42.868465271757664     
   13.279235022441259        42.521470602065328     
   12.829795638737956        42.183876107440916     
   12.398762564150339        41.855561154026020     
   11.985800783585509        41.536352985238182     
   11.590492946133276        41.226035714725221     
   11.212355365625541        40.924358824290394     
   10.850852796604080        40.631044996371045     
   10.505411752618388        40.345797159179618     
   10.175432297380345        40.068304720797478     
   9.8602982382580358        39.798248929605371     
   9.5593859418659708        39.535307589274304     
   9.2720714769049550        39.279158713600800     
   8.9977366989554604        39.029483795287753     
   8.7357740587648625        38.785970305472453     
   8.4855904078847662        38.548313687694652     
   8.2466099029966298        38.316218870641968     
   8.0182761601746719        38.089401385889303     
   7.8000537586492031        37.867588143083019     
   7.5914292197144846        37.650517926802770     
   7.3919115384278458        37.437941660833665     
   7.2010323676143351        37.229622485036941     
   7.0183458807493615        37.025335660834720     
   6.8434273657681519        36.824867235828471     
   6.6758772859532218        36.628018553502741     
   6.5153135693022737        36.434598524855353     
   6.3613757238150015        36.244428247353923     
   6.2137228293115419        36.057339323281262     
   6.0720326736282262        35.873173374817810     
   5.9360008978222094        35.691781582166364     
   5.8053401194938159        35.513024198941160     
   5.6797790997894628        35.336770117871829     
   5.5590618720090639        35.162896384721087     
   5.4429469248268365        34.991287759614316     
   5.3312063968242054        34.821836277240088     
   5.2236253096395533        34.654440835544378     
   5.1200008255912950        34.489006788817022     
   5.0201415410456276        34.325445562471302     
   4.9238668109141601        34.163674288226566     
   4.8310061140645102        34.003615454498195     
   4.7413984482586535        33.845196578710571     
   4.6548917592325338        33.688349896214170     
   4.5713424030697443        33.533012063423321     
   4.4906146387049768        33.379123882796172     
   4.4125801509027474        33.226630040500993     
   4.3371176056583636        33.075478861994945     
   4.2641122163927827        32.925622066094490     
   4.1934553592304002        32.777014559396228     
   4.1250442049939249        32.629614236132923     
   4.0587813667696002        32.483381776936767     
   3.9945745742203247        32.338280472937505     
   3.9323363740144690        32.194276056151878     
   3.8719838383395402        32.051336538668579     
   3.8134383019405544        31.909432066161241     
   3.7566251055725215        31.768534769386701     
   3.7014733649030571        31.628618639458264     
   3.6479157534760449        31.489659407935221     
   3.5958882873541795        31.351634402023631     
   3.5453301621613211        31.214522537117301     
   3.4961835277650612        31.078304066474839     
   3.4483933504818789        30.942960585736216     
   3.4019072435239610        30.808474914954246     
   3.3566753231751623        30.674831019955089     
   3.3126500653707236        30.542013927502897     
   3.2697861789473839        30.410009662142315     
   3.2280404789165722        30.278805165232843     
   3.1873717739767753        30.148388236523104     
   3.1477407577837853        30.018747471691583     
   3.1091099078637026        29.889872206187242     
   3.0714433894569133        29.761752459242196     
   3.0347069676808784        29.634378887721130     
   2.9988679215739569        29.507742736543239     
   2.9638949730653286        29.381835826640827     
   2.9297581823782659        29.256650386869865     
   2.8964289243658454        29.132179204288818     
   2.8638797899038479        29.008415465900416     
   2.8320845338409191        28.885352750796276     
   2.8010180147304786        28.762985001124193     
   2.7706561402459400        28.641306492206599     
   2.7409758151114443        28.520311804798510     
   2.7119548920122925        28.399995798836542     
   2.6835721236028811        28.280353586513584     
   2.6558071252474749        28.161380519894745     
   2.6286403214841489        28.043072142827643     
   2.6020529262864143        27.925424237185222     
   2.5760268809848048        27.808432701151215     
   2.5505448385993508        27.692093614372116     
   2.5255901303789461        27.576403216220040     
   2.5011467225111619        27.461357846589298     
   2.4771991957309312        27.346953965226461     
   2.4537327151576673        27.233188132251140     
   2.4307330031788679        27.120056995670204     
   2.4081863171008933        27.007557284508543     
   2.3860794234899330        26.895685798360105     
   2.3643995687089636        26.784439368107130     
   2.3431344722568408        26.673814906892009     
   2.3222722951344879        26.563809355478867     
   2.3018016244330020        26.454419692772614     
   2.2817114544357775        26.345642926159051     
   2.2619911691798986        26.237476085027655     
   2.2426305257502221        26.129916215542611     
   2.2236196393298613        26.022960376805926     
   2.2049489677844636        25.916605635971326     
   2.1866092974140479        25.810849065277065     
   2.1685917295755988        25.705687736619389     
   2.1508876674659962        25.601118720716830     
   2.1334888039341289        25.497139080576169     
   2.1163871104105576        25.393745874107445     
   2.0995748251184483        25.290936149016744     
   2.0830444426274513        25.188706940555690     
   2.0667887037561585        25.087055271822543     
   2.0508005864050318        24.985978151807110     
   2.0350732956159630        24.885472575130372     
   2.0196002549773535        24.785535518794710     
   2.0043750980692643        24.686163941390763     
   1.9893916599193078        24.587354781091058     
   1.9746439718767761        24.489104967702175     
   1.9601262501225392        24.391411399095976     
   1.9458328966565552        24.294270987414993     
   1.9317584809772288        24.197680594233439     
