   49.902185079936899        66.545301102018897     
   49.902185079936899        66.545301102018897     
   49.902185079936899        66.545301102018897     
   49.902185079936899        66.545301102018897     
   49.902185079936459        66.545301102018669     
   49.902185079884553        66.545301101992735     
   49.902185078291708        66.545301101196856     
   49.902185057556672        66.545301090836020     
   49.902184906300064        66.545301015253514     
   49.902184172705013        66.545300648659506     
   49.902181530126207        66.545299327992481     
   49.902173912143461        66.545295520268141     
   49.902155400286617        66.545286265452177     
   49.902116045609446        66.545266584539320     
   49.902040831582575        66.545228955554663     
   49.901908938406564        66.545162937115450     
   49.901693408713541        66.545054988880693     
   49.901361215190178        66.544888489609832     
   49.900873686602381        66.544643930006245     
   49.900187205220213        66.544299234616759     
   49.899254064049806        66.543830153877067     
   49.898023391117668        66.543210674554601     
   49.896442066295698        66.542413410495499     
   49.894455550931220        66.541409930616453     
   49.892008621868676        66.540171025746417     
   49.889045991152727        66.538666911278995     
   49.885512832585057        66.536867387867233     
   49.881355219492150        66.534741972372942     
   49.876520513198514        66.532260033022069     
   49.870957717611951        66.529390943304179     
   49.864617821773138        66.526104275065109     
   49.857454122063935        66.522370024850318     
   49.849422534477497        66.518158881561817     
   49.840481901356647        66.513442529571407     
   49.830594260808986        66.508193966688310     
   49.819725076490009        66.502387824292015     
   49.807843424993976        66.496000681396595     
   49.794922106801067        66.489011343449008     
   49.780937693896952        66.481401085258739     
   49.765870495680971        66.473153840171662     
   49.749704451446561        66.464256333607253     
   49.732426933840564        66.454698147962830     
   49.714028480252097        66.444471724058459     
   49.694502457910964        66.433572299125771     
   49.673844658785967        66.421997780527605     
   49.652052842307405        66.409748560949410     
   49.629126236531157        66.396827284223207     
   49.605064992962930        66.383238559730202     
   49.579869625859914        66.368988642555564     
   49.553540396283587        66.354085065383359     
   49.526076813279808        66.338536291194444     
   49.497476894825652        66.322351258390398     
   49.467736656796660        66.305538993215507     
   49.436849499189208        66.288108170961280     
   49.404805626634470        66.270066680625078     
   49.371591484702691        66.251421187771129     
   49.337189211399007        66.232176697870059     
   49.301576112207776        66.212336125993204     
   49.264724150290959        66.191899870848701     
   49.226599464180985        66.170865400349925     
   49.187161902096264        66.149226845092130     
   49.146364577095689        66.126974602800900     
   49.104153442754608        66.104094954875180     
   49.060466886802395        66.080569694409363     
   49.015235338892758        66.056375765463244     
   48.968380893731073        66.031484910443666     
   48.919816943588643        66.005863332143889     
   48.869447825895591        65.979471363018803     
   48.817168472111256        65.952263140737600     
   48.762864050722605        65.924186290154324     
   48.706409641867282        65.895181616644834     
   48.647669872942366        65.865182792858164     
   48.586498572359815        65.834116052703820     
   48.522738408411826        65.801899885689593     
   48.456220514794516        65.768444725204745     
   48.386764102905722        65.733652633704153     
   48.314176056824543        65.697416979882220     
   48.238250502853603        65.659622104026511     
   48.158768347810408        65.620142970176531     
   48.075496796650896        65.578844803565673     
   47.988188823070800        65.535582704638330     
   47.896582615660954        65.490201245621805     
   47.800400334626673        65.442533724337949     
   47.699349685865954        65.392402796677416     
   47.593120037706143        65.339618415526346     
   47.481383576669472        65.283978236285904     
   47.363793934817537        65.225266769206726     
   47.239985181372866        65.163254690186491     
   47.109570686758090        65.097698076870017     
   46.972141843434954        65.028337545756827     
   46.827266627816655        64.954897291044304     
   46.674487921559269        64.877083970362804     
   46.513321645131398        64.794585468610919     
   46.343254545315865        64.707069445459084     
   46.163741647432751        64.614181679809448     
   45.974203292342551        64.515544140716983     
   45.774021643192633        64.410752748363791     
   45.562536576550492        64.299374756967183     
   45.339040824169238        64.180945680552156     
   45.102774113085729        64.054965629035138     
   44.852916328152162        63.920895068306365     
   44.588579186187374        63.778149709390881     
   44.308796226812106        63.626094424801941     
   44.012510799005533        63.464036043537000     
   43.698561396414007        63.291214631564571     
   43.365663924102435        63.106793087187576     
   43.012389746503843        62.909844425987089     
   42.637138724285919        62.699336358477019     
   42.238105618346331        62.474112333884392     
   41.813238141113708        62.232868184513933     
   41.360183693410683        61.974122874061685     
   40.876221729460532        61.696181849507617     
   40.358177197854147        61.397090750659387     
   39.802311057830650        61.074577644481558     
   39.204185775171517        60.725983179681634     
   38.558515349530687        60.348184617054379     
   37.859049750729959        59.937542164831392     
   37.098659414640089        59.489959521254974     
   36.270076293997803        59.001308633864717     
   35.368190949183138        58.468703874718898     
   34.394196589526253        57.892758004132936     
   33.357306572333314        57.278457417869220     
   32.268555020892315        56.631762312774889     
   31.136006143900545        55.957168557040575     
   29.969067733861706        55.260228934241532     
   28.782599151257244        54.549761242222345     
   27.595803070018952        53.837073650921802     
   26.428504594025831        53.133747354025815     
   25.297716874906431        52.449640143710482     
   24.215780996362458        51.791839698316252     
   23.190083533843101        51.164543510297797     
   22.223792118750229        50.569520533886731     
   21.316940749968854        50.006756058305655     
   20.467532043196798        49.475093234780779     
   19.672404867332592        48.972728859076845     
   18.927855889823977        48.497563757581823     
   18.230040473742008        48.047425930615759     
   17.575206882961048        47.620199007425150     
   16.959828658395050        47.213895386702603     
   16.380644278962301        46.826675525538604     
   15.834680596904784        46.456862122384258     
   15.319241572493445        46.102933930278958     
   14.831889999061346        45.763516375244627     
   14.370425641435741        45.437370235672262     
   13.932862897466572        45.123379914262394     
   13.517409452937692        44.820542003712177     
   13.122446452801640        44.527954405949544     
   12.746510336127292        44.244806108697738     
   12.388276308171539        43.970367659786319     
   12.046543365686837        43.703982361592544     
   11.720220803404390        43.445058208377588     
   11.408316115965221        43.193060573700286     
   11.109924193036964        42.947505634950836     
   10.824217740160197        42.707954521666778     
   10.550438809921033        42.474008142733666     
   10.287891337161589        42.245302640676726     
   10.035934587877563        42.021505424658116     
   9.7939774158841999        41.802311713733765     
   9.5614732264097704        41.587441534627011     
   9.3379155636852538        41.376637118870754     
   9.1228342270765808        41.169660631553782     
   8.9157918692447815        40.966292209291652     
   8.7163809821778546        40.766328237715037     
   8.5242212481473789        40.569579853416180     
   8.3389571758747874        40.375871619744323     
   8.1602560071727925        40.185040372111338     
   7.9878058352860686        39.996934182573348     
   7.8213139322392147        39.811411446564563     
   7.6605052408956693        39.628340067663999     
   7.5051210166852531        39.447596724527251     
   7.3549175994304985        39.269066211190008     
   7.2096653034680109        39.092640843519675     
   7.0691474052051975        38.918219918408148     
   6.9331592270660298        38.745709223624594     
   6.8015072961771548        38.575020588807163     
   6.6740085807994891        38.406071476168691     
   6.5504897917346812        38.238784609234294     
   6.4307861471092655        38.073086731567457     
   6.3147431436011514        37.908911869873116     
   6.2022124282044109        37.746195625433735     
   6.0930537215989098        37.584878538626469     
   5.9871337169780094        37.424904896822142     
   5.8843257064067034        37.266222588666331     
   5.7845091300802265        37.108782766047113     
   5.6875692289422108        36.952539706438941     
   5.5933967110792953        36.797450616612956     
   5.5018874103650584        36.643475430925527     
   5.4129420358111959        36.490576689299012     
   5.3264658344933027        36.338719315347753     
   5.2423684127407126        36.187870553131617     
   5.1605634231628992        36.037999747676551     
   5.0809683990019785        35.889078279258626     
   5.0035045059363759        35.741079396163059     
   4.9280963769496857        35.593978136162796     
   4.8546719074068179        35.447751188871720     
   4.7831621024935274        35.302376820104179     
   4.7135009055797266        35.157834760630600     
   4.6456250469460487        35.014106113504418     
   4.5794739174618968        34.871173290490923     
   4.5149894161630755        34.729019903138663     
   4.4521158367523084        34.587630705938416     
   4.3907997484574182        34.446991516757521     
   4.3309898852802977        34.307089154908404     
   4.2726370362162243        34.167911369810923     
   4.2156939515488308        34.029446777535902     
   4.1601152552747269        33.891684818850095     
   4.1058573465584614        33.754615688594740     
   4.0528783233201482        33.618230294427285     
   4.0011379025868532        33.482520204795691     
   3.9505973469648779        33.347477605819982     
   3.9012193939933861        33.213095256283395     
   3.8529681841323926        33.079366439491565     
   3.8058092095312999        32.946284941033248     
   3.7597092458702464        32.813844998858464     
   3.7146362952949650        32.682041270074315     
   3.6705595376398947        32.550868805130982     
   3.6274492726197094        32.420323006095003     
   3.5852768819650960        32.290399616792534     
   3.5440147723286435        32.161094674404879     
   3.5036363379867983        32.032404497228633     
   3.4641159175931868        31.904325657161401     
   3.4254287548823754        31.776854956900454     
   3.3875509587065133        31.649989402976093     
   3.3504594727232844        31.523726198982537     
   3.3141320362371944        31.398062716564262     
   3.2785471534571764        31.272996480527070     
   3.2436840625053254        31.148525151542891     
   3.2095227069742358        31.024646517646641     
   3.1760437065737928        30.901358471802130     
   3.1432283308569207        30.778659003068011     
   3.1110584725537627        30.656546180453532     
   3.0795166247365433        30.535018146552300     
   3.0485858559304564        30.414073102078905     
   3.0182497860306361        30.293709291246024     
   2.9884925760482530        30.173925022187909     
   2.9592988877506738        30.054718597982220     
   2.9306538889211291        29.936088405874546     
   2.9025432116752055        29.818032801181591     
   2.8749529476099043        29.700550166927481     
   2.8478696279134339        29.583638892487276     
   2.8212802065983764        29.467297366507271     
   2.7951720477691846        29.351523982550017     
   2.7695329005152822        29.236317098032664     
   2.7443509009353062        29.121675087543082     
   2.7196145461347272        29.007596296830741     
   2.6953126901935369        28.894079069226947     
   2.6714345149737628        28.781121692931578     
   2.6479695386343347        28.668722458395433     
   2.6249075916751869        28.556879620638526     
   2.6022388089235355        28.445591406309156     
   2.5799536224816833        28.334856035912175     
   2.5580427366208416        28.224671625371812     
   2.5364971404240735        28.115036330794712     
   2.5153080833590429        28.005948250473150     
   2.4944670701144172        27.897405448922189     
   2.4739658517544787        27.789405955845613     
   2.4537964174199427        27.681947766007948     
   2.4339509863068831        27.575028839108775     
   2.4144219999565726        27.468647099801931     
   2.3952021148429270        27.362800437850126     
   2.3762841906650944        27.257486689392540     
   2.3576613040378196        27.152703722030772     
   2.3393267053758695        27.048449285922267     
   2.3212738446418419        26.944721144542658     
   2.3034963512915114        26.841517019321994     
   2.2859880307844733        26.738834600032170     
   2.2687428589535767        26.636671545347888     
   2.2517549765759712        26.535025484124411     
   2.2350186842029292        26.433894017038252     
   2.2185284369499025        26.333274716762460     
   2.2022788396915165        26.233165127265071     
   2.1862646419587013        26.133562765828227     
   2.1704807340586441        26.034465125814563     
   2.1549221427139518        25.935869677938157     
   2.1395840261593055        25.837773868183447     
   2.1244616706979156        25.740175121646256     
   2.1095504865472732        25.643070842625981     
   2.0948460041590349        25.546458416317954     
   2.0803438705164341        25.450335209666886     
   2.0660398456257085        25.354698572544688     
   2.0519297991308521        25.259545838841607     
   2.0380097070580701        25.164874327835889     
   2.0242756492631835        25.070681349815462     
   2.0107238050548704        24.976964196605728     
   1.9973504491913574        24.883720140355344     
   1.9841519552240787        24.790946467413267     
   1.9711247839702051        24.698640431522261     
   1.9582654871968332        24.606799288703336     
   1.9455707027337543        24.515420287051047     
   1.9330371522225691        24.424500667810754     
   1.9206616390428857        24.334037670192966     
   1.9084410453569154        24.244028526442563     
   1.8963723303191782        24.154470467178559     
   1.8844525278026498        24.065360721091128     
   1.8726787442932626        23.976696516179572     
   1.8610481570918793        23.888475081741639     
   1.8495580119597526        23.800693647604593     
   1.8382056197091898        23.713349433787002     
   1.8269883596843159        23.626439687564631     
   1.8159036711014940        23.539961639279383     
