   44574782345.1301685766227809586111772      
   44574782344.8301894463888280210792996      
   44574782343.8028211082986732077301369      
   44574782340.9058226177441676458137042      
   44574782333.8824093330080830378399179      
   44574782318.7790730858473070966368598      
   44574782289.2989898277556181705909936      
   44574782236.1551522744697348946143806      
   44574782146.4930210644458269900574974      
   44574782003.4504487295541477047609128      
   44574781785.8910600591907288973761706      
   44574781468.4465880270495765111900711      
   44574781021.7586010194963055121329674      
   44574780412.9082708809701824261299438      
   44574779606.0917913140287225355141984      
   44574778563.3599297483908092750222016      
   44574777245.3470901486732772389552379      
   44574775611.8979079645961642943800617      
   44574773622.5197784227125423430132831      
   44574771236.4858000301608346773158186      
   44574768412.9558508045890899279413449      
   44574765110.4755113531457651149479449      
   44574761286.3888213340754927081232679      
   44574756896.3678553748113010225642596      
   44574751893.2286316996598160264397703      
   44574746225.9551679018594744323192667      
   44574739839.0927004168090802099449615      
   44574732671.5154264272289508974620626      
   44574724655.6125756919910318706487444      
   44574715716.4550338089861829615565441      
   44574705771.1012248205495769909273157      
   44574694727.7961115575415959129496998      
   44574682486.3057294972651916878632709      
   44574668936.2223221909994098757407214      
   44574653957.5164721732656969477066777      
   44574637419.4931288989672658723126039      
   44574619181.3570811893906946472649846      
   44574599090.7942982682941670259992713      
   44574576984.4530179966773410477562021      
   44574552687.4209079147954886475642583      
   44574526012.5708028241658523634940910      
   44574496760.2429589642340196795949952      
   44574464717.6729136701721237031861619      
   44574429658.7230099138099383355183534      
   44574391342.7999904711983046181166201      
   44574349514.2580251525694222798387705      
   44574303901.9683913402099765948740833      
   44574254218.0490284404697444569939275      
   44574200157.0654691719438091906794488      
   44574141395.3240556913443595710349346      
   44574077589.5305304860448995935491232      
   44574008375.8341250395128803628857379      
   44573933368.7593232636799680223926173      
   44573852159.7890475417828533328365253      
   44573764316.5344864628039630146583816      
   44573669380.3710035226007113154081596      
   44573566866.4229313011856437039570934      
   44573456261.1296168723018531974056649      
   44573337021.0301333446206280651648607      
   44573208570.9597011404208858531164508      
   44573070302.4031184743186094099942623      
   44572921571.6005532459789873322557965      
   44572761697.5151481468816310276276821      
   44572589959.8522866053205296809274039      
   44572405596.7003427386866640567138922      
   44572207802.1346724300318499689831447      
   44571995723.7394439556970010994866063      
   44571768459.7910101091071495578796092      
   44571525056.3247705965720315738676401      
   44571264504.0519576734735225301574107      
   44570985734.9412297310628993140079029      
   44570687618.5724257341768863233721601      
   44570368958.4506973008416368667416240      
   44570028487.7654510837502140343856730      
   44569664865.0376045738266516334860507      
   44569276669.4652064063674115968551250      
   44568862395.8994100464415296308766677      
   44568420449.5657510602438648596502920      
   44567949138.5160491843542998770082794      
   44567446675.1690928010394213627109314      
   44566911158.5816667187601228358372916      
   44566340575.3225034783171148322679943      
   44565732790.3091148066899827439518063      
   44565085539.2974708568695690251190952      
   44564396420.7748860690323308059004351      
   44563662887.4720626788181398302893522      
   44562882237.4354014976392438983164628      
   44562051604.4673276784690074396284598      
   44561167948.2219973296131579162014686      
   44560228043.5166391765336487023268490      
   44559228469.2785103699230119516048382      
   44558165596.8246830409846319814885483      
   44557035577.4550421778108123371205785      
   44555834329.4890259484452672593441471      
   44554557524.5460997700743519605188353      
   44553200581.5373588649872301101375049      
   44551758619.4878141719802258749467052      
   44550226487.5781870028289968727572888      
   44548598718.9411979701320506165838664      
   44546869520.1620534174880181027552560      
   44545032752.6285517950310166389578820      
   44543081913.2049734560122920397881620      
   44541010113.6471845595057779629846020      
   44538810059.1730074772240353850018266      
   44536474025.9811759902877903295965031      
   44533993837.2678398468328070261289268      
   44531360838.3229540340264190105031877      
   44528565870.3261148742515063846827514      
   44525599242.5595846701950081664951970      
   44522450703.4414027685467368932970617      
   44519109409.9022316211286739528363567      
   44515563894.6376738688094463827042771      
   44511802031.7529799456412674665007734      
   44507811000.0914036925597838039958174      
   44503577243.7272269836251198591038106      
   44499086427.2084915032799274612901027      
   44494323390.7787779740685927558185843      
   44489272092.0457890513818303475576668      
   44483915545.0604604521397715320435902      
   44478235744.9964720440399307521932453      
   44472213579.0652180042841206683219618      
   44465828743.3454212503864351510075260      
   44459059547.0464431668453557422470185      
   44451882921.1078939606946578935458387      
   44444274339.9888807435455430425414425      
   44436207753.0801190733007074961844177      
   44427655795.1400861853227266766825931      
   44418590011.4284755999526742749880654      
   44408981204.7836413397034590941315687      
   44398799874.3339608379016125993632210      
   44388016658.4578232601750811501831900      
   44376602826.9388332372896142947112596      
   44364530586.4400689630295097328674538      
   44351773296.2586112430062283839014142      
   44338305480.5163894528766528329372252      
   44324102696.8243978909465301237147472      
   44309141308.3329253166641316901821157      
   44293398215.2165957108900896135233644      
   44276850593.5961122884099252803687582      
   44259475694.8223556654355800889484330      
   44241250565.3273464321799269555304355      
   44222152082.9506810426934577902510337      
   44202156758.0543936783492898788461848      
   44181240715.7635815214099745152895449      
   44159379674.6166321116159603413897240      
   44136548943.8049953518701674847771311      
   44112723433.5068352273819333502907090      
   44087877672.7120293442065473038337534      
   44061985832.2691646050351573814781231      
   44035021749.2690319811711910984023672      
   44006958952.7394800218152427246950612      
   43977770688.3261809844620480282955289      
   43947429941.6249492688940585339761105      
   43915909460.1483950162175573287405463      
   43883181773.0884547893713622669722856      
   43849219208.7842086625442868650567177      
   43813993909.9267131566079033669107543      
   43777477851.0503742972593764440483886      
   43739642844.7274589408279436235092437      
   43700460555.5947128942422512222958585      
   43659902508.5633669282142522858068272      
   43617940095.9514409646753664922903756      
   43574544581.7961756930455321267958418      
   43529687110.1597943457335261040934601      
   43483338706.0702337327187439180468626      
   43435470279.9862495778096230785473305      
   43386052629.0491174552184570977644644      
   43335056438.5331539579618166543722708      
   43282452284.0262406432846694344767174      
   43228210630.1714509273638119563836528      
   43172301831.8065635841807054308586569      
   43114696130.6870988444155308951617080      
   43055363659.9534509461008610325297164      
   42994274437.5073073716248993624167545      
   42931398369.7376849661348390595638610      
   42866705245.1489125744632051550095021      
   42800164735.8531828594089542559339409      
   42731746396.9911878077854004140185574      
   42661419660.4312514187604782910560203      
   42589153839.0258198098437387149742266      
   42514918118.3607466007501255013075802      
   42438681559.9083584608409091864705288      
   42360413098.0841026024117657952453994      
   42280081535.5161692569572110310298744      
   42197655544.0867688336330337829933624      
   42113103663.2083022902231181085383557      
   42026394296.8114787663563676014573264      
   41937495711.3041885449107806785678240      
   41846376033.0901887465213960748807747      
   41753003251.5057859154760091390318837      
   41657345211.3434609794647279878833685      
   41559369615.1740933783410232016469679      
   41459044019.6476810151569104938001707      
   41356335866.4855174337436064341563531      
   41251212353.0834015301922101611186994      
   41143640625.0066994757448820343720222      
   41033587644.8058980960809971096141394      
   40921020220.4750963793631192558900801      
   40805905009.4571137594734503774677574      
   40688208512.4745467453924822471324362      
   40567897073.5560965149976535361285286      
   40444936880.5723183440230279303137565      
   40319293963.7445605601109955832928427      
   40190934194.4322288979530535051424613      
   40059823282.0885911445388181766859449      
   39925926774.5028638092826115552003845      
   39789210058.5800896578753573459156381      
   39649638356.5804194590600862111447304      
   39507176728.7035066401254654228497790      
   39361790066.7634118355449173253435466      
   39213443099.0596445846806636061782242      
   39062100386.2455580678492029424788861      
   38907726321.9019971819743831613526755      
   38750285128.1295076829676296269129617      
   38589740865.8897134050072391568983464      
   38426057418.9795093349610107361061619      
   38259198502.9275413919160656216452888      
   38089127662.1079222082637333883053427      
   37915808275.9497496869396119860638374      
   37739203529.7748049566139341878638354      
   37559276453.3775033819480569861413833      
   37375989909.1417371736274009374324766      
   37189306583.4036816806750187628210587      
   36999188956.7336567782889221221128902      
   36805599370.0806346875842110353057701      
   36608499976.5014395813043261545589801      
   36407852750.4697069661904875739176242      
   36203619486.5373653563664603364659352      
   35995761821.3369638245275172374728340      
   35784241192.1359492242334406660879161      
   35569018865.1594724139957055903750814      
   35350055927.6204819186250842041115046      
   35127313288.4880786300875880737601757      
   34900751677.1777193862302504550994464      
   34670331642.8488679265283577089610431      
   34436013554.3733365942610711942202827      
   34197757599.9791051831340805108130268      
   33955523786.9654023399009421903458947      
   33709271941.6946503446782183445985994      
   33458961706.6559859630299431652327892      
   33204552547.5391973049681241234876328      
   32946003742.6190964089637723000649119      
   32683274389.3482045796304843549478601      
   32416323401.8539966368615456319183256      
   32145109513.1918066234317401139998080      
   31869591267.8783215820505120554013339      
   31589727031.8174477421126547204735546      
   31305474984.7916436703405261640643464      
   31016793122.7125217833553775752300775      
   30723639257.2268540117526056274094373      
   30425971013.5503699742857436375434067      
   30123745835.4678139463167413928096856      
   29816920978.7291247612594071798302001      
   29505453513.9410245057414845039085597      
   29189300325.0218121116061278532924894      
   28868418114.9374582562002557981067934      
   28542763396.6003239594560275061637028      
   28212292494.6616635078465412139451866      
   27876961552.5566594823332175291297003      
   27536726524.9817550231905894029722475      
   27191543178.5851538947004246830100080      
   26841367098.9975084526201204389364412      
   26486153677.7347223615642479828500988      
   26125858122.5692396241926069218785543      
   25760435453.3342200031373799768357041      
   25389840502.5353348050575856869156506      
   25014027914.2770062329624353409791702      
   24632952144.2263201257271672832145023      
   24246567463.3061229217548196349845515      
   23854827952.9156341577096542669869627      
   23457687508.4442333128385454492248695      
   23055099835.1447567296343416574282789      
   22647018450.9297395074849732108776282      
   22233396685.0454329859789717003357237      
   21814187675.5675481046010214480697163      
   21389344378.7151901439485063024108168      
   20958819555.7670357472131461576890360      
   20522565780.7915865774187343555555685      
   20080535442.1018963580285554754037459      
   19632680737.4438108703873172800695735      
