   1.14344668730756107061854848666088212      
   9.73300826599470388369879933488678454E-0002
 -0.991574180226330136593579523463526481      
  -2.01023174615453266336208025934292116      
  -2.84359497067552120466031092391537118      
  -3.38437816643190239529158089599147686      
  -3.54697701263163751826154863891673381      
  -3.27581241324014245205285322881782985      
  -2.55143199921999360551745251625191260      
  -1.39334569032451630860476244261062632      
  0.143361723185835780385637259536890541      
   1.97449416389378071127101972996980489      
   3.99384717497364994094454253800016349      
   6.08635146277248476217321404758381765      
   8.13608827173309091562973121044958617      
   10.0393921850255054859720211180676941      
   11.7086981356670974312469076419822779      
   13.0815634322778783980668908748970359      
   14.1175553228799735748405526513308854      
   14.8024845487294210763538141118131701      
   15.1416618641086601396172597713202537      
   15.1602638401476546336593280681165394      
   14.8932625196104284941762027095430836      
   14.3867631337332677823796307033962722      
   13.6895599447562553976030695966225411      
   12.8525350770739258986208398315827062      
   11.9234280244078197316689225653631116      
   10.9486172494923160857619991745901566      
   9.96707320376349560275534984583038446      
   9.01400393075161761251609094746247161      
   8.11787566143984005240371013648414284      
   7.30262172053244138294190750893488109      
   6.58610328809406314687937377192520144      
   5.98258828302883017254176313049351982      
   5.50141276998234211917810094495170679      
   5.14926256238238916659169831465412529      
   4.92986244801059405571136371365785554      
   4.84528768449744437755363456897317412      
   4.89575781235702922525302792831688935      
   5.08038151275657807749462423955627903      
   5.39797274537676695353600927876732797      
   5.84694735292021298856762133363356665      
   6.42572420568650265232040330565690380      
   7.13276671145650942456541189843948285      
   7.96683387624017122026802729372586463      
   8.92653467535683783541889095192826595      
   10.0148165974221295227545646904966651      
   11.2291136982037781117382345732343303      
   12.5714381982783305936121340016858255      
   14.0419140836215028903770910970140754      
   15.6467445381946277205806014206823107      
   17.3853974225167021514508507761636967      
   19.2649231690998509177101457951658175      
   21.2884897966947658985731499667949210      
   23.4602482742456937133328905853106540      
   25.7855369734315793300357723480159273      
   28.2726816876062310276894386878375729      
   30.9231222255504559720116721875178549      
   33.7463828215219881247648145830299739      
   36.7498877859574917178554274566906217      
   39.9394054296421943396156249543182544      
   43.3238725129632094164991773812976088      
   46.9105234978148481265926298904575954      
   50.7111263781040121056269003874489102      
   54.7340125500012436606469397230481313      
   58.9871691301483203302227008870735089      
   63.4870989765665797190564126603264709      
   68.2431240068050337730690551122038383      
   73.2680350340403298151439012966243130      
   78.5775926524333619091318467638903726      
   84.1866959742610616115588101497240583      
   90.1141985880358886835560859967950567      
   96.3753371957075144328473593237283723      
   102.994657986403210406377749982072361      
   109.990761954791959272909007234335692      
   117.390548677358333944058352761568460      
   125.222553427020381178332326023419408      
   133.516549394186869911183406218778223      
   142.307052189383213900639011477688617      
   151.634440641906329628409960120957161      
   161.539460937649451266727535026268740      
   172.073034624121064426745982630007599      
   183.287617685727579378991110633303947      
   195.244802709453281829091026348686284      
   208.001257315194801760832941357793742      
   221.665966253626282131867557860890261      
   236.291810304892970713427445754126137      
   251.980261160392141369616051116540160      
   268.826515148965338697994066411036616      
   286.985175930225351833604039990483001      
   306.562607195821985975702392602094701      
   327.753837303674850019504127315822523      
   350.732064831951452622404247679829399      
   375.701112935021257117478951294438731      
   402.912239394304913007568730318756777      
   432.676670608535262428503580493060009      
   465.269493330718660678282449029391502      
   501.074910500120664410146738200819099      
   540.499435564808000992362784942768716      
   583.898721491988917708869544910914502      
   631.638641420837473008646271145895713      
   683.965900683629847187004809504291871      
   740.906080221922956171964767166278743      
   802.316029373977881883517504224104232      
   867.531514657602979452506145362871471      
   935.467864320645729635111237709107356      
   1004.30461020105907417362913429948809      
   1071.69960771784676352633996916967144      
   1134.79272152702683790263459007716308      
   1190.08177963918499992274044872802349      
   1233.94381013792819691377687329005335      
   1262.52032223926552858125153537150180      
   1272.44253340206878623357139019164346      
   1260.91638710963223095059495445033925      
   1226.11756150125141809158270789271280      
   1167.48661278396202679384702727657326      
   1085.88789484008106168573087572640917      
   983.644604846150427532884332493390592      
   864.428917136168256998154055100119287      
   732.855739860206325055788639651005234      
   594.527687998016931991941851880038589      
   455.262976670925767897480454165361550      
   320.629845197670808220442217014982836      
   195.701825669217773272636172897539058      
   84.6946791167650283856034255036435809      
  -9.42926669933858971359637264850980834      
  -85.1133448885365961470650135449595595      
  -141.998384140171480186315094349901514      
  -180.877777968480223365735409936349727      
  -203.684816250522461945824603253669831      
  -212.944781837926212472516856253146092      
  -211.576562105805478497692322047355662      
  -202.626658530313902585074522731476313      
  -189.041570992952021188322881753978100      
  -173.356918669843366357225444373989585      
  -157.865152890955985304990900554288213      
  -144.128181807950013430603744856210035      
  -133.342391412012626015600521676348822      
  -126.057927598432267513901742399026839      
  -122.526470120282224460415338857064675      
  -122.441562119605680766309049226646909      
  -125.332478091236008372292677095579327      
  -130.613010329432995659196178682802335      
  -137.377401205146302071806127426841785      
  -144.641564969563473098700576532047757      
  -151.526271175991575593519054752052174      
  -157.051235725809870971677483831927184      
  -160.301853190024065702422944660006747      
  -160.662547878457921397644661756615557      
  -157.496273141208968530117232151544076      
  -150.441528921535844301237616368842803      
  -139.214736121622589468973546574303353      
  -123.855633847874591966587885443458261      
  -104.654143476807610507698302454478540      
  -81.7732852653423919063713057150070701      
  -55.8599202635745089249117195760806349      
  -27.6048283835258616358368397797790130      
   2.32271095498891855864847657439985521      
   33.0723534929194108585113076394587041      
   63.8815615635527284843902497402562519      
   93.8609656661410062012894881782637725      
   122.353257968661597711582500541803652      
   148.835905603345757508990921739156695      
   172.666089566034657441835566718326359      
   193.613231312521952638414798684029987      
   211.462969042307548454050445044589066      
   226.163641394633114192550010343996673      
   237.888093864647879147175390514417357      
   246.782211018896875055238455881452186      
   253.029934883072382321751110337384141      
   257.039290258121345822022174905536799      
   259.198368279320796319561492968090026      
   259.778497620447739681793108788749595      
   259.074235026216283454684987480286009      
   257.458336984737935623348380376507974      
   255.153061197042156454003931825542733      
   252.312269353090149747863114827398680      
   249.254846313170294072967804072366149      
   245.873826557949754436197000313600019      
   242.398922963105099309100237231661238      
   238.984381536045741857506321047045581      
   235.541933399582138331459986477322684      
   232.184317052685366930779874748360641      
   228.900930429247764860716021959178395      
   225.805970250878492606017520234205103      
   222.867286182624542301004913145239705      
   219.968638237879688904339537281063031      
   217.356351018349937832409384015818729      
   214.896539505774638604950289141583250      
   212.532565030655599139586922716992118      
   210.384258452380412772181427421125017      
   208.375430922724939556670358908240875      
   206.567202728083038598982766218598471      
   204.809761557056310954700089934440279      
   203.283308446523859611183883023781386      
   201.745377697132191693353132477516920      
   200.314637538326166705172526995275317      
   199.017753382727183376954776949011819      
   197.806983630470112846770818164804171      
   196.610435120323444250568806540165882      
   195.594571876545293704598231184752701      
   194.581872116880840286523528759755693      
   193.714516748330498753280751044678083      
   192.935752708005915025709520203044228      
   192.276662091128164943932426701074091      
   191.611859722403531127319517870461497      
   190.924568540982314311529948828338993      
   190.342705466255766416888601457922520      
   189.813131642257176326585667326388474      
   189.326148132193506233718580180788787      
   188.886660605021028403054525816445546      
   188.509539058681569412747304618201463      
   188.136331088813068904757442328800327      
   187.811416453014020673915628327509849      
   187.514421905001374181816968467188425      
   187.268241241725577444676568218795910      
   187.031712923807144939806467529532954      
   186.833359131803218519522380181448584      
   186.652085063622020165158110001421590      
   186.491417753883398087873786691928206      
   186.330778427624470728132747278530345      
   186.209949641825311011334024122618434      
   186.077429013528932519018153640189196      
   185.981732458911438708327152743913347      
   185.916379363087828752171361105448234      
   185.842277235585345032370069176348801      
   185.813344152323614476801416557248775      
   185.794533249939356220282224098351623      
   185.796733933880538853708257923126072      
   185.773392066256002692796535391938267      
   185.775247312295465502940788999563073      
   185.803221929233240188586872399031003      
   185.815169937164533291055264790726096      
   185.837390374273021799531887523777482      
   185.879993929095156429949651480087574      
   185.922444932097935700308711772840746      
   185.941293375723300552515056614819497      
   185.968573891372154399786440508238195      
   186.010843553359599604970702856620874      
   186.059140410900556194548526720855107      
   186.095095352454701799321304195655020      
   186.170189962816538664832608965372850      
   186.224368647961799815785906096536763      
   186.301818925452920392419584586595919      
   186.382877403593882378470923831307305      
   186.457444862964156869499998983927944      
   186.522245654272467781861316898644984      
   186.603756418707315263159120511757068      
   186.684439324070912597948486158482093      
   186.723079314361508874648140572514538      
   186.777356631597625007574546913122515      
   186.855918962267754680826608923132415      
   186.889219398904446882871029961433167      
   186.966329915196909066825002615905070      
   187.029345371472095619008772978268086      
   187.105220634093705626275204748611080      
   187.116201690463564082222498370488096      
   187.216501891573536186557877795961307      
   187.269910867438759156910391703405489      
   187.304533437030546690798842845892718      
   187.396543825763598975792053832257154      
   187.470118840627488553648300861477929      
   187.479322327003753441851647916205203      
   187.578888467144981069084665533668430      
   187.629231559842608351396229306937344      
   187.630389772242288040803211770627833      
   187.656208951312508430370618631953620      
   187.663050548674184945176666325313623      
   187.743645543815614052776703588794634      
   187.725911623817009764913572953651414      
   187.777695116081848960898638556195082      
   187.878254994524819758953224952872163      
   187.872770453835866504302289402843025      
   187.937006162104028313902225486575433      
   187.967404114474185554634168966352781      
   187.996828172154685144225414783313791      
   187.969037642199169765491282880859829      
   187.943356956771402817821285917661445      
   187.964743421819402996601710358948947      
   187.940383280312953139928122310045701      
