   3.92453538092911085091975606606222939E-0003
   1.93414576444198170262908356770888307E-0003
  -3.16908300077721315343136974085636878E-0004
  -2.56092550974168327226150020534532374E-0003
  -4.53802843995492474783295478721308112E-0003
  -6.03424709364473275937177920881905794E-0003
  -6.88522836370301937539644278057595506E-0003
  -7.03543068873584984177672835625939163E-0003
  -6.50222383743804568183601804030394812E-0003
  -5.38710296063177996337791319811916940E-0003
  -3.83884439728629979611424431323791064E-0003
  -2.06502790990791805680487679444020093E-0003
  -2.58088334250776230994443977352210123E-0004
   1.40081477429429477826775067028780651E-0003
   2.76719230463614718347975009888778640E-0003
   3.74938577137965461298846330406382583E-0003
   4.31195920617715652719437246633308860E-0003
   4.46811278999656279783870331222656987E-0003
   4.25947345020941237791136936888882205E-0003
   3.77508362275348432478272659813838404E-0003
   3.09675716325070422105647929640589363E-0003
   2.31848574191995995951174157448975862E-0003
   1.51248737694886202105393380512399666E-0003
   7.51937711635391721792006770607948458E-0004
   7.75026020317465867583692218130606875E-0005
  -4.83843065983670100113096368103087118E-0004
  -9.08689332770391743955481851146984995E-0004
  -1.20314282109964449617462902620064150E-0003
  -1.37542406795660273909476922587020067E-0003
  -1.43649183145900008694154732832210417E-0003
  -1.39891311951854288880250612609658721E-0003
  -1.29392595406289404765721163508261987E-0003
  -1.13774042571420041423230368447020325E-0003
  -9.38470126390346622296358224352184020E-0004
  -7.24422739503295243033930888603463183E-0004
  -5.01675287427466866096084452683115904E-0004
  -2.87062802453279228862471990184048960E-0004
  -8.71380607707722920066825310718377207E-0005
   8.52593378821616492188767447362389674E-0005
   2.34015380637579419917108729913708157E-0004
   3.54179145790633102947520562957880587E-0004
   4.49407612165286191311460317781848031E-0004
   5.14472717805007364484673140220362520E-0004
   5.55829362885789941674665281298361678E-0004
   5.73012967838132425733914597115695403E-0004
   5.68036535764822494770216707998179523E-0004
   5.49051739012654588417875363031493375E-0004
   5.47133821198522042945922167227016457E-0004
   4.94128864617628119785477146468311319E-0004
   4.05940587778057789532410574258157897E-0004
   3.34031130976899357121890911588880343E-0004
   2.75431149208343618518258036223455560E-0004
   2.38867426046882917827206208559566151E-0004
   1.83405290145512100516586407651915925E-0004
   1.64295025264342453788394461180662605E-0004
   1.15392352137948631488496862263875746E-0004
   7.39276273727404201169566860684368204E-0005
   3.71646670681585076102909934493747378E-0005
  -2.52969859130303876744675938632774475E-0005
  -8.60979833763383449138696460012941689E-0005
  -5.02723928032494551976903444589916636E-0005
  -8.08336151795836557232587590274370338E-0005
  -5.15839022234067298694539962096652144E-0005
  -6.50024995750405849309873780634749199E-0005
  -3.24793016896081078866693734769410473E-0005
  -4.87450331840272549074895301803789891E-0005
  -2.24453078163417081104797974204580075E-0005
   4.61841235453065151221921119252609043E-0005
   8.11778924409983386200958429626204262E-0005
   1.22826482514558908027108148193380151E-0004
   2.25742953017824171040504105771005471E-0004
   2.85390267483392800772205482925690149E-0004
   3.51532751052176375938201866536490493E-0004
   4.31198817958294956957774017080404967E-0004
   5.13860320076758574389470160540042599E-0004
   6.03896057634018829569331768554501421E-0004
   6.50263666028568585268465386770934975E-0004
   7.52836990473610557972297719197765355E-0004
   8.65096722516497237963239210978471941E-0004
   9.35129693776453677328904459250193393E-0004
   1.05360537619326631892712086047069750E-0003
   1.21619915579980006050782131247756755E-0003
   1.33661234299435531401939748006758457E-0003
   1.50506226602319751678475162110663375E-0003
   1.64424384481534752924743100177452917E-0003
   1.85008863258735856156933016267419532E-0003
   2.00496207412961854914322384999617937E-0003
   2.23389784247161241986264256068692715E-0003
   2.50486623728711682619801809142988828E-0003
   2.76014420801085983283611207898202462E-0003
   3.03473585570148090887767444544618298E-0003
   3.39640674569715511294255355383414827E-0003
   3.63668772746644343343595956551879324E-0003
   3.94729380979100115977071374779209305E-0003
   4.29225771663308582031062400765285092E-0003
   4.71774592554847532573806684650959775E-0003
   5.17682545232529185347039567240915884E-0003
   5.71317040957733064753909889296481161E-0003
   6.25267383333407251010151690035720906E-0003
   6.73829408322062125892714338595523730E-0003
   7.25487729135124494070546661243303920E-0003
   7.50988615639217405555607452166628226E-0003
   7.91832011540898336463377055100669617E-0003
   8.55106446402914299740961119702623120E-0003
   8.92001364471707868099861814686793965E-0003
   8.88283664843052637702404622853449401E-0003
   8.36265727851631086249106048066904540E-0003
   7.55154934390643979435639731129278432E-0003
   5.79186879953723417456984294971250174E-0003
   3.35631253681638986764650696023194787E-0003
  -3.04399498220351513095068296917127199E-0004
  -5.41427366380174688121933607040881868E-0003
  -1.25544523780145361442487993304826797E-0002
  -2.17812585256790069479802181629704880E-0002
  -3.40579036434400272666440344251430074E-0002
  -4.93841023641242269656153896350008534E-0002
  -6.84025966869110358009191785930171745E-0002
  -9.10445760819426048211757242467418108E-0002
 -0.117052609794828592755503554752584550      
 -0.145515295366132770227216417385151477      
 -0.175193862720161953035168387583894963      
 -0.204144261967680353034829930372953284      
 -0.228997154111932291401793413011092752      
 -0.246410220558225745256558535685473211      
 -0.252044477664251946599290564774144483      
 -0.242763697575863808360102470088781239      
 -0.212975526225135336430693060355533650      
 -0.160673944793404889903127447055006128      
  -8.40053591475538904421640746848531046E-0002
   1.45219651682895229050836684991937700E-0002
  0.132656674892476516452788099600680281      
  0.261879269591268481148423629572615055      
  0.394891933635640859516475304979574234      
  0.519958586482007401022883986009566853      
  0.626179719332707740656213332613149643      
  0.700850253350108945297679649109644600      
  0.736759438763100913437284522863867359      
  0.726971853711213939110416004693923099      
  0.669667800825685086714336998643727396      
  0.567886489162979764831883414578152165      
  0.429304004901146684241269327580038814      
  0.264007779439457436015456254024651648      
   8.50497694577714712327446833100866784E-0002
  -9.25892919426603359512315445696771788E-0002
 -0.255803412008894096682602761105396674      
 -0.392880375599514030116488023882571677      
 -0.497427776052115870318788553161087726      
 -0.565394767737903121535949813867658273      
 -0.596774052775617123592749409575856202      
 -0.595344300712350716853427936504865757      
 -0.568173628246208782556141124160388877      
 -0.520427846507760373312872957796026157      
 -0.461025018414440186944693071082421932      
 -0.396576894619456783354582241163207965      
 -0.331822928051789885467406533227257215      
 -0.267338300077176459350269228608475436      
 -0.206935517076435960889598235442898383      
 -0.149822431083434440045847634355878361      
  -9.30111334688692624458414286076316305E-0002
  -3.75729482729202756641823944834563407E-0002
   1.78325578590983172329428796231373590E-0002
   7.26722860473770097766125672743351455E-0002
  0.125534571307198753765765441385850535      
  0.173975662980160024124517695172370378      
  0.215908602944251586919448501367767083      
  0.248225665017385503744594616914347468      
  0.268461171206151940805068502493789853      
  0.274561630749805067344765432399536029      
  0.268864229826319681584283831968417541      
  0.250630788090119882521032847959376823      
  0.222655388367533321499120826923862587      
  0.186811901925396195963131255956714709      
  0.147325970356600228619910962843776017      
  0.106038153276434527313116070160728052      
   6.64903184429754006084960793552994546E-0002
   3.08992512783140896165296457897187930E-0002
   9.00006717507605591765533966375416166E-0004
  -2.33280069010044666545850241132604544E-0002
  -4.03367483825902998505438836569539954E-0002
  -5.22271495775882877285478269912153699E-0002
  -5.67941417430233667941902879533641205E-0002
  -5.77369610862344078615936373214450786E-0002
  -5.48035496648682042665112499451655312E-0002
  -5.12092484366468698573801391751692152E-0002
  -4.63018816628469063980584843124799238E-0002
  -4.10128569413548323312455821303952612E-0002
  -3.48414705780170863445747943752415913E-0002
  -2.90467832022931293604107227570702200E-0002
  -2.38281607042799476681704398691840522E-0002
  -1.92259792576870018529762185352849908E-0002
  -1.45023558610001193361987566811931240E-0002
  -1.13598518670757418371641929191872532E-0002
  -8.61702807278067658001465966055315080E-0003
  -5.65247320921174286599433483932003033E-0003
  -3.95281823458238376158054492907168926E-0003
  -2.79223694081469161380671477149128305E-0003
  -2.22678073430185857079086675188598984E-0003
  -1.35034596202448021351464726233094867E-0003
  -9.30091769583510973611109602078953267E-0004
  -1.03989741308279574483641156989742945E-0003
  -6.39509109610515975201070931764131582E-0004
  -3.07166067987707849992355376420821760E-0004
  -3.73391858275589149120475880582625555E-0004
  -1.23754448477140997973275765670744049E-0004
  -2.03653593774056488814661119760166650E-0004
   5.22696361287980520222329566690111712E-0004
   4.69839543730993150546539255644886975E-0004
   3.69074211146860712014024770655446423E-0004
   9.19288722249512891314844194741723768E-0004
   8.71919443751193361639291636231417621E-0004
   7.95446545843169467746918003857560296E-0004
   5.48742588975200681869552529017604716E-0004
   5.41670398968849671272784623978000005E-0004
  -8.98609147911119937430196465848715418E-0005
  -7.90799641148210133278466200759625435E-0005
  -4.60915842810684402970679580477030454E-0004
   6.19337685697579497397959867858346308E-0005
   2.05541701468654680711095483789131535E-0004
   7.97384144683016700461200643289142051E-0004
   2.12396097670436345822864862048906452E-0004
   3.13578973921308527422088621389226488E-0004
   1.53901171698978525505688769476932451E-0004
   1.36476115007830036701853230928291485E-0004
   9.86884665416823793146845752683206793E-0005
  -1.18888933243593349073030122574561441E-0004
  -1.39136830701568428541516438655479661E-0004
  -8.32334732358830362073956171329098230E-0005
  -1.08103598207246811382362620330738399E-0005
  -3.90606628451183462173408142645313994E-0005
   2.43636241775067661439770302054746859E-0004
   4.52609227472351008399477049178521663E-0004
   1.04065240122911725180705925239429765E-0004
   9.76111359788918447090595398145802912E-0005
   7.92915578924619845220288045155543577E-0005
   5.67254382198943494322982232384492383E-0005
   1.42386580011245183475399703282386113E-0005
  -5.07772635798228865196981037480491118E-0005
  -1.66263035070783378588052623790765849E-0004
  -1.43352950788688136384476726618953231E-0004
  -1.17346341030083672673999900228975694E-0004
  -9.46487609416953924594526296292776771E-0005
  -1.24803965458321193060931968871093722E-0004
   1.05038671335867850657249067825642878E-0004
   1.47931216950570702896584309106220507E-0004
   6.37702614886592164617579031469152041E-0005
   1.69567498790631959303969956728193653E-0004
   1.72179520984145639140373423779900423E-0004
   1.32466693779397632631907236395565402E-0004
   7.65679875529594659097129550462792279E-0005
   4.16769131750419060327730180121107348E-0005
   1.25954738497626091108126889337337966E-0004
   9.99552534700812424538244154774099618E-0006
   3.42185362557888863825550399510016480E-0006
  -7.07807022289374257377155991933690712E-0006
  -1.34879825732556054619087068587339147E-0004
  -1.50726838378132086415704323910136673E-0004
  -2.02327813830201364086935699301345820E-0004
  -3.76199958945568433994291850131516900E-0005
  -9.10470584817863484950062695365465381E-0005
   9.60705504845318564561943473809437677E-0005
   3.64326947814312958682330908285335258E-0006
   1.64590281655164887991101672485753261E-0004
   2.19445856336710176557782234991263389E-0005
   1.99267103249229951136892253843528385E-0004
  -1.50854486555991382112239254080379883E-0005
   1.20991645682265153105671173788007728E-0004
   5.19295447687696353656537708640801062E-0005
   1.16682523121316381022703820912958397E-0004
  -4.86941322378417407500586665962166811E-0005
  -6.12677214062348997006340892081295663E-0005
   3.29747032591751138534526745864339924E-0005
   3.54422518980980970086865165944378155E-0005
  -5.06591275278075729257464726052200067E-0005
  -2.04685911128923514304014788616875082E-0004
  -2.45632121182479799365861051922753535E-0004
  -2.79557537684434670751671722487295829E-0004
  -1.38948746216867381521785901587464886E-0004
   1.45525751677648211020880185685689152E-0004
   2.56790097214645773085145366802225705E-0004
   2.90227953716053393677729129102645887E-0004
