   47.264846747284601        64.282459564256257     
   47.255097269644473        64.277202617593346     
   47.244375451716586        64.271385044755192     
   47.232646438994955        64.264983371909508     
   47.219877646948817        64.257976305160398     
   47.206038384981362        64.250344763399937     
   47.191099389082027        64.242071821753413     
   47.175032337440321        64.233142587733710     
   47.157809088684338        64.223543925908601     
   47.139401016503349        64.213264149923219     
   47.119778208481762        64.202292615381623     
   47.098908635062223        64.190619249535459     
   47.076757300590522        64.178234031921320     
   47.053285389077367        64.165126429270657     
   47.028449423719167        64.151284808303302     
   47.002200459698400        64.136695834088073     
   46.974483318251970        64.121343864777074     
   46.945235870064273        64.105210351116696     
   46.914388392869725        64.088273259439163     
   46.881862994940974        64.070506516085473     
   46.847573117349569        64.051879485455174     
   46.811423125063961        64.032356490878229     
   46.773307981514058        64.011896376360582     
   46.733113007420840        63.990452121122487     
   46.690713748476306        63.967970506110078     
   46.645975922267915        63.944391840557373     
   46.598755461185959        63.919649745085721     
   46.548898641763699        63.893670988816154     
   46.496242327622049        63.866375410110230     
   46.440614280167075        63.837675881250476     
   46.381833575667684        63.807478351667740     
   46.319711087826548        63.775681942672406     
   46.254050074204692        63.742179119924778     
   46.184646808388983        63.706855909404993     
   46.111291304210802        63.669592189429885     
   46.033767738193824        63.630261864926979     
   45.951856478992525        63.588733816135026     
   45.865333110828580        63.544871478335430     
   45.773970358737394        63.498533792528562     
   45.677538555612848        63.449575498233941     
   45.575806321011683        63.397847546007227     
   45.468541137459567        63.343197472393221     
   45.355509775772546        63.285469722604859     
   45.236478572697308        63.224505887325435     
   45.111213526565500        63.160144880613174     
   44.979480141964565        63.092222968384377     
   44.841043572632387        63.020573954501913     
   44.695665977043724        62.945027929787088     
   44.543108903344098        62.865412574890861     
   44.383130042299349        62.781551572600328     
   44.215482503958732        62.693264279830132     
   44.039913383675938        62.600365015707006     
   43.856163199483973        62.502662790611048     
   43.663960246241565        62.399958303136685     
   43.463023898010071        62.292045671918302     
   43.253059474253881        62.178709674609053     
   43.033756924037505        62.059724978150655     
   42.804788548199944        61.934854849726918     
   42.565806851505080        61.803849931063816     
   42.316442225970370        61.666446906635692     
   42.056300638783206        61.522367179428542     
   41.784961272001226        61.371315525151680     
   41.501974132663655        61.212978750930873     
   41.206857669732351        61.047024370895990     
   40.899096393958594        60.873099324264011     
   40.578138585147620        60.690828792183972     
   40.243394137722866        60.499815140124760     
   39.894232650447819        60.299637074621764     
   39.529981923234516        60.089849116040206     
   39.149927178418579        59.869981579789275     
   38.753311230103428        59.639541218144259     
   38.339336219813987        59.398012871695407     
   37.907167619978374        59.144862556081669     
   37.455941537151496        58.879542570896483     
   36.984776708625674        58.601499394863076     
   36.492793024960712        58.310185426064017     
   35.979138740657419        58.005075726045924     
   35.443028972723198        57.685691184364678     
   34.883797757355474        57.351629301260715     
   34.300964446077828        57.002602941733649     
   33.694313698132504        56.638486521779178     
   33.063982780558455        56.259366065070367     
   32.410545876551055        55.865587331317350     
   31.735083241222167        55.457795182611797     
   31.039221980244541        55.036956759188605     
   30.325141593443423        54.604364325551032     
   29.595543181034788        54.161616728016135     
   28.853585781175276        53.710580737953634     
   28.102791178318039        53.253332734583353     
   27.346920858755109        52.792083146284881     
   26.589832234466623        52.329088698747618     
   25.835326966321421        51.866560969833941     
   25.087008250108966        51.406581875807518     
   24.348162439417543        50.951035257647888     
   23.621675007228035        50.501560130556967     
   22.909984143651879        50.059526926249276     
   22.215069010334151        49.626034320695084     
   21.538465733664122        49.201922069226690     
   20.881302526330092        48.787794483729577     
   20.244343475877635        48.384048074457262     
   19.628050819572355        47.990910206645133     
   19.032617278110433        47.608457694430534     
   18.458026220003067        47.236653134755940     
   17.904090260438299        46.875367199741532     
   17.370487710407442        46.524399596982711     
   16.856793490789013        46.183496607343336     
   16.362504907768898        45.852365494703243     
   15.887062900767503        45.530686210446355     
   15.429869382433669        45.218120789982962     
   14.990301280571856        44.914320836591514     
   14.567721891225139        44.618933489494253     
   14.161489482493876        44.331605709779218     
   13.770964882269256        44.051988282015202     
   13.395516615523180        43.779738192639961     
   13.034525172337379        43.514520698879622     
   12.687386148826693        43.256010772897149     
   12.353512535598025        43.003894109281582     
   12.032336319616174        42.757867788073021     
   11.723309526095624        42.517640662842666     
   11.425904831501706        42.282933540474730     
   11.139615826897503        42.053479197725665     
   10.863957021893643        41.829022278585789     
   10.598463613821322        41.609319085668233     
   10.342691129823509        41.394137315031166     
   10.096214925749351        41.183255732385284     
   9.8586284288001256        40.976462736929129     
   9.6295473851791265        40.773560406035578     
   9.4086016930409802        40.574357356264365     
   9.1954397721267256        40.378672886954647     
   8.9897266200713410        40.186335482540862     
   8.7911430553993437        39.997182375416592     
   8.5993850222738626        39.811059162598127     
   8.4141629000099769        39.627819425636559     
   8.2352008261066754        39.447324359189025     
   8.0622360428156270        39.269442413211685     
   7.8950182598000715        39.094048943322115     
   7.7333090578976291        38.921025887982914     
   7.5768812767599591        38.750261427724233     
   7.4255184889378825        38.581649704173643     
   7.2790144309710074        38.415090501663336     
   7.1371725235431152        38.250488993337306     
   6.9998053588911997        38.087755449579156     
   6.8667342485017757        37.926804992479866     
   6.7377887794414217        37.767557352500425     
   6.6128064091451977        37.609936646014170     
   6.4916320455857131        37.453871135530690     
   6.3741176864347464        37.299293034680034     
   6.2601220546901457        37.146138301836295     
   6.1495102794044465        36.994346469005976     
   6.0421535326232547        36.843860419949408     
   5.9379287718450922        36.694626264502865     
   5.8367184321792305        36.546593156889685     
   5.7384101399166445        36.399713125351887     
   5.6428964833182569        36.253940955892425     
   5.5500747410308504        36.109234022669895     
   5.4598466704289290        35.965552177474265     
   5.3721182719260021        35.822857603248764     
   5.2867996049783743        35.681114723481933     
   5.2038045552448278        35.540290042535268     
   5.1230506872529107        35.400352084703023     
   5.0444590429806517        35.261271260924843     
   4.9679539754773749        35.123019769678237     
   4.8934629975654262        34.985571504712709     
   4.8209166484804387        34.848902020622006     
   4.7502483139452467        34.712988347570324     
   4.6813941121233063        34.577808975676639     
   4.6142927681263917        34.443343767063659     
   4.5488854869335631        34.309573878641650     
   4.4851158422540962        34.176481694367325     
   4.4229296592651473        34.044050753138031     
   4.3622749236573171        33.912265694483089     
   4.3031016716538728        33.781112190752424     
   4.2453618996556584        33.650576888977653     
   4.1890094804684752        33.520647364494280     
   4.1340000707834710        33.391312057476924     
   4.0802910423630552        33.262560228177797     
   4.0278413902516315        33.134381908752296     
   3.9766116803402594        33.006767868875031     
   3.9265639605554399        32.879709551550782     
   3.8776617070822148        32.753199041091662     
   3.8298697634603260        32.627229035313974     
   3.7831542755214898        32.501792796253000     
   3.7374826426103249        32.376884121575763     
   3.6928234508497368        32.252497296159213     
   3.6491464353272640        32.128627077616592     
   3.6064224244214591        32.005268653925292     
   3.5646232992089288        31.882417625802688     
   3.5237219479240149        31.760069975574719     
   3.4836922162319532        31.638222025211178     
   3.4445088780555828        31.516870433954896     
   3.4061475913947610        31.396012162268129     
   3.3685848639822100        31.275644450138930     
   3.3317980182526310        31.155764800381174     
   3.2957651595905282        31.036370955687502     
   3.2604651409783791        30.917460877352688     
   3.2258775379095805        30.799032731460283     
   3.1919826155351827        30.681084865963339     
   3.1587613046767227        30.563615801678193     
   3.1261951740928717        30.446624213264791     
   3.0942664047491490        30.330108914355684     
   3.0629577692811716        30.214068846680572     
   3.0322526024744856        30.098503058973527     
   3.0021347844637241        29.983410700807525     
   2.9725887202685355        29.868791014606064     
   2.9435993187092175        29.754643321779998     
   2.9151519727153152        29.640967010774883     
   2.8872325362158646        29.527761507519454     
   2.8598273283625955        29.415026353717071     
   2.8329230845527200        29.302761065700125     
   2.8065069602472557        29.190965218301052     
   2.7805665134413515        29.079638411816259     
   2.7550896877484710        28.968780267010239     
   2.7300647988368643        28.858390418140672     
   2.7054805210348203        28.748468507877412     
   2.6813258745283792        28.639014182226763     
   2.6575902127307103        28.530027084544031     
   2.6342632097818894        28.421506847675971     
   2.6113348517342168        28.313453103395325     
   2.5887954225103758        28.205865458182785     
   2.5666354950508610        28.098743506346842     
   2.5448459207815999        27.992086818182035     
   2.5234178252784991        27.885894967323893     
   2.5023425786486224        27.780167419140586     
   2.4816118170068102        27.674903690472860     
   2.4612174136848077        27.570103239884620     
   2.4411514760700337        27.465765492625351     
   2.4214063376886115        27.361889838894555     
   2.4019745505999581        27.258475632332672     
   2.3828488782949635        27.155522189536466     
   2.3640222884739619        27.053028788267600     
   2.3454879467383232        26.950994668739426     
   2.3272392096058883        26.849419030575113     
   2.3092696171012848        26.748301025618336     
   2.2915728900216354        26.647639775369580     
   2.2741429209981860        26.547434353575891     
   2.2569737705639259        26.447683794830986     
   2.2400596612613688        26.348387091971521     
   2.2233949728802753        26.249543198249288     
   2.2069742370790379        26.151151025067001     
   2.1907921304373028        26.053209431716475     
   2.1748434761481983        25.955717256972711     
   2.1591232336213868        25.858673290622271     
   2.1436264961084093        25.762076283134444     
   2.1283484869678246        25.665924948685788     
   2.1132845547206083        25.570217959919923     
   2.0984301701727568        25.474953954120398     
   2.0837809211542098        25.380131527304403     
   2.0693325119691832        25.285749247410845     
   2.0550807574854510        25.191805645225056     
   2.0410215799432585        25.098299216016784     
   2.0271510064363931        25.005228423035433     
   2.0134651656830740        24.912591698091280     
   1.9999602845624482        24.820387440391926     
   1.9866326862230173        24.728614022303262     
   1.9734787865448888        24.637269787054546     
   1.9604950911483190        24.546353047943715     
   1.9476781928734734        24.455862089894531     
   1.9350247701188905        24.365795174638500     
   1.9225315835829395        24.276150539009336     
   1.9101954742520604        24.186926396035282     
   1.8980133613212513        24.098120937704149     
   1.8859822388943930        24.009732331305962     
   1.8740991752563843        23.921758726231136     
   1.8623613099981002        23.834198251851216     
   1.8507658520762451        23.747049018599682     
   1.8393100779065865        23.660309119215114     
   1.8279913296095640        23.573976629607493     
   1.8168070136165013        23.488049614073869     
   1.8057545980957217        23.402526120096748     
   1.7948316110615485        23.317404178546031     
   1.7840356409019962        23.232681819780748     
   1.7733643315143357        23.148357049859790     
   1.7628153829346929        23.064427869154880     
   1.7523865494232320        22.980892269392779     
   1.7420756377175528        22.897748232824501     
   1.7318805059137876        22.814993734947599     
   1.7217990619495924        22.732626744390490     
   1.7118292623520996        22.650645224554591     
   1.7019691105692742        22.569047130706920     
   1.6922166563015024        22.487830415955340     
