   8088153109149713.32581133662409928007      
   8088153109149713.47688837010357840781      
   8088153109149700.16374906217646430229      
   8088153109149621.93559176455742900768      
   8088153109149338.13345779638950881676      
   8088153109148547.77908473513657242569      
   8088153109146714.51890989076271049757      
   8088153109143014.79512223872838452225      
   8088153109136334.07589274433305912611      
   8088153109125318.85574294375401524938      
   8088153109108470.92489964454787300732      
   8088153109084257.75040964247070447279      
   8088153109051212.95660463610803123189      
   8088153109008009.78764859560501876683      
   8088153108953501.71119748753101347423      
   8088153108886733.34823338075580205064      
   8088153108806929.78867596175027939766      
   8088153108713473.53859392454266916302      
   8088153108605877.11285909191766908127      
   8088153108483756.73376841435394750401      
   8088153108346810.44118736093685583226      
   8088153108194800.89666397261764864326      
   8088153108027542.55167467434634360601      
   8088153107844890.40125943044528693347      
   8088153107646728.58137081316321065263      
   8088153107432955.60914135633899362064      
   8088153107203463.78455321356266373607      
   8088153106958110.15105981823080754343      
   8088153106696676.96124736632350657288      
   8088153106418820.41893037258150576420      
   8088153106124005.97573044172857213967      
   8088153105811428.03449000456702837943      
   8088153105479916.67654961729629596676      
   8088153105127822.33120418942081016923      
   8088153104752891.69625889226502018885      
   8088153104352117.93181438035644997570      
   8088153103921578.67433812803307397951      
   8088153103456248.12926459950202117376      
   8088153102949792.21086276730733044277      
   8088153102394343.24803613994406574581      
   8088153101780240.88777441634578054853      
   8088153101095761.97022930393027334919      
   8088153100326805.51837638376857322550      
   8088153099456556.64807788335796589867      
   8088153098465115.56166237576733600654      
   8088153097329080.05319560750883989709      
   8088153096021079.07991417772798112707      
   8088153094509293.04713346711590092348      
   8088153092756897.85926737643603622301      
   8088153090721470.46526809568749992289      
   8088153088354294.40983207198411087269      
   8088153085599717.95167874309488518451      
   8088153082394390.07091454112183393291      
   8088153078666447.38770065044348497006      
   8088153074334779.96538850684705161589      
   8088153069308230.43244792077565425738      
   8088153063484893.26536935945677065599      
   8088153056751512.83099224827024884520      
   8088153048983026.49939458801293761490      
   8088153040042341.01181978605587043814      
   8088153029780395.77038422989694122032      
   8088153018036456.41710229133063200790      
   8088153004638767.42786986888996705099      
   8088152989405610.61560312443781013258      
   8088152972146598.45076392789439975826      
   8088152952664681.74288174126003124736      
   8088152930758836.44063540636570518953      
   8088152906227908.62548891142262877732      
   8088152878876457.14074124499986746632      
   8088152848522521.71575299403949177099      
   8088152815006593.86846296923342885046      
   8088152778198619.99891406371472559345      
   8088152737997884.60876094685554812264      
   8088152694322205.43227831566793808657      
   8088152647089799.35902416139202031429      
   8088152596205187.75867067213480829033      
   8088152541556261.28391479610924775113      
   8088152483020541.18157315646215781146      
   8088152420473298.02996512001758427912      
   8088152353791865.59260089079866722864      
   8088152282857030.12926283342719149371      
   8088152207552056.94031987821588827216      
   8088152127760918.47899997675971740015      
   8088152043367339.66909423458322968802      
   8088151954252736.87837074141654394258      
   8088151860296702.05645163546556408903      
   8088151761376115.01450566461942312535      
   8088151657365048.56754393631588499931      
   8088151548135229.49076991823429435679      
   8088151433555132.49255854416776757593      
   8088151313490899.98283390669267039260      
   8088151187805824.84063026771550667954      
   8088151056361067.56710424696083655115      
   8088150919015255.87224245942084995160      
   8088150775624807.96991646520785246115      
   8088150626043906.09990852333003308241      
   8088150470124669.34887383812094008902      
   8088150307716997.09344875542376319087      
   8088150138668841.29968339323684447389      
   8088149962826061.56745372742380641509      
   8088149780032741.28760047979040685717      
   8088149590130798.22600565643203184615      
   8088149392960403.30416963091258260136      
   8088149188359688.55012633892285252649      
   8088148976165110.58461517988978689044      
   8088148756211060.73912103235616554136      
   8088148528330185.36818564675145857255      
   8088148292353196.92623280302079333704      
   8088148048109104.96626365853411736156      
   8088147795424978.47439743030414717115      
   8088147534126125.20507139980987550750      
   8088147264035989.26592368936402025273      
   8088146984976211.30569204960667084679      
   8088146696766632.86054780211568947419      
   8088146399225220.38033444013659040237      
   8088146092168204.40265131201791604706      
   8088145775409854.26548335754167669970      
   8088145448762796.78168917229668151078      
   8088145112037649.01058720603214916012      
   8088144765043390.31308071890590342089      
   8088144407587036.42807356072916334482      
   8088144039473892.40784365895925277484      
   8088143660507344.69207527566646623741      
   8088143270489038.00791573658619027735      
   8088142869218738.28827600587576391981      
