   39.617474972884082     
   40.617474972884082     
   41.617474972884082     
   42.617474972884082     
   43.617474972884082     
   44.617474972884082     
   45.617474972884082     
   46.617474972884082     
   47.617474972884082     
   48.617474972884082     
   49.617474972884082     
   50.617474972884082     
   51.617474972884082     
   52.617474972884082     
   53.617474972884082     
   54.617474972884082     
   55.617474972884082     
   56.617474972884082     
   57.617474972884082     
   58.617474972884082     
   59.617474972884082     
   60.617474972884082     
   61.617474972884082     
   62.617474972884082     
   63.617474972884082     
   64.617474972884082     
   65.617474972884082     
   66.617474972884082     
   67.617474972884082     
   68.617474972884082     
   69.617474972884082     
   70.617474972884082     
   71.617474972884082     
   72.617474972884082     
   73.617474972884082     
   74.617474972884082     
   75.617474972884082     
   76.617474972884082     
   77.617474972884082     
   78.617474972884082     
   79.617474972884082     
   80.617474972884082     
   81.617474972884082     
   82.617474972884082     
   83.617474972884082     
   84.617474972884082     
   85.617474972884082     
   86.617474972884082     
   87.617474972884082     
   88.617474972884082     
   89.617474972884082     
   90.617474972884082     
   91.617474972884082     
   92.617474972884082     
   93.617474972884082     
   94.617474972884082     
   95.617474972884082     
   96.617474972884082     
   97.617474972884082     
   98.617474972884082     
   99.617474972884082     
   100.61747497288408     
   101.61747497288408     
   102.61747497288408     
   103.61747497288408     
   104.61747497288408     
   105.61747497288408     
   106.61747497288408     
   107.61747497288408     
   108.61747497288408     
   109.61747497288408     
   110.61747497288408     
   111.61747497288408     
   112.61747497288408     
   113.61747497288408     
   114.61747497288408     
   115.61747497288408     
   116.61747497288408     
   117.61747497288408     
   118.61747497288408     
   119.61747497288408     
   120.61747497288408     
   121.61747497288408     
   122.61747497288408     
   123.61747497288408     
   124.61747497288408     
   125.61747497288408     
   126.61747497288408     
   127.61747497288408     
   128.61747497288408     
   129.61747497288408     
   130.61747497288408     
   131.61747497288408     
   132.61747497288408     
   133.61747497288408     
   134.61747497288408     
   135.61747497288408     
   136.61747497288408     
   137.61747497288408     
   138.61747497288408     
   139.61747497288408     
   140.61747497288408     
   141.61747497288408     
   142.61747497288408     
   143.61747497288408     
   144.61747497288408     
   145.61747497288408     
   146.61747497288408     
   147.61747497288408     
   148.61747497288408     
   149.61747497288408     
   150.61747497288408     
   151.61747497288408     
   152.61747497288408     
   153.61747497288408     
   154.61747497288408     
   155.61747497288408     
   156.61747497288408     
   157.61747497288408     
   158.61747497288408     
   159.61747497288408     
   160.61747497288408     
   161.61747497288408     
   162.61747497288408     
   163.61747497288408     
   164.61747497288408     
   165.61747497288408     
   166.61747497288408     
   167.61747497288408     
   168.61747497288408     
   169.61747497288408     
   170.61747497288408     
   171.61747497288408     
   172.61747497288408     
   173.61747497288408     
   174.61747497288408     
   175.61747497288408     
   176.61747497288408     
   177.61747497288408     
   178.61747497288408     
   179.61747497288408     
   180.61747497288408     
   181.61747497288408     
   182.61747497288408     
   183.61747497288408     
   184.61747497288408     
   185.61747497288408     
   186.61747497288408     
   187.61747497288408     
   188.61747497288408     
   189.61747497288408     
   190.61747497288408     
   191.61747497288408     
   192.61747497288408     
   193.61747497288408     
   194.61747497288408     
   195.61747497288408     
   196.61747497288408     
   197.61747497288408     
   198.61747497288408     
   199.61747497288408     
   200.61747497288408     
   201.61747497288408     
   202.61747497288408     
   203.61747497288408     
   204.61747497288408     
   205.61747497288408     
   206.61747497288408     
   207.61747497288408     
   208.61747497288408     
   209.61747497288408     
   210.61747497288408     
   211.61747497288408     
   212.61747497288408     
   213.61747497288408     
   214.61747497288408     
   215.61747497288408     
   216.61747497288408     
   217.61747497288408     
   218.61747497288408     
   219.61747497288408     
   220.61747497288408     
   221.61747497288408     
   222.61747497288408     
   223.61747497288408     
   224.61747497288408     
   225.61747497288408     
   226.61747497288408     
   227.61747497288408     
   228.61747497288408     
   229.61747497288408     
   230.61747497288408     
   231.61747497288408     
   232.61747497288408     
   233.61747497288408     
   234.61747497288408     
   235.61747497288408     
   236.61747497288408     
   237.61747497288408     
   238.61747497288408     
   239.61747497288408     
   240.61747497288408     
   241.61747497288408     
   242.61747497288408     
   243.61747497288408     
   244.61747497288408     
   245.61747497288408     
   246.61747497288408     
   247.61747497288408     
   248.61747497288408     
   249.61747497288408     
   250.61747497288408     
   251.61747497288408     
   252.61747497288408     
   253.61747497288408     
   254.61747497288408     
   255.61747497288408     
   256.61747497288411     
   257.61747497288411     
   258.61747497288411     
   259.61747497288411     
   260.61747497288411     
   261.61747497288411     
   262.61747497288411     
   263.61747497288411     
   264.61747497288411     
   265.61747497288411     
   266.61747497288411     
   267.61747497288411     
   268.61747497288411     
   269.61747497288411     
   270.61747497288411     
   271.61747497288411     
   272.61747497288411     
   273.61747497288411     
   274.61747497288411     
   275.61747497288411     
   276.61747497288411     
   277.61747497288411     
   278.61747497288411     
   279.61747497288411     
   280.61747497288411     
   281.61747497288411     
   282.61747497288411     
   283.61747497288411     
   284.61747497288411     
   285.61747497288411     
   286.61747497288411     
   287.61747497288411     
   288.61747497288411     
   289.61747497288411     
   290.61747497288411     
   291.61747497288411     
   292.61747497288411     
   293.61747497288411     
   294.61747497288411     
   295.61747497288411     
   296.61747497288411     
   297.61747497288411     
   298.61747497288411     
   299.61747497288411     
   300.61747497288411     
   301.61747497288411     
   302.61747497288411     
   303.61747497288411     
   304.61747497288411     
   305.61747497288411     
   306.61747497288411     
   307.61747497288411     
   308.61747497288411     
   309.61747497288411     
   310.61747497288411     
   311.61747497288411     
   312.61747497288411     
   313.61747497288411     
   314.61747497288411     
   315.61747497288411     
   316.61747497288411     
   317.61747497288411     
   318.61747497288411     
