   44856513694.8129263850519348258483462      
   44856513694.8129263813416074610283443      
   44856513694.8129255754706509834849169      
   44856513694.8128861700866175459493979      
   44856513694.8121144230037809410157265      
   44856513694.8041627413900575116186752      
   44856513694.7528451636853685752696510      
   44856513694.5184942352395314193775267      
   44856513693.6933036086099322067991863      
   44856513691.3124122014194804480916766      
   44856513685.4322457321500128326233744      
   44856513672.6757383994968424271822815      
   44856513647.3218506025532668271397388      
   44856513601.1810718290098904133063546      
   44856513522.7502099743417833705606053      
   44856513396.9166068671006275124309970      
   44856513204.8101284454752471376624504      
   44856512923.9730697089796212386215076      
   44856512528.8879584683018261396482198      
   44856511991.8326988084932323790960912      
   44856511284.0917345039586150403802435      
   44856510377.5218360551184969961526677      
   44856509245.6651756276205806116401025      
   44856507865.0213111772974980301013538      
   44856506216.1710462321493375773193406      
   44856504283.8059923180093565467234011      
   44856502057.2037439471374222899578815      
   44856499528.7539807518814069829067095      
   44856496693.1025701151622412001500203      
   44856493545.0831523243515066058117212      
   44856490077.7612341945583822107486753      
   44856486279.8687906376786387201575202      
   44856482133.1840464020609531040545899      
   44856477609.8442756090617012888655830      
   44856472670.0603052202671694338829862      
   44856467259.5586498376880785703038121      
   44856461307.7203697616772340200746403      
   44856454725.5688208098988679620255907      
   44856447404.3329710006828680213440220      
   44856439214.1882377806672526462542962      
   44856430003.2748386665846358612467382      
   44856419596.9279404625058495362153122      
   44856407797.2346570965672611662477901      
   44856394382.5887018148357200463127021      
   44856379107.3717562219338566219938460      
   44856361701.9649345378978177505272612      
   44856341872.3908300676215049435182089      
   44856319300.2496901735927326123400669      
   44856293642.4450737803020248579542667      
   44856264531.0310110754904786397858281      
   44856231572.5693490899418222466689575      
   44856194347.8245339924038334476200938      
   44856152410.9793165491546219406763075      
   44856105288.7148967682245325449240084      
   44856052479.2633079800119616639215890      
   44855993450.9721909493150536771420636      
   44855927640.9351171081846240393634100      
   44855854453.0272343403031233686221008      
   44855773256.0542903933941791770747366      
   44855683381.3602166377634122446084480      
   44855584120.2079331321858463084052563      
   44855474720.8330325801641137314751372      
   44855354385.3035949096306462086583460      
   44855222265.7816855689991067307157309      
   44855077460.6340328940061557039059616      
   44854919010.1116291802051686976395118      
   44854745891.5181538295815580170724126      
   44854557014.1270846281936965906019375      
   44854351213.5135726038209634350511984      
   44854127245.4844842108412037328714757      
   44853883779.4945666660945597266353924      
   44853619391.5441482053212390959727067      
   44853332556.5421143293029202080280312      
   44853021640.1404992231719806948115107      
   44852684889.8824704754840388657398924      
   44852320428.7730325775236313963973255      
   44851926234.7074693301498642948694487      
   44851500144.4471436460630239293432554      
   44851039833.0511869973768521653318368      
   44850542804.1276867390600499125620004      
   44850006377.0752642518224383460204359      
   44849427673.5738940151825623646352581      
   44848803603.4844599492609570417871455      
   44848130849.9818408778228210251527932      
   44847405853.9745676291644289514639810      
   44846624797.9387856166134864734195641      
   44845783588.7646360259231081560044189      
   44844877840.9484955048900967244494280      
   44843902857.5142536213551109341950499      
   44842853612.3769949355404226537707373      
   44841724731.0212574593237290044035385      
   44840510471.3154842207263520671332284      
   44839204704.1832502307895552166186992      
   44837800894.4549230903185525492201312      
   44836292081.1961728438747382700831887      
   44834670859.5026698215126903224520398      
   44832929361.1391206621110017982682080      
   44831059237.8297637310420946753155182      
   44829051643.8647869415880334560798035      
   44826897231.1243789720461447918146213      
   44824586093.4170231534944113659839132      
   44822107814.4513692148848279812737357      
   44819451419.2524074284444726884011347      
   44816605374.1408347524861390955301946      
   44813557586.2679346936253081788213349      
   44810295397.7743942638207759910090163      
   44806805584.2096579805985949981119578      
   44803074327.9382231767496996402307373      
   44799087116.7333597079269068894300014      
   44794828397.3225045837922099547510741      
   44790280573.9144437909502856745722022      
   44785421798.4474360582256457444982692      
   44780223577.9929421476299236410729169      
   44774652635.7126331321300627950970863      
   44768676734.6462285388903564581148699      
   44762265282.7124381120423736548517157      
   44755387652.9973692611308287081282977      
   44748014322.5242337606024930639283093      
   44740119560.0407013076685831809640891      
   44731683117.7136038286556763620935076      
   44722690170.3099027838862184728469755      
   44713130027.0016452325775716845523401      
   44702994476.1851799940239541865549671      
   44692276256.6587770285237531334062530      
   44680968122.6591330907902118202172876      
   44669062138.7914495531661255956408988      
   44656549390.2127322892886856287754242      
   44643419871.2795611240298965507058078      
   44629662514.8337388775678901685748662      
   44615265163.0092624657022211289801459      
   44600214808.4919115836729572419362104      
   44584497576.8922147837287039978547314      
   44568098845.7613575304026175949207441      
   44551003323.0347933936920702475464425      
   44533195114.6430461002331762583081518      
   44514657781.8177960658406534253397872      
   44495374390.0539197956146299566671942      
   44475327549.5158963629664219408846874      
   44454499449.7395891320346038044740233      
   44432871888.6154559529041557244423610      
   44410426297.1511318367514295079901973      
   44387143756.3732300484866710461949984      
   44363005031.5793598186416119525623617      
   44337990563.7521715113988811131994532      
   44312080498.5204512312247578928605361      
   44285254693.8449160516769184595042542      
   44257492729.6344910909274824633232357      
   44228773916.9819546780913747415773421      
   44199077305.1663506129014311614965408      
   44168381688.0588931740327495683893173      
   44136665610.4898819230432270094611347      
   44103907373.0884033386314356568733504      
   44070085037.0382640494177277880209138      
   44035176427.9595173124552420335955672      
   43999159139.6023306580671332912512691      
   43962010537.1988221318057902276152120      
   43923707760.3772863907576433850711346      
   43884227725.9043466339727309347280242      
   43843547130.1195589090239059032526676      
   43801642451.3599064906137904916145611      
   43758489951.9128481311141193872779300      
   43714065679.9173060363306889211993405      
   43668345471.0342760905039366412865033      
   43621304950.3113555566678605225025696      
   43572919533.9396867415553724127042453      
   43523164429.8088180217312771644884451      
   43472014641.8272990554375325975007424      
   43419444964.3276653658651311326482417      
   43365429992.4186912275426174315643939      
   43309944116.1844253928940665517035513      
   43252961523.4869696989310573772445778      
   43194456201.8526597287560108503213804      
   43134401971.4584637629712721868593519      
   43072772356.7876916067869927014219431      
   43009540779.2783302372571495094996693      
   42944680435.0164062706169507520220820      
   42878164317.4768647632335726360244021      
   42809965231.5246469209318937392385676      
   42740055776.2319409544769042270691330      
   42668408367.1252796685488356049613644      
   42594995216.9487400834215741717158059      
   42519788350.3832989529530456161156139      
   42442759593.7813342512278675333271113      
   42363880585.9269079299336607740428580      
   42283122769.3972722644395819631882757      
   42200457396.0842371261473658168155316      
   42115855526.8916932859514344513900928      
   42029288030.4342661769838888356418321      
   41940725585.4797766449213137872680366      
   41850138681.4731100524488062186095891      
   41757497614.6564345899833473136440344      
   41662772493.3106242250697030390354488      
   41565933235.5095802046218968599582000      
   41466949571.2315079931781321367254492      
   41365791041.9733339328919561708622028      
   41262426996.6285789871146199036757020      
   41156826594.7823376070852571243623343      
   41048958810.5755107296058135586721335      
   40938792428.7826523552784596371497063      
   40826296044.4239238675944290194107285      
   40711438066.8713841841092645893403623      
   40594186715.9499005749933149359812563      
   40474510022.8499706646420428289930346      
   40352375832.0205949717968493526026459      
   40227751800.2542756178260705384382656      
   40100605394.7295343554597075840844904      
   39970903897.8315910500878046280494125      
   39838614401.7765285636257589421683313      
   39703703812.8698510559012250622171469      
   39566138848.5563618399439915844789471      
   39425886041.0212994789830153042370896      
   39282911732.3889815869120810547126887      
   39137182080.1958056833635728556241054      
   38988663051.8959021092529810504787093      
   38837320428.3407894173894068091831715      
   38683119802.6121459070908118049802846      
   38526026582.4268535411317181183904315      
   38366005988.6859224792480840520798307      
   38203023050.0557012971483567746048064      
   38037042613.4648720236975761148668336      
   37868029332.7549755524948262222710538      
   37695947681.9871956349148768984094712      
   37520761942.1919377491927958442448841      
   37342436208.4605734990047570351873794      
   37160934388.3411773061405660877643143      
   36976220203.9758224767304709060140522      
   36788257184.4167412151609263448875476      
   36597008678.3136004247586069180723811      
   36402437845.7516795874550933871529839      
   36204507645.9255880912012510576289630      
   36003180874.9718244151822489510539589      
   35798420127.5139561009406774593111435      
   35590187802.2392460146626287369900492      
   35378446124.3276922626871651930257106      
   35163157126.7076597236901634066644567      
   34944282654.1705146547256757149540681      
   34721784364.4508902582606694001727547      
   34495623724.9196785014405478502717820      
   34265762017.3814072322349706951637941      
   34032160333.2408250131689304100944744      
   33794779581.6027279603151498167364351      
   33553580481.0376078946473999616543219      
   33308523561.6126088832517181549170639      
   33059569165.7353105227560478371658034      
   32806677449.3118603946500347737618223      
   32549808375.5027161089803745155239243      
   32288921724.6611463772579109121947673      
   32023977087.1776400390664926866371019      
   31754933865.4560431630369983863984657      
   31481751273.8402847967664410719671754      
   31204388338.5913215239356604544299461      
   30922803892.3794122579898148641028216      
   30636956594.5895871256663059949724640      
   30346804902.6446507700334768036281135      
   30052307097.8795032864782704606305833      
   29753421243.7472061204637529157577931      
   29450105256.5058687966864626304462384      
   29142316841.3995819810794869109457610      
   28830013517.9081757135199834325700377      
   28513152618.9512466343077049952050099      
   28191691285.0532109430601178826976996      
   27865586475.4658207727386367418695146      
   27534794957.5018102826715844481679377      
   27199273310.0203834421234972230215623      
   26858977924.0276875684758449243503457      
   26513865002.2374843200438511559305546      
   26163890558.7312729852813234445352636      
   25809010419.2111268889148725792694327      
   25449180220.9944745303230389407615047      
   25084355413.0069202596548108605150265      
   24714491254.3281413554976635712271715      
   24339542818.0155597056665927832476139      
   23959464982.1224575170435341501073435      
   23574212444.0853858974333024550168559      
   23183739716.0436844029887471809060754      
   22788001115.8706336720567423381804016      
   22386950773.7375370255828291040207207      
   21980542631.2497026322559327500325612      
   21568730440.7145695677963737832354939      
   21151467767.7931363515093261851880784      
