   44856477811.9340113286116800744171385      
   44856472891.0061728379106014949482785      
   44856467502.0040357080921371493466223      
   44856461575.0575851333641696717943248      
   44856455022.0082080732964797865308962      
   44856447734.9606573426927072634878098      
   44856439585.0136583281732161323406908      
   44856430421.2709356628834017099978904      
   44856420070.0554605053978258609137000      
   44856408334.4607515366900308959324393      
   44856394993.9013933956169690946182304      
   44856379803.7944973999659606309058265      
   44856362495.5456434664221458726545102      
   44856342776.2323604445061257706136953      
   44856320328.5044531218476894513976466      
   44856294810.3271415985063604736240516      
   44856265854.8314110100682890533537652      
   44856233069.6753387140391971467533543      
   44856196036.7457243629946317654324038      
   44856154311.3817598610942064202646627      
   44856107421.4608051559184256130813030      
   44856054866.4629408761271219819185886      
   44855996116.0432212357651604369923564      
   44855930608.6724642593191836112219440      
   44855857749.6858831454730692063036528      
   44855776909.4396015723358672048936533      
   44855687420.9350168434218996102037457      
   44855588577.2103789265375920111167355      
   44855479628.4086599605948614879354098      
   44855359778.6505537890191497674290768      
   44855228182.3141822813608964345323562      
   44855083940.1563561897525281044221502      
   44854926095.0198240931304371124277668      
   44854753627.0011468465121446364955350      
   44854565448.4077288416438386478544374      
   44854360398.0928543424237953352310842      
   44854137235.4132372372101608707982194      
   44853894633.6684749417082547601957637      
   44853631173.0158433014697591015564710      
   44853345332.8614689291464573832484090      
   44853035483.7079594511101502941257862      
   44852699878.3625140533079067817965120      
   44852336645.4683243873603735905940926      
   44851943769.0539909961922126676353630      
   44851519092.4471503974825263773115001      
   44851060297.7934940772696579873115403      
   44850564896.2917441239150321137489607      
   44850030215.5156040399239468052984898      
   44849453385.9031596078902660495571633      
   44848831326.6960072146505595265078794      
   44848160731.1008241504994929966649983      
   44847438050.7262153038909945179920715      
   44846659479.4867997223050348891682301      
   44845820936.4262392085957609567635430      
   44844918048.9323893007074022139063843      
   44843946133.8122740775111252317397687      
   44842900179.4002067606632963968684782      
   44841774826.4885058786230021244261281      
   44840564349.1994722726868680731342450      
   44839262635.3888107159748209992611419      
   44837863167.6672684123773439398867903      
   44836359003.7568792902994664364443512      
   44834742758.1804509975683281390559302      
   44833006582.8994240098471164270187494      
   44831142150.6001990851279385777446558      
   44829140637.2009973607973828348670259      
   44826992716.8338497974561090610625528      
   44824688506.2856102157189944951226205      
   44822217612.5999006000343853436803122      
   44819569084.1820271051079268284499635      
   44816731412.1643738021447468481707942      
   44813692527.0534582938593260005247967      
   44810439795.5269002625752437526277553      
   44806960017.4896625951642572568533588      
   44803239402.0510958889824859899326414      
   44799263471.1096186242791001896909990      
   44795016729.8214842773830579957445873      
   44790481705.5055246010876476259549737      
   44785636792.2604787110040446206799522      
   44780453788.9486961853203855548223228      
   44774899504.5990629238228377596682799      
   44768941592.2497469188200546163757790      
   44762549436.3654074888199256857518938      
   44755692410.9909120489975745326270999      
   44748340890.6325899801169777245436179      
   44740468934.5105443352863517104848899      
   44732056049.2205317574292384238532510      
   44723087197.8525068116353406929111976      
   44713551546.5034274362471564259827759      
   44703440810.9792717475037898599584917      
   44692747711.0583958341736331947626218      
   44681465018.7102977553716931633190232      
   44669584835.3032697279876866080531495      
   44657098291.4294469233289838261323065      
   44643995428.5840634939758823151518297      
   44630265225.3429504407931887843663260      
   44615895564.9939760909102246602328291      
   44600873478.6090465311492564308537257      
   44585185125.7901718119080918764042095      
   44568815914.4377309359379971502917921      
   44551750579.7303977067399996259150244      
   44533973252.1445055556927884403378799      
   44515467515.2613068346237525178844871      
   44496216454.8773363176591355254672496      
   44476202699.9447033396216938979171277      
   44455408457.3639816300482265485197730      
   44433815541.3535812023267171604566222      
   44411405398.0820497911422063594229280      
   44388159123.1184379661459372903381862      
   44364057495.4710152740233029933428049      
   44339080969.1552346582107584851493342      
   44313209702.3387755216265635842580900      
   44286423565.2923124116248702585265920      
   44258702149.5223720239662920094079612      
   44230024777.4775734950707179721871128      
   44200370509.5730770299592016339613220      
   44169718150.4235954696335858429534708      
   44138046255.5217878894159529973624853      
   44105333135.7885486674180012153247618      
   44071556862.6026634173895822601653653      
   44036695271.6471098222162850271989108      
   44000725966.4572601679476041571986814      
   43963626322.0727227197577723374816233      
   43925373487.7045502832585380392761206      
   43885944389.6318375941116869430603484      
   43845315733.5831363571048793274387649      
   43803464007.1995028035284433982230174      
   43760365482.0062320338674923962840521      
   43715996215.1242096329581918962261666      
   43670332051.5326807070621872493941215      
   43623348625.1549063655887388125809333      
   43575021360.5609970483154763490797925      
   43525325476.3328496525711227763408347      
   43474235983.1903679720445609769696375      
   43421727685.0750445467265893941975122      
   43367775185.7173670171632470696930812      
   43312352883.7874046830810203542199097      
   43255434975.1519329832466635251477774      
   43196995458.0691779638148673915085524      
   43137008159.3465151792500181654193149      
   43075446612.0530614193077123385161041      
   43012284246.9000937813308839846713519      
   42947494267.7054029969958057789096129      
   42881049676.9343898488726066018659440      
   42812923287.3379204969397423130265376      
   42743087706.9540198148366963186618273      
   42671515359.1424737518244064250959641      
   42598178465.1508801235167741685891938      
   42523049057.8096873659033455939979003      
   42446098971.9713542569020001267144753      
   42367299854.5661086260778087063897816      
   42286623156.2443115291041964068738711      
   42204040137.5726854711042078287200409      
   42119521867.0530788146713869777420374      
   42033039222.0627554452017486566030323      
   41944562889.0630198052543103120966460      
   41854063365.8799481531521048313318503      
   41761510957.0013801838991650388670684      
   41666875778.7258562952643664525627772      
   41570127757.4153636075886335072742675      
   41471236630.4467466522605494808781807      
   41370171948.2510652501377424492032358      
   41266903067.6080767756633377187922646      
   41161399156.1352254558070175257084640      
   41053629196.0554923542738349409117038      
   40943561980.2240451801327004589790780      
   40831166111.7411966841347292374752575      
   40716410008.0216867519035817326368509      
   40599261896.9524043167812322897773298      
   40479689817.7717165267435776697511514      
   40357661622.9888133662329097948123804      
   40233144977.4361931531996212639584102      
   40106107356.3755045427465408129707003      
   39976516050.2196160494150161582833015      
   39844338159.1992411930733246862663065      
   39709540597.6551179488952194160014383      
   39572090091.0958589532911783626772795      
   39431953179.7165292578737352677100441      
   39289096213.6449014046257333086357848      
   39143485358.5036823379169807604651058      
   38995086589.8249413195586308412551349      
   38843865696.3869463368042209166642239      
   38689788279.3881317683930077312790133      
   38532819754.4877411468097378483702440      
   38372925350.6713520285624919103221556      
   38210070104.5811568236686745092596322      
   38044218871.1911614124183591375105779      
   37875336312.5381560505437892301212898      
   37703386910.5999882795382702807048432      
   37528334954.1385669081866115699307605      
   37350144546.7134746556927446716496368      
   37168779603.7258214115478218986288442      
   36984203855.4097854856944700434445684      
   36796380838.7317191835951100027769799      
   36605273910.4277811677390620024734074      
   36410846238.5461190558778270298768953      
   36213060790.7696347618308543763101528      
   36011880370.7065948996186998302698317      
   35807267581.3644789872298525204046625      
   35599184829.1502996514254629668312690      
   35387594347.5344840431806815489433149      
   35172458177.4244619335610859921096300      
   34953738171.6642187727061683426093116      
   34731395996.0085782003380191385651488      
   34505393126.1209908903545422150917386      
   34275690851.4606673906349676492217975      
   34042250271.7709320397041945757469193      
   33805032303.9535126148574115397555930      
   33563997674.8077980543862280609378217      
   33319106922.4145098114570495589174053      
   33070320397.2396238244368780067119669      
   32817598263.2654850086211278758057513      
   32560900491.6607589650645336549248360      
   32300186870.8751043552401941283597180      
   32035416999.3501292259654429478307135      
   31766550287.5498087725821977113553799      
   31493545957.8792357119984073831665513      
   31216363044.6614751751823105022470078      
   30934960388.6930327863410053957237307      
   30649296657.3089766157489619310200937      
   30359330316.0675473068592750882731531      
   30065019654.2915403256574600645283013      
   29766322743.7598192759677353326788057      
   29463197508.4481781847040876035362717      
   29155601661.7667411716645716040566770      
   28843492731.4167607584585537638892028      
   28526828058.3389230861899357069092472      
   28205564791.0733897921213244326917833      
   27879659896.8838025902614775933013764      
   27549070151.2475778047554892071557477      
   27213752141.0661769504747451218516956      
   26873662265.4118474607095707418646026      
   26528756735.0856570339312311405133556      
   26178991572.2441569870052384644475657      
   25824322610.6638137597998573345778182      
   25464705495.7368179267017964121813128      
   25100095684.4637834550893621368243625      
   24730448444.0536756645931202148153286      
   24355718855.5953105180852651705749362      
   23975861805.5748192111017349101208678      
   23590831998.6536467858314584460733088      
   23200583955.5374625170232413365033187      
   22805072002.2109666515630204349322407      
   22404250276.8256880690181809979948880      
   21998072729.2005377660599086939622936      
   21586493119.5759894873727341045386533      
   21169465021.8630753039931392737224176      
   20746941816.3316871220761417319918538      
   20318876703.7847625519880436249084033      
   19885222688.3570132784329519663971314      
   19445932591.3859694478117523041708419      
   19000959046.8665987267106853931885497      
   18550254497.0743499722050074411270400      
   18093771196.4044846775344916897606450      
   17631461210.9506967312814645987826042      
   17163276417.7229385450628834560871334      
   16689168504.3028450695890264644616182      
   16209088972.0134929991303024721803638      
   15722989136.1261862497560096255987402      
   15230820124.9647749473097659844526623      
   14732532874.0397350135884827089359353      
   14228078131.7344662951497544050537858      
   13717406456.6044225260069162275207830      
   13200468220.6877757290169890990451313      
   12677213609.5237169427633766976452508      
   12147592620.9964165974164209219013240      
   11611555061.9008330905954716066283347      
   11069050552.9861499376338659005518949      
   10520028526.7203454953707126883157116      
   9964438227.43609564803545808786392657      
   9402228710.53994011211908501447726516      
   8833348847.02776563651547855635118481      
   8257747315.89032804489765847614724900      
   7675372608.39516270534791573620427057      
   7086173032.37513033538801245534007153      
   6490096705.44359194104206024643910168      
   5887091554.80888974203032369154474113      
   5277105326.48667244044363149132031829      
   4660085573.76465457649610731387085218      
   4035979663.94855293848535478338948873      
