   1.57738407116225519828281101519513379      
  0.415796550971573498378222151883750657      
 -0.845695811420962385410990517573118900      
  -2.09118726937929172328709748622825659      
  -3.19444930677405807545958379253117265      
  -4.03279759222281517187843485918050631      
  -4.49835770490310722276298429938340619      
  -4.51105051371347409559264555896678467      
  -4.02552792248357395859944620524617332      
  -3.03663582259721208428604211440866318      
  -1.57904817150319234447975506984578338      
  0.276331822892955051486511624758029729      
   2.43031635708687508447925598456194136      
   4.76494485723047535089875158474757520      
   7.15655140052395167160502523877941572      
   9.48373051624007692084279645849444931      
   11.6400212870406430735337657911758812      
   13.5387478423276230928256501810619871      
   15.1193122420620095375110241456023065      
   16.3457413403982543358163464352601156      
   17.2080881921235828981670822804143189      
   17.7178231164873307120379940373967143      
   17.9044031104483516977598005971172955      
   17.8098657520791941292664512423405368      
   17.4855299659818432339045037133470952      
   16.9862845098614124950153368126090576      
   16.3688288621175305006123691153594938      
   15.6873793568215015772612008364430831      
   14.9929686568380479889151756796518010      
   14.3309246911548933659618011774329466      
   13.7412866811038518708601950788035522      
   13.2584092043471128901869110370041575      
   12.9110718183357027870890294778395263      
   12.7218666409720346606460720730259747      
   12.7100387724555133030653224491841733      
   12.8893927887379129529486621744879226      
   13.2707371716532597155880884985921070      
   13.8623108976826120740099883928994566      
   14.6704686707454267097588804459653950      
   15.6990364866984843695263554564208589      
   16.9522662356775170443474744762323934      
   18.4332916407169440306712756328296973      
   20.1455865154252065707116047176500726      
   22.0930312018175959140191684491821041      
   24.2809927041445559574995310321143332      
   26.7151317919073975675982461870093400      
   29.4027217906254010053470069991704249      
   32.3531625705711413427108133563073202      
   35.5770357701439653672366832855007396      
   39.0862978571170221558761769847123955      
   42.8947032171927809959183444873387040      
   47.0164170288547278516033369210637605      
   51.4661940729542249664436221326172819      
   56.2581394403853215300429716133839210      
   61.4088711359898315268253454218601208      
   66.9387787830485956044134258376704594      
   72.8805263133774991757477616174563034      
   79.2954856297021873234163971728461032      
   86.2951495450105423068808047721573428      
   94.0740339072568710980328169089389738      
   102.943002389481035818826017375479582      
   113.359121705311541585523422870425673      
   125.934514917524324507637622317650678      
   141.404031445862605117273145120719826      
   160.552806780560341914073392863884937      
   184.085914003320170842908257316318083      
   212.460776602553420447385371321959749      
   245.706985711666162668186676057498303      
   283.266962857369529239045725483237171      
   323.904984412922346478863383179174197      
   365.665328536537651181684741590617438      
   406.060387962170250919657555583086454      
   442.192989715210266402891256219301607      
   471.122401696010570650775052476727633      
   490.154290605374866205617029187087245      
   497.245195238519177155184177856869056      
   491.232684930140025055630973274621461      
   472.062929513696514436674395885062651      
   440.834428934202593946930190617664275      
   399.712381623820030912790071437377693      
   351.689881854831246642521548788874178      
   300.316147380859574697843689568106603      
   249.271778117162361589168618824843924      
   201.980004238350583576911698686643834      
   161.260276348890809943858322157073334      
   129.114114392231617512298761233965290      
   106.521220305935125409954085926121271      
   93.5303497179889694308828962254182073      
   89.2978915921062004187754732052311940      
   92.4046351608798136528647598001543403      
   100.993443570195989822748341868100592      
   113.182883645910783042807770987960185      
   127.214041500711353432182079258567658      
   141.670579267738826708345923354536902      
   155.475984894626757953446505772659970      
   168.014206465867847354034694092302999      
   179.024172457404200276574114597274531      
   188.429210466444383189891949689831242      
   196.363438045498146532554121539068358      
   203.037321900280398693029062023907542      
   208.673394413338820821222725795186151      
   213.469205617329107335291728675266716      
   217.560730396093150438204675422360714      
   221.141936848184957398102099008763795      
   224.262973791555423481767368472757351      
   227.008302469439624178963037866099091      
   229.443260792012022213458994915900620      
   231.605707037664093761464268297152320      
   233.540354576763603000909407282242570      
   235.267368100045123586515075494934158      
   236.808419209906905051481285451540735      
   238.215640196545261267613715637351405      
   239.457915833724647994573814741962453      
   240.572474910284218306817726273512761      
   241.566392113584288577763691933709521      
   242.433623742595263367648656506249316      
   243.204269457711855490263916420529701      
   243.862551499635043691565229515272297      
   244.394193321621803722634070750887493      
   244.823003297313199120335013661136184      
   245.112878283026188119641830296189147      
   245.270996082556086099395818620806194      
   245.222657965873583362673088014908315      
   244.980358106488451696460729679113363      
   244.495459050475248577484113188373067      
   243.722975325914072912145768857222658      
   242.608675729277569982022762964733043      
   241.089812968708724249278429871103768      
   239.093961914784451777822860903610900      
   236.540704047100234087067707601925251      
   233.345613167698343205837842379363428      
   229.417696325601120775719989909473166      
   224.671116945180996255434548033837808      
   219.027304189063502089299889561905917      
   212.421159976567096970264647580977609      
   204.811191347206901388595428504573942      
   196.186029654430270447181680978854775      
   186.569355397500142235348291907720243      
   176.030376677411886308251088368877731      
   164.680613548868975903350174854599988      
   152.676395298136096639624326295896424      
   140.229048658800333354114241305763827      
   127.564222470052491163456185812559894      
   114.949545075570964969354711945524192      
   102.661239141021715659633690602175605      
   91.0003979180582136095993380076787527      
   80.2338915059825280892702177446268181      
   70.6348346708903221799764475988658035      
   62.4303090616578677894912727794011134      
   55.8126027618239231464090586999030222      
   50.9432446161033022976870011882191954      
   47.9165908317703451366131730385005314      
   46.7760617701474016283820442636911480      
   47.5537208990923335998970807874071859      
   50.2097589000694007166012605299251219      
   54.6574248411807265944928768937180565      
   60.6981994090908256490119457899910547      
   68.4042004915477460923115692638127973      
   77.2923085507860365963809486467292971      
   87.2583533523548351438923326978468701      
   97.9683820103245450874223300891127227      
   109.325024292731285377564779845602401      
   120.882762369132098210903987330381213      
   132.592704471633062483768246509289691      
   144.090648005192442439962408288661841      
   155.200766355020694413521340406757005      
   165.665319041103569418221066224742179      
   175.480339886461565645896965763334163      
   184.286292544539826538102634848072587      
   192.119220823013417704647224410140836      
   199.043473466978342790802587014017955      
   204.868832264201581806004761072221116      
   209.715111673992854065732963025509694      
   213.583670542463673959222306088942200      
   216.661849522336854563063213968492546      
   218.966791762356486591706345751767088      
   220.457775840359539335062225453057291      
   221.505923184777268883207173341547399      
   222.052253985607992889421136260807981      
   222.090837038028870852008254551068080      
   221.857065360014754670299528418832019      
   221.353284224927436361122528401131907      
   220.692154273210904573879651238937964      
   219.774835158575382149960406208638124      
   218.745087231604403507156325340301204      
   217.709764482026680482082278248979451      
   216.506338655129522773777565460094889      
   215.278046166462025961804376022178812      
   214.008880026831789990033061750664331      
   212.726074618141383363268175283458719      
   211.403717975273837963829121498718857      
   210.181896712514127852893701533243367      
   208.922304947986062046904009291544436      
   207.786217294162159826249614549627370      
   206.676217792524553413533929165126400      
   205.669815264741719971338895160350948      
   204.598352793553740010382379714810212      
   203.604866359515325356885803335419229      
   202.664741433401421334279610334456357      
   201.764347996363248950777481221691418      
   200.898900900830703023363106905612213      
   200.089976493130207495525036612682944      
   199.306101405479746967261515424577447      
   198.562160505022288595687849424748266      
   197.862392960392514675873820374428820      
   197.205580095784551801287426617536785      
   196.580468403293374916963566340004038      
   195.998329599380127619451000257289781      
   195.451467142532115299173562039383185      
   194.938290722218845471435413327520174      
   194.464254706537455995335726370719282      
   194.019269050118514944479088488037815      
   193.596876419354858298206237064977805      
   193.196123116248188421647494126030924      
   192.822784737081124400619893221272920      
   192.462108553233169270651788441788089      
   192.125566050059114323781190160525214      
   191.812261066557041621057751897844206      
   191.523995148248981582355749015233761      
   191.248262691556531171494617723911923      
   190.992535355430854374122565923215564      
   190.755592652921753433125255512292653      
   190.529049177086925323201877782219756      
   190.324343601529773288080448261565555      
   190.134165760814531000421347267217791      
   189.960868995181329879864499054054566      
   189.798026257950404923881791406135011      
   189.656100274632691540016788571253319      
   189.519723056573598407653199562644441      
   189.390769135984444930412146936228107      
   189.271306676599807294390653909668953      
   189.163240316379511597385494855815837      
   189.058848655573997034903903021426209      
   188.967276552235791548032862287086641      
   188.893149267339299839678163527928023      
   188.826773792354239820754929503751937      
   188.765747610925180005128465172066850      
   188.712338098122726567600735585820663      
   188.669235856336806565841953441039529      
   188.626215037867843922696808806117538      
   188.587048596000245209258423213777147      
   188.556533550508999023299138671711075      
   188.523653389129282042529355046090563      
   188.496561708001433731965598871275657      
   188.471730880781961396714465962258022      
   188.451102329623370363493825021682226      
   188.434362146294258864873142562631995      
   188.423195737595603482757311945632234      
   188.416165654561259134112459115890727      
   188.410416361106965200581446703104911      
   188.411091385863257100297451803077381      
   188.417350384484681027344507075307459      
   188.421032953746349730699549413286925      
   188.427252829671837451045110161255704      
   188.437005595591891850069435322654468      
   188.451636446113833097880875366565318      
   188.460715156268606794880634101996765      
   188.471475738237114348122381504985193      
   188.483205378624626701187345005343945      
   188.496969965189757210173653050488836      
   188.508198009840592374267100844736969      
   188.520252719023344548352522223596259      
   188.540913041721642626909793902468365      
   188.551317963400127260843106277682275      
   188.577769961203844510980230150023710      
   188.595163660679295442764614713631452      
   188.625569181942255895177420388622905      
   188.637145161433321191039221527251173      
   188.658587947273493162358797875078964      
   188.678823073257473199275580463168006      
   188.696508672338023175076294894341492      
   188.706822226118839720285052197036205      
   188.732305537733533323513928368286703      
   188.735598804636852151495134585817491      
   188.733207380476502246938286895202635      
   188.730465477720252578011517518355563      
   188.740782440396046773976515106579751      
   188.751504558927833157401190027685349      
   188.784740464127388971739574672056334      
   188.823776509317838686054895437570005      
