 1148.96  802.77  944.23  487.04  519.15  140.63  503.43  766.16
 1148.96  802.77  944.23  487.04  519.15  140.63  503.43  766.16
 1148.96  802.77  944.23  487.04  519.15  140.63  503.43  766.16
 1148.96  802.77  944.23  487.04  519.15  140.63  503.43  766.16
 1148.96  802.77  944.23  487.04  519.15  140.63  503.43  766.16
 1148.96  802.77  944.23  487.04  519.15  140.63  503.43  766.16
 1148.96  802.77  944.23  487.04  519.15  140.63  503.43  766.16
 1148.96  802.77  944.23  487.04  519.15  140.63  503.43  766.16
 1148.96  802.77  944.23  487.04  519.15  140.63  503.43  766.16
 1148.96  802.77  944.23  487.03  519.15  140.63  503.43  766.16
 1148.96  802.77  944.23  487.01  519.15  140.63  503.43  766.16
 1148.96  802.77  944.23  486.98  519.16  140.63  503.43  766.16
 1148.96  802.77  944.23  486.94  519.16  140.63  503.43  766.16
 1148.95  802.77  944.22  486.88  519.16  140.63  503.43  766.16
 1148.95  802.76  944.22  486.80  519.16  140.63  503.43  766.16
 1148.95  802.75  944.21  486.70  519.16  140.63  503.43  766.15
 1148.94  802.74  944.20  486.56  519.16  140.63  503.43  766.15
 1148.94  802.73  944.18  486.39  519.16  140.63  503.43  766.15
 1148.93  802.71  944.16  486.18  519.17  140.64  503.44  766.14
 1148.93  802.69  944.14  485.92  519.17  140.64  503.44  766.14
 1148.92  802.67  944.11  485.63  519.18  140.64  503.44  766.13
 1148.92  802.64  944.07  485.29  519.18  140.65  503.45  766.12
 1148.92  802.60  944.03  484.90  519.19  140.65  503.46  766.11
 1148.92  802.56  943.98  484.46  519.20  140.66  503.46  766.10
 1148.92  802.51  943.92  483.98  519.21  140.66  503.47  766.09
 1148.93  802.46  943.85  483.44  519.22  140.67  503.48  766.07
 1148.94  802.39  943.77  482.86  519.23  140.68  503.49  766.06
 1148.95  802.32  943.69  482.22  519.25  140.69  503.51  766.04
 1148.97  802.24  943.59  481.55  519.27  140.70  503.52  766.01
 1149.00  802.15  943.49  480.82  519.28  140.71  503.54  765.99
 1149.03  802.05  943.37  480.05  519.31  140.73  503.56  765.96
 1149.07  801.95  943.24  479.24  519.33  140.74  503.58  765.93
 1149.12  801.83  943.10  478.39  519.35  140.76  503.61  765.90
 1149.18  801.70  942.96  477.50  519.38  140.78  503.63  765.86
 1149.24  801.57  942.80  476.57  519.41  140.80  503.66  765.82
 1149.32  801.42  942.62  475.61  519.44  140.82  503.69  765.78
 1149.41  801.26  942.44  474.61  519.48  140.84  503.73  765.73
 1149.50  801.10  942.25  473.59  519.51  140.87  503.76  765.69
 1149.61  800.92  942.04  472.53  519.55  140.89  503.80  765.64
 1149.73  800.74  941.83  471.44  519.59  140.92  503.84  765.58
 1149.86  800.54  941.60  470.33  519.64  140.95  503.88  765.52
 1149.99  800.34  941.36  469.20  519.68  140.98  503.93  765.46
 1150.14  800.12  941.11  468.04  519.73  141.01  503.98  765.40
 1150.29  799.90  940.85  466.85  519.78  141.04  504.02  765.34
 1150.45  799.66  940.57  465.65  519.83  141.08  504.08  765.27
 1150.61  799.42  940.29  464.43  519.89  141.12  504.13  765.20
 1150.78  799.16  939.99  463.18  519.95  141.15  504.19  765.12
 1150.95  798.89  939.68  461.92  520.01  141.19  504.25  765.04
 1151.12  798.62  939.35  460.64  520.07  141.24  504.31  764.96
 1151.29  798.33  939.02  459.34  520.13  141.28  504.37  764.88
 1151.45  798.03  938.66  458.02  520.20  141.32  504.43  764.79
 1151.61  797.72  938.30  456.69  520.27  141.37  504.50  764.70
 1151.77  797.40  937.92  455.34  520.34  141.42  504.57  764.61
 1151.91  797.07  937.52  453.97  520.41  141.47  504.64  764.51
 1152.04  796.72  937.11  452.58  520.49  141.52  504.71  764.41
 1152.15  796.36  936.68  451.17  520.57  141.57  504.79  764.30
 1152.25  795.99  936.23  449.75  520.66  141.63  504.87  764.19
 1152.33  795.60  935.76  448.31  520.74  141.69  504.95  764.08
 1152.38  795.19  935.27  446.84  520.83  141.75  505.03  763.96
 1152.40  794.77  934.76  445.36  520.93  141.81  505.12  763.84
 1152.39  794.33  934.23  443.86  521.02  141.88  505.21  763.71
 1152.35  793.87  933.67  442.34  521.13  141.94  505.30  763.58
 1152.27  793.39  933.09  440.79  521.23  142.01  505.40  763.44
 1152.16  792.90  932.48  439.22  521.34  142.09  505.50  763.29
 1151.99  792.38  931.85  437.63  521.46  142.17  505.60  763.14
 1151.79  791.83  931.18  436.01  521.58  142.25  505.71  762.98
 1151.53  791.27  930.48  434.37  521.71  142.33  505.82  762.82
 1151.22  790.67  929.75  432.70  521.84  142.42  505.94  762.64
 1150.85  790.05  928.99  431.00  521.98  142.52  506.07  762.46
 1150.42  789.40  928.18  429.28  522.13  142.62  506.20  762.27
 1149.92  788.73  927.34  427.53  522.28  142.72  506.33  762.07
 1149.36  788.02  926.47  425.75  522.44  142.83  506.48  761.86
 1148.73  787.28  925.55  423.94  522.61  142.95  506.63  761.63
 1148.03  786.50  924.58  422.09  522.79  143.07  506.79  761.40
 1147.25  785.69  923.58  420.22  522.98  143.20  506.96  761.15
 1146.39  784.84  922.52  418.31  523.18  143.33  507.14  760.90
 1145.45  783.96  921.43  416.37  523.39  143.48  507.33  760.63
 1144.43  783.04  920.28  414.40  523.61  143.63  507.53  760.34
 1143.33  782.08  919.08  412.39  523.84  143.79  507.74  760.04
 1142.13  781.08  917.84  410.35  524.09  143.96  507.97  759.73
 1140.85  780.03  916.54  408.28  524.34  144.13  508.21  759.40
 1139.48  778.95  915.19  406.17  524.61  144.32  508.46  759.06
 1138.02  777.82  913.79  404.04  524.89  144.52  508.72  758.70
 1136.46  776.66  912.33  401.87  525.19  144.72  509.00  758.32
 1134.82  775.45  910.82  399.66  525.50  144.94  509.29  757.93
 1133.08  774.20  909.26  397.43  525.82  145.17  509.60  757.51
 1131.26  772.90  907.65  395.16  526.16  145.41  509.93  757.08
 1129.34  771.57  905.98  392.87  526.52  145.67  510.27  756.64
 1127.34  770.19  904.27  390.55  526.89  145.93  510.64  756.17
 1125.25  768.77  902.50  388.20  527.28  146.21  511.02  755.68
 1123.07  767.31  900.68  385.82  527.68  146.50  511.41  755.18
 1120.81  765.81  898.81  383.42  528.10  146.81  511.83  754.66
 1118.47  764.27  896.89  380.99  528.54  147.13  512.27  754.11
 1116.04  762.69  894.92  378.53  529.00  147.47  512.73  753.55
 1113.54  761.08  892.90  376.06  529.47  147.82  513.21  752.96
 1110.96  759.43  890.83  373.56  529.96  148.18  513.71  752.36
 1108.31  757.74  888.72  371.04  530.48  148.57  514.24  751.74
 1105.59  756.01  886.55  368.49  531.01  148.97  514.78  751.09
 1102.79  754.25  884.35  365.93  531.56  149.38  515.36  750.42
 1099.93  752.45  882.09  363.34  532.13  149.82  515.95  749.73
 1097.01  750.62  879.79  360.73  532.72  150.28  516.58  749.02
 1094.03  748.76  877.45  358.10  533.34  150.75  517.22  748.29
 1090.98  746.86  875.06  355.45  533.97  151.25  517.90  747.53
 1087.89  744.93  872.62  352.79  534.63  151.76  518.60  746.75
 1084.74  742.96  870.14  350.10  535.31  152.30  519.34  745.95
 1081.54  740.97  867.62  347.39  536.02  152.87  520.10  745.12
 1078.30  738.94  865.05  344.66  536.75  153.46  520.90  744.27
 1075.03  736.88  862.44  341.91  537.50  154.07  521.72  743.40
 1071.71  734.80  859.78  339.15  538.29  154.71  522.59  742.50
 1068.37  732.68  857.08  336.36  539.10  155.39  523.48  741.58
 1065.00  730.54  854.34  333.56  539.94  156.09  524.41  740.63
 1061.62  728.37  851.55  330.74  540.80  156.82  525.38  739.65
 1058.22  726.17  848.73  327.90  541.70  157.59  526.39  738.65
 1054.81  723.95  845.85  325.05  542.63  158.39  527.43  737.62
 1051.40  721.70  842.94  322.18  543.59  159.22  528.52  736.56
 1047.99  719.43  839.98  319.30  544.58  160.10  529.65  735.48
 1044.60  717.14  836.98  316.41  545.60  161.02  530.82  734.37
 1041.23  714.82  833.95  313.51  546.66  161.98  532.04  733.24
 1037.88  712.50  830.87  310.61  547.76  162.98  533.30  732.08
 1034.57  710.15  827.75  307.70  548.89  164.04  534.61  730.89
 1031.31  707.79  824.59  304.80  550.06  165.14  535.97  729.68
 1028.09  705.42  821.40  301.90  551.26  166.30  537.38  728.44
 1024.93  703.05  818.17  299.02  552.51  167.51  538.84  727.17
 1021.84  700.67  814.91  296.15  553.79  168.78  540.35  725.88
 1018.82  698.29  811.62  293.32  555.12  170.11  541.91  724.57
 1015.89  695.92  808.31  290.52  556.48  171.50  543.53  723.24
 1013.04  693.55  804.96  287.77  557.89  172.97  545.19  721.89
 1010.28  691.20  801.60  285.07  559.33  174.50  546.91  720.52
 1007.63  688.87  798.23  282.44  560.82  176.10  548.69  719.13
 1005.07  686.56  794.84  279.89  562.35  177.78  550.51  717.74
 1002.61  684.28  791.45  277.43  563.91  179.54  552.39  716.33
 1000.26  682.04  788.05  275.08  565.51  181.38  554.32  714.91
  998.02  679.85  784.67  272.84  567.16  183.30  556.29  713.50
  995.87  677.71  781.30  270.74  568.83  185.31  558.32  712.08
  993.82  675.62  777.94  268.78  570.55  187.40  560.38  710.67
  991.87  673.60  774.62  266.99  572.29  189.58  562.49  709.26
  990.00  671.65  771.33  265.36  574.06  191.85  564.64  707.87
  988.22  669.77  768.08  263.92  575.87  194.21  566.82  706.50
  986.51  667.98  764.88  262.67  577.70  196.67  569.03  705.14
  984.86  666.28  761.74  261.62  579.55  199.21  571.27  703.82
  983.28  664.67  758.66  260.78  581.42  201.85  573.53  702.53
  981.75  663.16  755.66  260.16  583.31  204.58  575.82  701.27
  980.27  661.74  752.73  259.76  585.21  207.39  578.11  700.05
  978.83  660.44  749.88  259.58  587.13  210.30  580.42  698.87
  977.42  659.24  747.13  259.62  589.06  213.28  582.74  697.75
  976.05  658.14  744.46  259.89  590.99  216.36  585.06  696.67
  974.70  657.16  741.90  260.38  592.92  219.51  587.38  695.65
  973.38  656.28  739.43  261.08  594.86  222.74  589.69  694.68
  972.07  655.51  737.07  262.00  596.80  226.04  591.99  693.77
  970.79  654.85  734.81  263.12  598.73  229.42  594.29  692.92
  969.52  654.30  732.66  264.44  600.66  232.86  596.56  692.14
  968.27  653.85  730.62  265.94  602.59  236.36  598.82  691.41
  967.04  653.49  728.68  267.63  604.50  239.93  601.06  690.75
  965.81  653.24  726.84  269.49  606.41  243.55  603.27  690.15
  964.60  653.09  725.12  271.51  608.31  247.21  605.47  689.61
  963.40  653.02  723.49  273.68  610.20  250.93  607.63  689.14
  962.22  653.04  721.97  275.99  612.08  254.69  609.77  688.73
  961.04  653.15  720.54  278.44  613.95  258.49  611.88  688.37
  959.88  653.34  719.21  281.01  615.80  262.32  613.96  688.08
  958.73  653.61  717.98  283.70  617.65  266.18  616.02  687.85
  957.59  653.95  716.84  286.50  619.48  270.08  618.04  687.67
  956.46  654.36  715.78  289.39  621.30  274.00  620.04  687.55
  955.35  654.84  714.81  292.37  623.12  277.93  622.00  687.48
  954.24  655.39  713.92  295.44  624.92  281.89  623.94  687.46
  953.15  655.99  713.12  298.58  626.71  285.87  625.85  687.49
  952.07  656.65  712.38  301.79  628.49  289.85  627.73  687.57
  951.00  657.36  711.72  305.06  630.25  293.85  629.58  687.70
  949.95  658.13  711.14  308.39  632.01  297.85  631.41  687.88
  948.90  658.94  710.62  311.77  633.76  301.86  633.21  688.09
  947.87  659.80  710.16  315.20  635.51  305.88  634.99  688.35
  946.85  660.70  709.77  318.67  637.24  309.89  636.75  688.65
  945.84  661.64  709.43  322.17  638.96  313.91  638.48  688.99
  944.85  662.62  709.16  325.70  640.68  317.92  640.19  689.36
  943.86  663.64  708.93  329.27  642.39  321.93  641.87  689.77
  942.89  664.69  708.76  332.86  644.09  325.94  643.54  690.21
  941.93  665.77  708.65  336.46  645.79  329.94  645.19  690.69
  940.99  666.88  708.58  340.09  647.47  333.93  646.82  691.20
  940.05  668.02  708.55  343.73  649.15  337.92  648.44  691.74
  939.13  669.19  708.57  347.39  650.83  341.89  650.03  692.31
  938.22  670.38  708.64  351.05  652.50  345.85  651.62  692.91
  937.32  671.60  708.74  354.72  654.16  349.81  653.18  693.54
  936.44  672.83  708.89  358.40  655.81  353.75  654.74  694.19
  935.57  674.09  709.07  362.08  657.46  357.67  656.28  694.87
  934.71  675.37  709.29  365.76  659.11  361.59  657.81  695.58
  933.86  676.66  709.55  369.44  660.75  365.48  659.32  696.31
  933.03  677.97  709.84  373.12  662.38  369.37  660.83  697.06
  932.20  679.30  710.16  376.79  664.01  373.24  662.32  697.84
  931.40  680.64  710.51  380.47  665.63  377.09  663.81  698.63
  930.60  682.00  710.90  384.13  667.25  380.93  665.29  699.45
  929.82  683.37  711.31  387.79  668.86  384.75  666.76  700.30
  929.05  684.75  711.75  391.45  670.46  388.55  668.22  701.16
  928.29  686.14  712.22  395.09  672.06  392.33  669.67  702.04
  927.55  687.54  712.72  398.72  673.65  396.10  671.12  702.94
  926.83  688.96  713.24  402.35  675.24  399.85  672.56  703.86
  926.11  690.38  713.79  405.96  676.83  403.58  674.00  704.80
  925.41  691.81  714.36  409.57  678.40  407.30  675.43  705.76
  924.72  693.25  714.95  413.16  679.97  411.00  676.86  706.73
  924.05  694.70  715.57  416.73  681.54  414.67  678.28  707.72
  923.40  696.15  716.20  420.30  683.10  418.33  679.70  708.73
  922.75  697.61  716.86  423.85  684.65  421.97  681.11  709.76
  922.12  699.07  717.54  427.39  686.20  425.59  682.53  710.80
  921.51  700.55  718.24  430.91  687.75  429.20  683.94  711.86
  920.91  702.02  718.96  434.42  689.28  432.78  685.35  712.93
  920.33  703.50  719.70  437.91  690.82  436.35  686.75  714.02
  919.76  704.99  720.46  441.39  692.34  439.90  688.15  715.13
  919.21  706.48  721.24  444.86  693.86  443.42  689.56  716.25
  918.67  707.97  722.03  448.30  695.38  446.93  690.96  717.38
  918.15  709.47  722.84  451.74  696.89  450.42  692.36  718.53
  917.64  710.97  723.66  455.15  698.39  453.90  693.76  719.69
  917.15  712.47  724.51  458.56  699.89  457.35  695.16  720.87
  916.68  713.97  725.37  461.94  701.38  460.79  696.56  722.05
  916.22  715.48  726.24  465.31  702.87  464.20  697.96  723.26
  915.78  716.99  727.13  468.66  704.36  467.60  699.36  724.47
  915.35  718.49  728.03  472.00  705.84  470.98  700.75  725.69
  914.94  720.01  728.95  475.32  707.31  474.34  702.15  726.93
  914.55  721.52  729.88  478.63  708.78  477.69  703.56  728.18
  914.17  723.03  730.82  481.92  710.24  481.01  704.96  729.44
  913.81  724.54  731.78  485.19  711.71  484.32  706.36  730.71
  913.47  726.06  732.75  488.44  713.16  487.61  707.76  731.99
  913.14  727.58  733.74  491.68  714.62  490.88  709.17  733.28
  912.83  729.09  734.73  494.91  716.07  494.13  710.57  734.58
  912.54  730.61  735.74  498.12  717.51  497.37  711.98  735.88
  912.27  732.12  736.76  501.31  718.95  500.59  713.39  737.20
  912.01  733.64  737.80  504.48  720.39  503.79  714.80  738.53
  911.77  735.15  738.84  507.64  721.83  506.98  716.21  739.86
  911.54  736.67  739.89  510.79  723.27  510.14  717.62  741.20
  911.34  738.19  740.96  513.92  724.70  513.30  719.04  742.55
  911.15  739.70  742.04  517.03  726.13  516.43  720.45  743.90
  910.98  741.22  743.12  520.12  727.56  519.55  721.87  745.26
  910.82  742.73  744.22  523.20  728.99  522.65  723.29  746.63
  910.69  744.24  745.32  526.27  730.41  525.73  724.72  748.00
  910.57  745.75  746.44  529.32  731.84  528.80  726.14  749.38
  910.46  747.27  747.57  532.36  733.26  531.85  727.57  750.77
  910.38  748.78  748.70  535.37  734.69  534.89  729.00  752.16
  910.31  750.29  749.85  538.38  736.11  537.91  730.43  753.55
  910.26  751.80  751.00  541.37  737.53  540.92  731.86  754.95
  910.23  753.30  752.16  544.34  738.96  543.91  733.30  756.35
  910.22  754.81  753.33  547.30  740.38  546.88  734.73  757.75
  910.22  756.32  754.51  550.25  741.80  549.84  736.17  759.16
  910.24  757.82  755.70  553.18  743.23  552.78  737.62  760.57
  910.28  759.32  756.89  556.10  744.65  555.71  739.06  761.99
  910.33  760.83  758.10  559.00  746.07  558.63  740.51  763.41
  910.40  762.33  759.31  561.88  747.50  561.52  741.96  764.83
  910.49  763.83  760.53  564.76  748.92  564.41  743.41  766.25
  910.60  765.33  761.75  567.62  750.35  567.28  744.86  767.67
  910.72  766.82  762.99  570.46  751.78  570.14  746.31  769.10
  910.86  768.32  764.23  573.30  753.21  572.98  747.77  770.53
  911.02  769.81  765.47  576.11  754.64  575.81  749.23  771.96
  911.19  771.31  766.73  578.92  756.07  578.62  750.69  773.39
  911.38  772.80  767.99  581.71  757.50  581.42  752.16  774.82
  911.59  774.29  769.26  584.49  758.94  584.21  753.62  776.26
  911.81  775.78  770.53  587.26  760.37  586.98  755.09  777.69
  912.05  777.27  771.81  590.01  761.81  589.74  756.56  779.13
  912.31  778.76  773.10  592.75  763.25  592.49  758.04  780.57
  912.58  780.24  774.39  595.48  764.69  595.22  759.51  782.00
  912.87  781.73  775.69  598.19  766.13  597.95  760.99  783.44
  913.18  783.21  776.99  600.89  767.58  600.66  762.47  784.88
  913.50  784.69  778.30  603.58  769.02  603.35  763.95  786.32
  913.84  786.17  779.61  606.26  770.47  606.04  765.43  787.76
  914.19  787.65  780.93  608.93  771.92  608.71  766.91  789.20
  914.56  789.13  782.26  611.58  773.37  611.37  768.40  790.64
  914.94  790.60  783.59  614.22  774.82  614.02  769.89  792.08
  915.34  792.08  784.93  616.85  776.28  616.65  771.38  793.52
  915.76  793.55  786.27  619.47  777.74  619.28  772.87  794.97
  916.19  795.03  787.61  622.08  779.20  621.89  774.37  796.41
  916.63  796.50  788.96  624.67  780.66  624.49  775.87  797.85
  917.09  797.97  790.32  627.26  782.12  627.08  777.36  799.29
  917.57  799.44  791.68  629.83  783.58  629.66  778.86  800.73
  918.06  800.91  793.04  632.40  785.05  632.23  780.37  802.17
  918.56  802.37  794.41  634.95  786.52  634.78  781.87  803.61
  919.08  803.84  795.79  637.49  787.99  637.33  783.38  805.05
  919.62  805.30  797.16  640.02  789.46  639.86  784.88  806.49
  920.16  806.77  798.54  642.54  790.94  642.39  786.39  807.94
  920.73  808.23  799.93  645.05  792.41  644.90  787.90  809.38
  921.30  809.69  801.32  647.56  793.89  647.41  789.41  810.82
  921.89  811.15  802.71  650.05  795.37  649.90  790.93  812.26
  922.49  812.61  804.11  652.53  796.85  652.38  792.44  813.70
  923.11  814.07  805.51  655.00  798.33  654.86  793.96  815.14
  923.74  815.53  806.91  657.46  799.82  657.32  795.48  816.58
  924.38  816.99  808.32  659.91  801.31  659.78  797.00  818.01
