   47.188603043242800        64.241152736051134     
   47.171390833572495        64.231769481306060     
   47.152718230673074        64.221594527643219     
   47.132502454597244        64.210593314177217     
   47.110654008415707        64.198729538363594     
   47.087075848298511        64.185964557930831     
   47.061662653068211        64.172256789474034     
   47.034300162904245        64.157561096330141     
   47.004864611018412        64.141828186443931     
   46.973222266050314        64.125004036360821     
   46.939229094289310        64.107029353890894     
   46.902730542262042        64.087839092976395     
   46.863561474590846        64.067362033155320     
   46.821546243772417        64.045520437469392     
   46.776498886213595        64.022229776514280     
   46.728223486054446        63.997398558583669     
   46.676514654895314        63.970928240108726     
   46.621158126004929        63.942713215010848     
   46.561931287316554        63.912640833418990     
   46.498604697432768        63.880591865079630     
   46.430941942888836        63.846440321998109     
   46.358701169731489        63.810054019584250     
   46.281635834240014        63.771294858443881     
   46.199495558765982        63.730019185435758     
   46.112026895533589        63.686078152249571     
   46.018973969807902        63.639318048544744     
   45.920078934238681        63.589580573003801     
   45.815082182016511        63.536703009340172     
   45.703722336103795        63.480518307956004     
   45.585735885042233        63.420854995927421     
   45.460856535009285        63.357536952584454     
   45.328814504670056        63.290383132412344     
   45.189333687536958        63.219206237210535     
   45.042132418289619        63.143813089849218     
   44.886919628072285        63.064002747170164     
   44.723393946755081        62.979566003036823     
   44.551237373974026        62.890282123811538     
   44.370116923482719        62.795919538336520     
   44.179678545955241        62.696232596398502     
   43.979544026714400        62.590959772415289     
   43.769306907680779        62.479821318994503     
   43.548528085555475        62.362516706997162     
   43.316730922053225        62.238721776911774     
   43.073395864991802        62.108085568816342     
   42.817954469978950        61.970226835979673     
   42.549782698527459        61.824730122249136     
   42.268193379572061        61.671141393628503     
   41.972427576708668        61.508963071896027     
   41.661644815871043        61.337648474648709     
   41.334911622145363        61.156595363553528     
   40.991189936308729        60.965139533842567     
   40.629315776444486        60.762543043370336     
   40.247989706037977        60.547989265173669     
   39.845750323383470        60.320568635317507     
   39.420950874302832        60.079266493768984     
   38.971731113701914        59.822948655022451     
   38.495986101643929        59.550345786350164     
   37.991334268031842        59.260038020480081     
   37.455091125326312        58.950443490895715     
   36.884262460355487        58.619818590018120     
   36.275588152111318        58.266287182631423     
   35.625695938149619        57.887931320838675     
   34.931463533206717        57.482996672443157     
   34.190699793544589        57.050271087627891     
   33.403116561145410        56.589616319862692     
   32.571144839579290        56.102404859970243     
   31.699822732163970        55.591446720889849     
   30.795731672646202        55.060414535737166     
   29.866189248431500        54.513432799669843     
   28.919358151813945        53.955162089029642     
   27.964505898748630        53.390932368640620     
   27.011665211488630        52.826520183263106     
   26.070767516608242        52.267630692801511     
   25.150696215265913        51.719346371806296     
   24.258635659407737        51.185756862874172     
   23.399765903000134        50.669791582478247     
   22.577342058600696        50.173275600381714     
   21.792957715388201        49.697088023536246     
   21.046901975114618        49.241370838526549     
   20.338517860127926        48.805735471415503     
   19.666514317679148        48.389440628872237     
   19.029211335921456        47.991530525458771     
   18.424734125148788        47.610944645021554     
   17.851123864553880        47.246577676542650     
   17.306435539276997        46.897334826160112     
   16.788787247296025        46.562158543031501     
   16.296390693121843        46.240045191255376     
   15.827566660667671        45.930053477394353     
   15.380750717043938        45.631307546418945     
   14.954492893345900        45.342996789016418     
   14.547453787349729        45.064373687779181     
   14.158398685405880        44.794750558581740     
   13.786190700365633        44.533495722356008     
   13.429783553013417        44.280029444691650     
   13.088214368236986        44.033819849495856     
   12.760596707338557        43.794378933839475     
   12.446113943102464        43.561258754634061     
   12.144013090427029        43.334047851531260     
   11.853599078806113        43.112367915025416     
   11.574229490249996        42.895870713378613     
   11.305308604368784        42.684234298371244     
   11.046287817040211        42.477164522005793     
   10.796654336111578        42.274386499658320     
   10.555932615892505        42.075646745722615     
   10.323679933472290        41.880710295614044     
   10.099483509740624        41.689359050563887     
   9.8829576940289225        41.501390054474989     
   9.6737419887714875        41.316614519481561     
   9.4714987105515878        41.134856389790315     
   9.2759111654881927        40.955951334110097     
   9.0866819528405340        40.779745789305352     
   8.9035314367530276        40.606096102021318     
   8.7261963607931499        40.434867758239584     
   8.5544285975186298        40.265934687429770     
   8.3879940207792885        40.099178638129004     
   8.2266714749940721        39.934488610713295     
   8.0702518435069450        39.771760344177991     
   7.9185371973879501        39.610895851127815     
   7.7713400200616300        39.451802992366048     
   7.6284825016486675        39.294395090882801     
   7.4897958867754291        39.138590575492387     
   7.3551198820531063        38.984312656247845     
   7.2243021176097182        38.831489033542539     
   7.0971976364221252        38.680051613812253     
   6.9736684223599461        38.529936248070769     
   6.8535830117577010        38.381082530295608     
   6.7368160718772385        38.233433552910398     
   6.6232480189736638        38.086935695710025     
   6.5127647354081217        37.941538477586981     
   6.4052572033927744        37.797194341166019     
   6.3006212584998496        37.653858523629133     
   6.1987572763719880        37.511488869950306     
   6.0995699659928864        37.370045723443091     
   6.0029681073369243        37.229491773555736     
   5.9088643561545400        37.089791946361345     
   5.8171750058386955        36.950913255223334     
   5.7278198329911341        36.812824724905269     
   5.6407219086667988        36.675497275234811     
   5.5558074098693169        36.538903601157806     
   5.4730055092309478        36.403018125695425     
   5.3922481782291385        36.267816860820943     
   5.3134700779708872        36.133277352274682     
   5.2366084356283142        35.999378606607422     
   5.1616028939262906        35.866100985557367     
   5.0883954371106492        35.733426180468491     
   5.0169302408655136        35.601337095936742     
   4.9471535878584341        35.469817804468285     
   4.8790137885247136        35.338853505987117     
   4.8124610675350823        35.208430443378333     
   4.7474474737318291        35.078535839598629     
   4.6839268287159834        34.949157883189201     
   4.6218546218523331        34.820285640643050     
   4.5611879415171019        34.691909015230578     
   4.5018854272173625        34.564018722929326     
   4.4439071688401279        34.436606212584721     
   4.3872146726816803        34.309663651483334     
   4.3317707981046905        34.183183883130269     
   4.2775396852772110        34.057160364574308     
   4.2244867204530507        33.931587154839768     
   4.1725784696840611        33.806458852875302     
   4.1217826595528990        33.681770635553114     
   4.0720680873723145        33.557518115136432     
   4.0234046097320997        33.433697385494163     
   3.9757630909585964        33.310304971950607     
   3.9291153627326159        33.187337802096209     
   3.8834341900810565        33.064793183443641     
   3.8386932294303415        32.942668770081987     
   3.7948669978251872        32.820962543122796     
   3.7519308392844257        32.699672787708749     
   3.7098608933004451        32.578798068390249     
   3.6686340647762239        32.458337209582233     
   3.6282279946720117        32.338289274403436     
   3.5886210319426266        32.218653542279831     
   3.5497922091218657        32.099429496789092     
   3.5117212163059564        31.980616804954590     
   3.4743883774023359        31.862215301437931     
   3.4377746249069756        31.744224970536120     
   3.4018614798501350        31.626645930788431     
   3.3666310321939159        31.509478428018152     
   3.3320659148404133        31.392722808288163     
   3.2981492909660437        31.276379520556333     
   3.2648648314201552        31.160449095515460     
   3.2321966963030460        31.044932132822016     
   3.2001295221986221        30.929829301256454     
   3.1686483988196130        30.815141311802652     
   3.1377388607111114        30.700868925421577     
   3.1073868639026037        30.587012925531305     
   3.0775787799709953        30.473574132663671     
   3.0483013780589023        30.360553381628574     
   3.0195418086984787        30.247951512598945     
   2.9912875947973956        30.135769371771740     
   2.9635266154274693        30.024007794752752     
   2.9362470999118604        29.912667618404448     
   2.9094376112712248        29.801749660805129     
   2.8830870325022206        29.691254707343397     
   2.8571845703536813        29.581183548923825     
   2.8317197228534701        29.471536916494390     
   2.8066822882675599        29.362315524779383     
   2.7820623502863762        29.253520059720127     
   2.7578502549391564        29.145151125207462     
   2.7340366311195812        29.037209341278636     
   2.7106123510247606        28.929695229137078     
   2.6875685520301769        28.822609333176974     
   2.6648965978478589        28.715952080938774     
   2.6425880913858837        28.609723872445755     
   2.6206348586132098        28.503925042354137     
   2.5990289538311133        28.398555903403526     
   2.5777626297747318        28.293616660981442     
   2.5568283640631475        28.189107533813054     
   2.5362188222994440        28.085028639873098     
   2.5159268617235289        27.981380031893671     
   2.4959455303369182        27.878161716226103     
   2.4762680602398088        27.775373647746246     
   2.4568878556716451        27.673015706947201     
   2.4377984995838404        27.571087741944119     
   2.4189937339469356        27.469589516950130     
   2.4004674674040021        27.368520761610473     
   2.3822137699461781        27.267881174521534     
   2.3642268325333728        27.167670244447077     
   2.3465010358873579        27.067887604470197     
   2.3290308785845970        26.968532718802052     
   2.3118110050759446        26.869605025591188     
   2.2948361938838153        26.771103905225999     
   2.2781013542580086        26.673028683566628     
   2.2616015229525535        26.575378635063533     
   2.2453318602544123        26.478152982355375     
   2.2292876466002829        26.381350897935125     
   2.2134642790768502        26.284971504835195     
   2.1978572681130770        26.189013877669279     
   2.1824622343122448        26.093477043905548     
   2.1672749054791880        25.998359985522065     
   2.1522911135138689        25.903661640255585     
   2.1375067921486819        25.809380905388828     
   2.1229179725039979        25.715516629693575     
   2.1085207815909386        25.622067622555004     
   2.0943114404508436        25.529032658291730     
   2.0802862585655193        25.436410463238957     
   2.0664416373526322        25.344199743497629     
   2.0527740606204112        25.252399155327126     
   2.0392800965300251        25.161007324588130     
   2.0259563943952013        25.070022844039954     
   2.0127996825098342        24.979444274630836     
   1.9998067664554147        24.889270149959970     
   1.9869745266169563        24.799498972954286     
   1.9742999147540252        24.710129210764514     
   1.9617799547544059        24.621159310225451     
   1.9494117397164787        24.532587693586390     
   1.9371924296435061        24.444412756406887     
   1.9251192502802019        24.356632873386495     
   1.9131894910030267        24.269246396241691     
   1.9014005032806611        24.182251655725320     
   1.8897496994862470        24.095646964761553     
   1.8782345511984784        24.009430620525219     
   1.8668525862579195        23.923600893537984     
   1.8556013891749488        23.838156043367565     
   1.8444785991664383        23.753094314636950     
   1.8334819085673437        23.668413937218713     
   1.8226090615866171        23.584113129173854     
   1.8118578529375649        23.500190095786927     
   1.8012261267946681        23.416643033243425     
   1.7907117749200105        23.333470122412606     
   1.7803127363681044        23.250669540195769     
   1.7700269955838488        23.168239452651843     
   1.7598525818312833        23.086178020677465     
   1.7497875674380823        23.004483395375861     
   1.7398300663590995        22.923153716857964     
   1.7299782367861722        22.842187142379970     
   1.7202302741443927        22.761581802355106     
   1.7105844143100393        22.681335831840119     
   1.7010389315733574        22.601447364034893     
   1.6915921376480385        22.521914530665512     
   1.6822423807147624        22.442735461783766     
   1.6729880443928655        22.363908285060187     
   1.6638275472912689        22.285431130644799     
   1.6547593419122646        22.207302129008085     
   1.6457819139617884        22.129519412379580     
   1.6368937814179665        22.052081115292410     
   1.6280934937817941        21.974985374015748     
   1.6193796319440388        21.898230333988089     
   1.6107508057245843        21.821814133989292     
