   45.975434629047648        62.959069152172134     
   45.948145304091192        62.945406584806186     
   45.917449240393168        62.930087923862587     
   45.883035417121867        62.912958810144346     
   45.844583236614774        62.893856722174291     
   45.801765235543847        62.872611790410254     
   45.754249564907475        62.849047642943525     
   45.701703328771224        62.822982719768184     
   45.643795375840284        62.794231496241117     
   45.580198848394836        62.762605724972381     
   45.510593202144364        62.727915557431203     
   45.434665529608850        62.689970437045723     
   45.352111251986997        62.648579766703428     
   45.262632841534533        62.603552709933084     
   45.165940046614587        62.554698623417309     
   45.061747278898231        62.501826178934820     
   44.949769351093828        62.444741616124439     
   44.829720073504156        62.383248190582982     
   44.701307292661213        62.317143882662862     
   44.564228826158704        62.246219374409520     
   44.418167908721053        62.170255682163550     
   44.262788385520501        62.089021547335655     
   44.097729670986503        62.002270604732246     
   43.922601416505614        61.909738307727700     
   43.736978444828623        61.811138908441670     
   43.540392292845823        61.706160625658576     
   43.332327775672297        61.594463298142685     
   43.112213317506132        61.475672801246397     
   42.879412971007248        61.349376256127854     
   42.633216490539866        61.215116166606641     
   42.372827884315406        61.072383728780693     
   42.097351758928390        60.920610909269627     
   41.805777053742077        60.759161129395174     
   41.496957175633391        60.587317995894715     
   41.169585744552435        60.404271681464913     
   40.822166172717452        60.209102014586747     
   40.452973340412306        60.000757355889192     
   40.060004114036367        59.778027551984742     
   39.640912731320938        59.539508857455871     
   39.192924843770619        59.283557557518030     
   38.712720341265438        59.008227050956094     
   38.196272009772784        58.711181601039485     
   37.638619448467033        58.389575971721257     
   37.033554340598407        58.039888754467604     
   36.373201898343709        57.657702853897177     
   35.647566052299823        57.237473760938471     
   34.844531849133560        56.772564017264884     
   33.952313455516823        56.256641532525329     
   32.969626193880643        55.689303459662028     
   31.919609081602047        55.083525190214999     
   30.832223808361970        54.455644631001782     
   29.719437750839550        53.812052089929864     
   28.589590783467024        53.157456450627706     
   27.457953357331334        52.500584832585197     
   26.343925812921754        51.852479276420752     
   25.265814750309566        51.223521279447269     
   24.237463436965182        50.621533401113673     
   23.267213107414310        50.051207460866976     
   22.358488527979038        49.514452298735151     
   21.511079759866480        49.011131117517955     
   20.722422887803159        48.539790346852342     
   19.988666427900135        48.098263416653431     
   19.305401004503910        47.684080305039174     
   18.668126398035565        47.294727639001302     
   18.072520102375073        46.927796499579699     
   17.514583080205412        46.581062167453645     
   16.990683123112845        46.252505302011372     
   16.497571968518809        45.940320781867499     
   16.032363991137469        45.642904634399656     
   15.592505309275037        45.358836319909408     
   15.175738581663667        45.086858988741710     
   14.780067966749849        44.825860088998603     
   14.403726443641290        44.574853448664051     
   14.045146460258417        44.332963282861009     
   13.702933066352426        44.099409382985137     
   13.375846378597869        43.873498544155403     
   13.062774208963502        43.654608175383537     
   12.762721234613029        43.442181473327679     
   12.474793097645479        43.235718442592017     
   12.198183923952435        43.034769002077546     
   11.932165613382733        42.838927050165452     
   11.676078572390846        42.647825296513943     
   11.429323664249814        42.461130745539805     
   11.191355222352396        42.278540756960112     
   10.961674971231160        42.099779603352353     
   10.739826726922860        41.924595463478113     
   10.525391793674101        41.752757796149055     
   10.317984920810542        41.584055041571204     
   10.117250754768548        41.418292585631896     
   9.9228608101222946        41.255291053354902     
   9.7345107083148950        41.094884723676337     
   9.5519178232548700        40.936920193400795     
   9.3748191559673639        40.781255174441064     
   9.2029695216690257        40.627757471617834     
   9.0361398994156552        40.476304046992723     
   8.8741159472040287        40.326780190765781     
   8.7166967665753514        40.179078829929196     
   8.5636937203369481        40.033099868421132     
   8.4149294070806562        39.888749615604112     
   8.2702367490256137        39.745940282713043     
   8.1294581794440255        39.604589535248671     
   7.9924448520245166        39.464620052448709     
   7.8590560524187785        39.325959210946998     
   7.7291585214192153        39.188538707787636     
   7.6026259369159854        39.052294277372972     
   7.4793384314319846        38.917165431626380     
   7.3591820969234254        38.783095179807503     
   7.2420486343208355        38.650029848647598     
   7.1278349247862094        38.517918837272319     
   7.0164427198209474        38.386714451812665     
   6.9077783156715045        38.256371725338163     
   6.8017522265271086        38.126848220899113     
   6.6982790455852541        37.998104020876113     
   6.5972770182386586        37.870101384241366     
   6.4986679829530285        37.742804796408734     
   6.4023770419384798        37.616180744501641     
   6.3083324761665436        37.490197694547774     
   6.2164654647868360        37.364825906898417     
   6.1267100144797597        37.240037417905434     
   6.0390027426090089        37.115805914457127     
   5.9532827440478799        36.992106599272383     
   5.8694914883205760        36.868916224199516     
   5.7875726937199197        36.746212958483241     
   5.7074721763233986        36.623976300528902     
   5.6291377904466886        36.502187058158270     
   5.5525192863960200        36.380827244257290     
   5.4775682547525388        36.259880059148962     
   5.4042380073752643        36.139329799438620     
   5.3324835152822061        36.019161831098565     
   5.2622613372410312        35.899362540416654     
   5.1935295193331665        35.779919261219824     
   5.1262475493055080        35.660820251239571     
   5.0603763031164952        35.542054659600197     
   4.9958779466572860        35.423612448224333     
   4.9327159232889448        35.305484393853817     
   4.8708548644899059        35.187662021241145     
   4.8102605648495791        35.070137583593969     
   4.7508999074931202        34.952904008940045     
   4.6927408585314865        34.835954904635933     
   4.6357523760566792        34.719284470973214     
   4.5799044142612972        34.602887524269654     
   4.5251678529221655        34.486759431881055     
   4.4715144757720440        34.370896095619230     
   4.4189169303861355        34.255293923930225     
   4.3673487027609310        34.139949809225648     
   4.3167840752487550        34.024861093135208     
   4.2671981045576803        33.910025549821142     
   4.2185665908580496        33.795441359694067     
   4.1708660491802210        33.681107085184138     
   4.1240736857787574        33.567021651035112     
   4.0781673722330218        33.453184321771339     
   4.0331256229336940        33.339594683149166     
   3.9889275605437984        33.226252591107972     
   3.9455529329584365        33.113158259312591     
   3.9029820401143804        33.000312090780490     
   3.8611957410356648        32.887714737148535     
   3.8201754495400002        32.775367129261738     
   3.7799030873013981        32.663270363914499     
   3.7403610791802402        32.551425740050334     
   3.7015323403513416        32.439834743942768     
   3.6634002545229003        32.328499023325911     
   3.6259486619755941        32.217420379250953     
   3.5891618409434209        32.106600745632278     
   3.5530244979763590        31.996042185071275     
   3.5175217515639634        31.885746870302114     
   3.4826391199999875        31.775717074075015     
   3.4483625085899385        31.665955158646852     
   3.4146781975457761        31.556463563373761     
   3.3815728306327162        31.447244794885400     
   3.3490334028352211        31.338301416164473     
   3.3170472513020579        31.229636038821639     
   3.2856020430071453        31.121251310991283     
   3.2546857687003947        31.013149917742208     
   3.2242867279571530        30.905334560122331     
   3.1943935204909089        30.797807947850803     
   3.1649950405745697        30.690572801966066     
   3.1360804683508174        30.583631846096637     
   3.1076392567429125        30.476987791490231     
   3.0796611298433154        30.370643343728943     
   3.0521360697127977        30.264601184160110     
   3.0250543113721702        30.158863972430314     
   2.9984063339709088        30.053434333196360     
   2.9721828612262042        29.948314886330298     
   2.9463748292936414        29.843508129061519     
   2.9209734192480812        29.739016602068716     
   2.8959700228029748        29.634842767670680     
   2.8713562440205433        29.530989037956122     
   2.8471238939158696        29.427457773269357     
   2.8232649817555093        29.324251269685849     
   2.7997717147059791        29.221371773226245     
   2.7766364844035776        29.118821451615830     
   2.7538518741049329        29.016602430945106     
   2.7314106410065588        28.914716754230785     
   2.7093057179884195        28.813166400962434     
   2.6875302068708207        28.711953276661326     
   2.6660773750127942        28.611079219166228     
   2.6449406499814945        28.510545991930048     
   2.6241136161036658        28.410355287887320     
   2.6035900068359457        28.310508711930460     
   2.5833637064552222        28.211007806852301     
   2.5634287412174142        28.111854031202132     
   2.5437792801309262        28.013048777532475     
   2.5244096262666358        27.914593352292073     
   2.5053142162342761        27.816488988047915     
   2.4864876155548017        27.718736839187002     
   2.4679245085816697        27.621337954329576     
   2.4496197243512641        27.524293395295469     
   2.4315681892152541        27.427604057701149     
   2.4137649532901237        27.331270791762659     
   2.3962051800335500        27.235294372491378     
   2.3788841433624972        27.139675500544058     
   2.3617972247911547        27.044414802810678     
   2.3449399164711098        26.949512857368088     
   2.3283077945319146        26.854970094178174     
   2.3118965536550391        26.760786951222425     
   2.2957019752806143        26.666963749168797     
   2.2797199470507032        26.573500800159895     
   2.2639464370278097        26.480398286975806     
   2.2483775074130774        26.387656347908095     
   2.2330093078856805        26.295275053880982     
   2.2178380736841916        26.203254411108134     
   2.2028601237696730        26.111594364588782     
   2.1880718579776017        26.020294795595547     
   2.1734697555013263        25.929355525020657     
   2.1590503730107184        25.838776315013618     
   2.1448103427070322        25.748556870070306     
   2.1307463699848350        25.658696836343186     
   2.1168552327260675        25.569195807993548     
   2.1031337795541050        25.480053328721397     
   2.0895789268950140        25.391268887907096     
   2.0761876568650961        25.302841917480681     
   2.0629570173270153        25.214771803259485     
   2.0498841207006460        25.127057888332743     
   2.0369661409342106        25.039699466486873     
   2.0242003125639121        24.952695786398618     
   2.0115839293152882        24.866046053385411     
   1.9991143421400575        24.779749428335183     
   1.9867889606528375        24.693805042882673     
   1.9746052469182513        24.608211975039101     
   1.9625607177795068        24.522969270647501     
   1.9506529405478417        24.438075923735287     
   1.9388795404341259        24.353530941779130     
   1.9272381860861347        24.269333249216444     
   1.9157265974600892        24.185481755436840     
   1.9043425418233006        24.101975335797057     
   1.8930838345917012        24.018812844228190     
   1.8819483356052105        23.935993099112910     
   1.8709339495826733        23.853514893339145     
   1.8600386248296221        23.771376993864052     
   1.8492603523799684        23.689578144031309     
   1.8385971649863400        23.608117064418419     
   1.8280471359516139        23.526992452499478     
   1.8176083784555883        23.446202985854548     
   1.8072790450925860        23.365747325581637     
   1.7970573258549485        23.285624110395030     
   1.7869414479018597        23.205831961584845     
   1.7769296747955201        23.126369484749944     
   1.7670203057355192        23.047235271180167     
   1.7572116744233233        22.968427896337143     
   1.7475021490622011        22.889945926734264     
   1.7378901311318209        22.811787917206956     
   1.7283740535725955        22.733952404150909     
   1.7189523842830141        22.656437940005432     
   1.7096236150887349        22.579243008424719     
   1.7003862750172298        22.502366142155804     
   1.6912389205484590        22.425805847697141     
   1.6821801372324585        22.349560625248074     
   1.6732085395593832        22.273628973450688     
   1.6643227690264677        22.198009380027457     
   1.6555214946464756        22.122700331265793     
   1.6468034120359727        22.047700310301270     
   1.6381672429031591        21.973007798443472     
   1.6296117344662067        21.898621275567361     
   1.6211356590462331        21.824539222217503     
   1.6127378128509970        21.750760114688887     
   1.6044170162382585        21.677282432378824     
   1.5961721128823714        21.604104655377274     
   1.5880019692304062        21.531225265110994     
   1.5799054741462542        21.458642745879281     
   1.5718815384813574        21.386355585786657     
