   8088153109149712.35480332285417324773      
   8088153109149712.37531137385093678999      
   8088153109149712.61233721652480405540      
   8088153109149713.48217840979571590949      
   8088153109149712.99800652586310695073      
   8088153109149694.95071369057331683687      
   8088153109149598.76035281049272395934      
   8088153109149265.47703667949095805451      
   8088153109148364.75726776182958999324      
   8088153109146318.45346427451948554104      
   8088153109142229.48531207254423524948      
   8088153109134785.12007913464032739757      
   8088153109122065.96789394085267851757      
   8088153109101215.31743974857716914049      
   8088153109068004.26304724105546908094      
   8088153109016397.36845294650303619076      
   8088153108938230.97352289538940921243      
   8088153108823055.93651834016335685530      
   8088153108658173.85015761294250365935      
   8088153108428773.15680156504337446760      
   8088153108118164.25260795223988107353      
   8088153107707993.70644909659739446584      
   8088153107178505.58306155390624166655      
   8088153106508662.26276726443471700237      
   8088153105676362.09192661170329522249      
   8088153104658465.54776983024804775692      
   8088153103430942.68530679056072993979      
   8088153101968926.04101008427168807355      
   8088153100246507.43552925672071186435      
   8088153098237205.72953058929457659503      
   8088153095913687.05863899901769695569      
   8088153093247326.42400930744659578574      
   8088153090209198.26796911310730105963      
   8088153086769020.05690102977776044773      
   8088153082895659.85272203149739482075      
   8088153078557102.06918527928043247642      
   8088153073719366.11513613305034704499      
   8088153068347888.27476372469605815033      
   8088153062405935.22476074160896810164      
   8088153055855455.23975009103839580848      
   8088153048656039.35721646708143830942      
   8088153040764719.89864948945619550508      
   8088153032135878.42765577892314071782      
   8088153022719958.62018143573900167027      
   8088153012464039.68068976306816744194      
   8088153001309383.19400439290972702755      
   8088152989191667.18804538407470564477      
   8088152976038711.46308725373650881391      
   8088152961769513.67363965660064022666      
   8088152946292658.29962191421478491862      
   8088152929505975.98056552939445300321      
   8088152911300846.07210435935496946162      
   8088152891577830.67540942698236073639      
   8088152870281114.64570281915784227215      
   8088152847452058.71575268731630507270      
   8088152823262165.31448927140876865600      
   8088152797954761.91843760181582529550      
   8088152771702702.74047357478560884517      
   8088152744507430.40481678733305190548      
   8088152716215443.65123769758229706466      
   8088152686597136.79958742245761736753      
   8088152655413668.37395189748443056349      
   8088152622448713.77706091673414769486      
   8088152587515751.76584456154878986604      
   8088152550454516.79055736341565570162      
   8088152511124396.27899955335664775816      
   8088152469398664.37053954542459018387      
   8088152425159529.91944690662037881906      
   8088152378295031.71768098900961458612      
   8088152328696412.15898417021885234441      
   8088152276256558.52540991890387143178      
   8088152220868995.37878065440070798203      
   8088152162426855.97875314054530253207      
   8088152100822719.09341699909172700850      
   8088152035947833.20069863434410481831      
   8088151967692093.80170812693134446865      
   8088151895944034.40152572750791125453      
   8088151820590500.03732364435567030094      
   8088151741516474.54523334975931938336      
   8088151658605218.80359009727998303302      
   8088151571738230.70022867409778365502      
   8088151480795192.88462050270272362534      
   8088151385654068.09372517799429936659      
   8088151286190858.90998722239410090307      
   8088151182279750.20742042923578466775      
   8088151073793280.28583189121604197624      
   8088150960602005.97793858002725944558      
   8088150842574731.18969267690314783621      
   8088150719578379.95232444563497156004      
   8088150591478312.09264534988186707426      
   8088150458138030.47479136498986702301      
   8088150319419198.62866561564000991106      
   8088150175181594.02702681235652874391      
   8088150025283771.68152775094649451718      
   8088149869581797.86957103601943493056      
   8088149707930541.85420664704424372534      
   8088149540183000.47196707362407052701      
   8088149366190065.98589952198499932346      
   8088149185801562.62416373680356392224      
   8088148998865076.41022063961723228588      
   8088148805226381.11657899065952520481      
   8088148604730032.79714075145117406149      
   8088148397218414.15132850306921520611      
   8088148182532140.08766899625727204819      
   8088147960510043.31514688600079312705      
   8088147730990613.28855952053797268540      
   8088147493807948.20186871819724326680      
   8088147248796057.60437182201319631421      
   8088146995787754.47556011281863642352      
   8088146734613376.08817997907227616370      
   8088146465100567.33624388109277803492      
   8088146187076028.84966759111554903544      
   8088145900365760.21459900956462824376      
   8088145604792722.41460173428531390226      
   8088145300178111.44930962151345624558      
   8088144986342145.30759456584962236326      
   8088144663102356.00925889031811319863      
   8088144330275151.23415056136733719983      
   8088143987675039.49741514218563004108      
   8088143635114391.36612583241006955298      
   8088143272404499.51153795374717425572      
   8088142899353970.12216673502221085321      
   8088142515770411.06320377730378173940      
   8088142121459726.27705820440266293488      
   8088141716225114.18508554055721975363      
